 "time" "normal population" "cancer population" "cancer proportion"patch_inflammation:0.4
 1 10388 0 0
 2 10388 0 0
 3 10557 7 6.626277925028399E-4
 4 10561 7 6.623769871309614E-4
 5 10736 9 8.375988832014891E-4
 6 10742 9 8.371314296344527E-4
 7 10912 12 0.0010984987184181618
 8 10927 12 0.0010969924124691471
 9 11084 14 0.001261488556496666
 10 11102 16 0.0014391077531930203
 11 11275 17 0.0015054906128232376
 12 11290 18 0.0015917934205871948
 13 11466 20 0.0017412502176562773
 14 11485 20 0.001738374619730552
 15 11686 25 0.0021347451114336947
 16 11706 25 0.002131105617594408
 17 11893 30 0.0025161452654533256
 18 11911 30 0.0025123523992965414
 19 12085 34 0.0028055120059410845
 20 12104 34 0.0028011204481792717
 21 12291 38 0.0030821640035688215
 22 12316 39 0.0031566167543504654
 23 12481 42 0.003353828954723309
 24 12503 42 0.0033479473893981665
 25 12702 47 0.0036865636520511413
 26 12716 47 0.003682519783749902
 27 12900 51 0.0039379198517488995
 28 12917 56 0.004316657673629847
 29 13108 59 0.004480899217741323
 30 13126 61 0.00462576780162281
 31 13302 67 0.005011593986087217
 32 13314 71 0.005304445274561076
 33 13508 74 0.005448387571786188
 34 13530 74 0.005439576595119082
 35 13707 79 0.0057304511823589145
 36 13729 79 0.005721320973348784
 37 13905 88 0.006288858715071822
 38 13928 91 0.0064911905271417365
 39 14126 97 0.006819939534556704
 40 14144 101 0.00709020709020709
 41 14323 105 0.007277515941225395
 42 14352 110 0.007606140229567141
 43 14522 119 0.008127860118844341
 44 14547 122 0.008316858681573386
 45 14734 126 0.008479138627187079
 46 14755 130 0.008733624454148471
 47 14942 134 0.00888829928362961
 48 14963 137 0.009072847682119205
 49 15149 139 0.009092098377812663
 50 15165 144 0.00940623162845385
 51 15348 146 0.009423002452562283
 52 15369 149 0.009601752803196289
 53 15694 155 0.009779796832607735
 54 15725 157 0.009885404860848759
 55 16105 163 0.010019670518809934
 56 16150 169 0.010356026717323365
 57 16543 181 0.010822769672327195
 58 16605 186 0.011077362872967662
 59 16994 193 0.011229417583056962
 60 17058 199 0.011531552413513358
 61 17506 209 0.011797911374541349
 62 17565 216 0.012147798211574152
 63 17977 229 0.012578270899703394
 64 18069 235 0.012838723776223776
 65 18534 245 0.013046488098407796
 66 18605 251 0.01331141281289775
 67 19047 263 0.013619886069394096
 68 19112 269 0.013879572777462464
 69 19528 281 0.014185471250441718
 70 19610 284 0.014275661003317583
 71 20014 303 0.014913619136683565
 72 20080 307 0.015058615784568598
 73 20472 320 0.015390534821085032
 74 20544 325 0.015573338444582875
 75 20913 340 0.015997741495318307
 76 20976 347 0.016273507480185714
 77 21378 360 0.016560861164780567
 78 21453 369 0.01690954083035469
 79 21833 382 0.01719558856628404
 80 21891 390 0.017503702706341728
 81 22219 404 0.01785793219290103
 82 22271 413 0.018206665491095043
 83 22632 426 0.018475149622690607
 84 22686 431 0.018644287753601246
 85 23052 448 0.019063829787234043
 86 23105 455 0.01931239388794567
 87 23445 468 0.01957094467444486
 88 23523 473 0.019711618603100518
 89 23844 487 0.020015617935966463
 90 23903 494 0.020248391195638808
 91 24213 500 0.020232266418484197
 92 24271 505 0.020382628350016144
 93 24541 510 0.020358468723803442
 94 24587 520 0.02071135539889274
 95 24875 525 0.02066929133858268
 96 24935 526 0.020659047170181848
 97 25195 532 0.02067866443813892
 98 25270 538 0.020846249225046496
 99 25541 544 0.020854897450642132
 100 25605 555 0.02121559633027523
 101 25824 568 0.021521673234313428
 102 25888 571 0.021580558600098266
 103 26035 584 0.021939216349224237
 104 26084 591 0.022155576382380505
 105 26242 599 0.022316605193547185
 106 26278 610 0.022686700386789646
 107 26412 614 0.02271886331680604
 108 26455 622 0.02297152564907486
 109 26597 625 0.022959371096906912
 110 26630 629 0.02307494772368759
 111 26763 641 0.023390745876514376
 112 26794 653 0.023791306882355083
 113 26937 657 0.023809523809523808
 114 26987 665 0.0240488933892666
 115 27110 674 0.02425856608119781
 116 27156 679 0.024393748877312736
 117 27300 689 0.024616813748258245
 118 27336 694 0.024759186585800928
 119 27445 702 0.024940490993711584
 120 27483 705 0.02501064282673478
 121 27615 711 0.025100614276636304
 122 27654 717 0.025272285079835043
 123 27768 729 0.02558164017264975
 124 27799 734 0.025724599586443766
 125 27889 740 0.025847916448356562
 126 27928 747 0.026050566695727986
 127 28018 755 0.02623987766308692
 128 28048 762 0.026449149600833045
 129 28161 764 0.02641313742437338
 130 28192 768 0.026519337016574586
 131 28279 772 0.026573956146087915
 132 28319 779 0.02677159942264073
 133 28407 782 0.026790914385556204
 134 28426 784 0.026840123245463882
 135 28528 789 0.02691271276051438
 136 28557 797 0.0271513252026981
 137 28626 804 0.0273190621814475
 138 28658 810 0.027487444007058503
 139 28738 813 0.027511759331325505
 140 28759 823 0.027820972212832126
 141 28830 826 0.027852711087132453
 142 28853 831 0.027994879396307775
 143 28917 837 0.028130671506352088
 144 28945 842 0.028267364957867525
 145 29026 850 0.028450930512786184
 146 29048 857 0.028657415147968567
 147 29119 865 0.02884871931696905
 148 29149 876 0.029175686927560368
 149 29212 878 0.029179129278830176
 150 29239 886 0.02941078838174274
 151 29302 889 0.029445861349408763
 152 29325 894 0.02958403653330686
 153 29388 901 0.029746772755785928
 154 29407 903 0.02979214780600462
 155 29462 911 0.029993744444078624
 156 29479 916 0.030136535614410265
 157 29534 922 0.03027318098240084
 158 29551 924 0.030319934372436422
 159 29605 927 0.030361587842263855
 160 29624 932 0.030501374525461446
 161 29672 942 0.030770235839811852
 162 29695 942 0.03074713581616999
 163 29753 948 0.030878473013908343
 164 29775 950 0.030919446704637917
 165 29826 954 0.030994152046783626
 166 29845 958 0.03110086679868844
 167 29891 960 0.03111730575994295
 168 29908 962 0.031162941367023
 169 29961 968 0.031297487794626405
 170 29978 974 0.031468079607133624
 171 30028 978 0.03154228213894085
 172 30043 987 0.031807927811795034
 173 30093 1003 0.032254952405454076
 174 30113 1008 0.03238970470100575
 175 30175 1017 0.03260451397794306
 176 30198 1021 0.032704442807264804
 177 30251 1025 0.03277273308607239
 178 30264 1028 0.03285184711747412
 179 30302 1035 0.0330280499090532
 180 30321 1041 0.03319303615840827
 181 30367 1052 0.033482924345141475
 182 30380 1056 0.03359206005853162
 183 30431 1065 0.03381381762763525
 184 30450 1069 0.03391605063612424
 185 30497 1075 0.034049157481312556
 186 30510 1077 0.034096305442112264
 187 30563 1083 0.03422233457624976
 188 30577 1087 0.03432920667003537
 189 30608 1088 0.034326097930338216
 190 30621 1092 0.034433828398448586
 191 30660 1102 0.03469554813928594
 192 30671 1106 0.03480504767599207
 193 30709 1112 0.03494547625781717
 194 30718 1113 0.03496591373189658
 195 30763 1119 0.035098174518537105
 196 30777 1125 0.0352642467556893
 197 30807 1132 0.03544256238454554
 198 30824 1137 0.03557460655173493
 199 30854 1143 0.03572209894677626
 200 30866 1146 0.03579907534674497
 201 30901 1151 0.0359103956071384
 202 30920 1157 0.036069457867007514
 203 30951 1170 0.036424768842813114
 204 30957 1174 0.0365379228782173
 205 31001 1185 0.036817249735910024
 206 31015 1189 0.03692087939386412
 207 31046 1192 0.0369749984490353
 208 31056 1196 0.03708297159866055
 209 31084 1203 0.03725957815839192
 210 31096 1203 0.037245735162079324
 211 31123 1209 0.0373932945688482
 212 31131 1212 0.037473332714961505
 213 31153 1221 0.03771545067029097
 214 31162 1224 0.03779410856542951
 215 31191 1227 0.03784934295761614
 216 31195 1234 0.038052360541490644
 217 31221 1240 0.038199685776778285
 218 31233 1246 0.03836325010006466
 219 31271 1256 0.038614074461216834
 220 31285 1257 0.03862700510110011
 221 31316 1263 0.03876730409159274
 222 31319 1271 0.038999693157410247
 223 31344 1281 0.03926436781609195
 224 31358 1288 0.03945353182625743
 225 31388 1294 0.03959366011871979
 226 31394 1301 0.03979201712800123
 227 31421 1306 0.039905888104623095
 228 31429 1312 0.040072080877187624
 229 31448 1314 0.04010744154813503
 230 31455 1320 0.040274599542334096
 231 31483 1322 0.04029873494894071
 232 31496 1326 0.04039973188714886
 233 31524 1328 0.040423718495068796
 234 31531 1333 0.04056110029211295
 235 31551 1338 0.04068229499224665
 236 31564 1346 0.0408994226678821
 237 31587 1360 0.04127841685130664
 238 31594 1367 0.04147325627256455
 239 31627 1377 0.041722215489031635
 240 31634 1378 0.04174239670422877
 241 31658 1382 0.04182808716707022
 242 31668 1387 0.04196036908183331
 243 31687 1391 0.04205211923332729
 244 31690 1401 0.04233779577528633
 245 31716 1404 0.042391304347826085
 246 31722 1411 0.04258594150846588
 247 31751 1415 0.04266417415425436
 248 31751 1424 0.04292388847023361
 249 31777 1429 0.0430343913750527
 250 31786 1436 0.04322436939377521
 251 31822 1442 0.04335016835016835
 252 31822 1449 0.043551441195034714
 253 31843 1458 0.04378246899492508
 254 31849 1461 0.04386070249174422
 255 31870 1463 0.04389043890438905
 256 31877 1468 0.044024591393012444
 257 31899 1474 0.04416744074551284
 258 31906 1480 0.04432995866530881
 259 31918 1482 0.04437125748502994
 260 31930 1488 0.04452690166975881
 261 31944 1493 0.04465113497024255
 262 31949 1499 0.04481583353264769
 263 31966 1503 0.0449072275837342
 264 31973 1509 0.04506899229436712
 265 31985 1515 0.045223880597014925
 266 31986 1519 0.04533651693777048
 267 32000 1527 0.04554538133444686
 268 32005 1530 0.04562397495154316
 269 32026 1534 0.04570917759237187
 270 32025 1539 0.04585269932070075
 271 32038 1546 0.04603382563125298
 272 32037 1551 0.0461772061450518
 273 32054 1556 0.04629574531389467
 274 32058 1559 0.04637534580718089
 275 32074 1565 0.046523380599898925
 276 32071 1572 0.04672591623814761
 277 32092 1579 0.0468949541148169
 278 32097 1585 0.047057775666528114
 279 32102 1592 0.04724876832670505
 280 32105 1594 0.04730110685777026
 281 32119 1598 0.047394489426698695
 282 32116 1603 0.04753996263234378
 283 32127 1610 0.04772208554406142
 284 32121 1615 0.04787170974626512
 285 32133 1622 0.04805214042364094
 286 32136 1628 0.048217035896220825
 287 32149 1630 0.04825483288433642
 288 32151 1636 0.04842099032172137
 289 32154 1641 0.048557478916999554
 290 32145 1645 0.04868304232021308
 291 32156 1654 0.048920437740313516
 292 32151 1658 0.049040196397408975
 293 32160 1666 0.04925205463253119
 294 32161 1674 0.049475395300724104
 295 32160 1680 0.04964539007092199
 296 32149 1685 0.049801974345333094
 297 32153 1690 0.04993647135301244
 298 32149 1695 0.05008273253752511
 299 32168 1697 0.05011073379595452
 300 32166 1704 0.05031000885739593
 301 32181 1707 0.05037181303116147
 302 32178 1708 0.05040429675972378
 303 32191 1710 0.05044098994129967
 304 32187 1716 0.05061498982390939
 305 32198 1719 0.05068254857446119
 306 32183 1724 0.050844958268204204
 307 32197 1726 0.05087993396810424
 308 32187 1732 0.051062826144638696
 309 32190 1741 0.05131001149391412
 310 32180 1752 0.05163267711894377
 311 32182 1756 0.0517414108079439
 312 32182 1760 0.051853161275116376
 313 32190 1764 0.05195264180950698
 314 32181 1769 0.0521060382916053
 315 32187 1775 0.052264295388964134
 316 32183 1778 0.05235417096080799
 317 32185 1784 0.052518472725131736
 318 32183 1786 0.052577349936707
 319 32193 1795 0.0528127574438037
 320 32182 1800 0.05296921899829322
 321 32188 1809 0.05321057740388858
 322 32185 1815 0.05338235294117647
 323 32185 1823 0.053605034109621266
 324 32166 1830 0.0538298623367455
 325 32170 1833 0.05390700820515837
 326 32161 1843 0.054199505940477594
 327 32165 1850 0.05438777010142584
 328 32142 1855 0.054563637968056
 329 32142 1863 0.05478606087340097
 330 32123 1871 0.05503912455139142
 331 32122 1875 0.05515192516986793
 332 32110 1881 0.0553381777529346
 333 32113 1887 0.0555
 334 32091 1896 0.055786035837231886
 335 32085 1907 0.056101435631913395
 336 32067 1912 0.05627004914800318
 337 32064 1920 0.05649717514124294
 338 32047 1923 0.05660877244627613
 339 32045 1927 0.05672318379842223
 340 32025 1938 0.057062096987898596
 341 32025 1940 0.05711762108052407
 342 32014 1941 0.05716389338830805
 343 32003 1945 0.05729350771768587
 344 31977 1951 0.057504126385286486
 345 31966 1957 0.05768947321876013
 346 31953 1967 0.05798938679245283
 347 31955 1973 0.05815255835887762
 348 31929 1979 0.058363807950926036
 349 31924 1982 0.05845573054916534
 350 31893 1990 0.058731517280051944
 351 31881 1996 0.05891903061073885
 352 31855 1998 0.05901988006971317
 353 31854 2003 0.05916058717547332
 354 31841 2012 0.05943343278291437
 355 31831 2022 0.05972882757805807
 356 31809 2025 0.05985103741798191
 357 31800 2035 0.06014482045219447
 358 31790 2043 0.060384831377649044
 359 31786 2047 0.060503059143439834
 360 31761 2050 0.06063115554109609
 361 31759 2059 0.060884735939440535
 362 31734 2064 0.061068702290076333
 363 31731 2071 0.06126856399029643
 364 31715 2081 0.06157533435909575
 365 31707 2090 0.06183980826700595
 366 31693 2099 0.062115293560606064
 367 31679 2102 0.06222432728456825
 368 31653 2104 0.062327813490535296
 369 31646 2109 0.062479632647015254
 370 31615 2115 0.06270382448858583
 371 31606 2126 0.06302620656942962
 372 31574 2132 0.06325283332344389
 373 31559 2139 0.06347557718558965
 374 31530 2147 0.06375270956439112
 375 31520 2155 0.06399406087602079
 376 31487 2162 0.06425153793574846
 377 31471 2167 0.06442119032047089
 378 31437 2170 0.06456988127473443
 379 31420 2175 0.06474177705015627
 380 31389 2184 0.06505227414886963
 381 31374 2193 0.06533202252211993
 382 31350 2197 0.0654902077682058
 383 31338 2209 0.06584791486571079
 384 31312 2215 0.06606615563575625
 385 31303 2223 0.06630674700232655
 386 31288 2230 0.06653141595560594
 387 31273 2234 0.06667263556868715
 388 31243 2241 0.06692748775534584
 389 31239 2252 0.06724194559732466
 390 31222 2263 0.06758249962669852
 391 31197 2271 0.06785586231624238
 392 31165 2276 0.06806016566490236
 393 31144 2279 0.06818657810489782
 394 31121 2283 0.06834510837025506
 395 31098 2291 0.06861541226152326
 396 31071 2295 0.06878259305880237
 397 31049 2302 0.069023417588678
 398 31025 2312 0.0693523712391637
 399 30997 2315 0.06949447646493756
 400 30958 2325 0.069855481777484
 401 30948 2338 0.07023974043141261
 402 30917 2346 0.07052881580134084
 403 30902 2353 0.07075627725154113
 404 30876 2357 0.0709234796738182
 405 30863 2367 0.07123081552813723
 406 30830 2375 0.07152537268483662
 407 30803 2386 0.07189128928259363
 408 30766 2396 0.07225137205234908
 409 30746 2405 0.07254683116648065
 410 30717 2420 0.07303014756918248
 411 30700 2427 0.07326350107163342
 412 30668 2437 0.07361425766500529
 413 30656 2448 0.07394876752054133
 414 30623 2461 0.07438641034941361
 415 30602 2475 0.07482540738277353
 416 30581 2485 0.07515272485332365
 417 30570 2491 0.07534557333413992
 418 30548 2498 0.07559159958845246
 419 30529 2512 0.0760267546381768
 420 30495 2526 0.07649677477968565
 421 30477 2532 0.07670635281286922
 422 30448 2542 0.07705365262200667
 423 30436 2554 0.07741739921188238
 424 30408 2556 0.07753913360029123
 425 30388 2564 0.07781014809419762
 426 30363 2578 0.07826113354178683
 427 30341 2589 0.07862131794716064
 428 30308 2598 0.07895216677809518
 429 30285 2608 0.07928738637400055
 430 30248 2620 0.07971279055616405
 431 30223 2633 0.08013757000243486
 432 30199 2645 0.08053221288515407
 433 30168 2662 0.08108437404812671
 434 30141 2675 0.08151511457825451
 435 30116 2687 0.0819132396427156
 436 30086 2697 0.08226824878748132
 437 30067 2710 0.08267992799829149
 438 30048 2724 0.08311973636030758
 439 30029 2733 0.08341981564007081
 440 29996 2739 0.08367191079883916
 441 29968 2746 0.08393959772574433
 442 29935 2752 0.08419249242818246
 443 29913 2756 0.08436132113012336
 444 29880 2766 0.08472707222936961
 445 29862 2774 0.08499816153940434
 446 29828 2785 0.08539539447459601
 447 29814 2798 0.08579663927388691
 448 29775 2809 0.08620795482445372
 449 29758 2820 0.0865614832095279
 450 29727 2831 0.08695251551078076
 451 29711 2845 0.08738788548961789
 452 29686 2857 0.0877915373505823
 453 29660 2870 0.08822625268982477
 454 29629 2882 0.08864691950416782
 455 29604 2893 0.08902360217866265
 456 29574 2909 0.0895545362189453
 457 29542 2922 0.09000739280433712
 458 29504 2931 0.09036534607676892
 459 29485 2945 0.09081097748997842
 460 29457 2953 0.09111385374884295
 461 29438 2966 0.09153190964078509
 462 29403 2974 0.09185532940050035
 463 29387 2989 0.09232147269582407
 464 29362 2999 0.09267327956490838
 465 29339 3009 0.09301966118461728
 466 29321 3019 0.09335188620902907
 467 29286 3030 0.09376160415893056
 468 29251 3041 0.09417193112845287
 469 29229 3051 0.09451672862453532
 470 29194 3071 0.09518053618472029
 471 29174 3091 0.09580040291337362
 472 29140 3108 0.09637806995782684
 473 29122 3120 0.09676819055889833
 474 29084 3131 0.0971907496507838
 475 29049 3141 0.09757688723205965
 476 29020 3151 0.09794535451182743
 477 28997 3167 0.09846412137793807
 478 28967 3180 0.09892058356922885
 479 28951 3192 0.09930622530566531
 480 28919 3212 0.0999657651489216
 481 28894 3220 0.10026779597683254
 482 28842 3234 0.10082304526748971
 483 28834 3251 0.10132460651394733
 484 28794 3264 0.10181545947969306
 485 28764 3285 0.10249929795001404
 486 28731 3298 0.10296918417683974
 487 28713 3310 0.1033632076944696
 488 28674 3328 0.10399350040622461
 489 28646 3342 0.10447667875453295
 490 28608 3354 0.1049371128214755
 491 28586 3362 0.10523350444472268
 492 28556 3374 0.1056686501722518
 493 28533 3384 0.10602500234984491
 494 28510 3395 0.10640965365930105
 495 28482 3405 0.10678332862922194
 496 28456 3420 0.10729075166269293
 497 28430 3438 0.10788251537592569
 498 28391 3459 0.10860282574568289
 499 28371 3474 0.10909090909090909
 500 28333 3488 0.10961314854969989
 501 28309 3496 0.10991982392705549
 502 28271 3505 0.11030337361530715
 503 28245 3513 0.11061779709049688
 504 28208 3532 0.11127914303717706
 505 28184 3539 0.11155943637108723
 506 28142 3553 0.1120997002681811
 507 28110 3562 0.11246526900732508
 508 28068 3577 0.11303523463422342
 509 28050 3597 0.11366006256517205
 510 28019 3604 0.11396768175062455
 511 27996 3610 0.11421881921154212
 512 27956 3623 0.11472814211976314
 513 27940 3640 0.11526282457251424
 514 27913 3654 0.11575379351854785
 515 27892 3667 0.11619506321493077
 516 27867 3685 0.11679132860040568
 517 27845 3698 0.1172367878768665
 518 27812 3711 0.11772356691939219
 519 27787 3723 0.11815296731196445
 520 27749 3738 0.1187156604312891
 521 27735 3754 0.11921623424052843
 522 27704 3773 0.11986529847190011
 523 27675 3784 0.12028354366000191
 524 27646 3804 0.12095389507154213
 525 27615 3822 0.12157648630594522
 526 27576 3841 0.12225864977559919
 527 27558 3860 0.12285950728881533
 528 27521 3871 0.12331167176350663
 529 27501 3891 0.12394877675840979
 530 27468 3904 0.12444217773811042
 531 27448 3922 0.12502390819254064
 532 27411 3929 0.1253669432035737
 533 27388 3944 0.12587769692327333
 534 27354 3965 0.1266004661706951
 535 27325 3984 0.127247756236226
 536 27286 3999 0.1278248361834745
 537 27259 4014 0.12835353180059475
 538 27228 4029 0.12889912659564257
 539 27202 4041 0.12934097237781264
 540 27170 4054 0.1298360235716116
 541 27150 4068 0.13030943686334806
 542 27121 4083 0.13084860915267274
 543 27106 4102 0.13144065624198922
 544 27079 4117 0.13197204769842288
 545 27055 4138 0.1326579681338762
 546 27024 4158 0.1333461612468732
 547 26991 4172 0.1338767127683471
 548 26959 4187 0.13443138765812623
 549 26929 4202 0.13497799620956602
 550 26891 4220 0.1356433415833628
 551 26859 4238 0.136283242756536
 552 26814 4262 0.1371476380486549
 553 26795 4279 0.13770354637317372
 554 26766 4294 0.13824855119124277
 555 26753 4311 0.13877800669585372
 556 26721 4333 0.1395311393057255
 557 26692 4348 0.14007731958762887
 558 26662 4372 0.14087774698717537
 559 26632 4384 0.141346401857106
 560 26610 4401 0.14191738415400987
 561 26583 4421 0.14259450393497614
 562 26563 4443 0.14329484615880797
 563 26537 4469 0.14413339353673482
 564 26524 4483 0.14458025607120972
 565 26515 4505 0.14522888459058672
 566 26477 4522 0.14587567340881963
 567 26449 4532 0.14628320583583487
 568 26419 4548 0.14686601866503052
 569 26391 4563 0.147412289203334
 570 26367 4589 0.14824266701124175
 571 26340 4605 0.14881240911294233
 572 26320 4626 0.1494862017708266
 573 26309 4642 0.1499789990630351
 574 26286 4663 0.15066722672784258
 575 26267 4688 0.1514456469068002
 576 26235 4705 0.15206851971557853
 577 26208 4725 0.15274949083503056
 578 26177 4746 0.15347799372635254
 579 26151 4762 0.15404522369229773
 580 26123 4785 0.15481428756309046
 581 26096 4813 0.15571516386812903
 582 26058 4837 0.15656255057452662
 583 26030 4852 0.15711417654297002
 584 25999 4873 0.15784529670899197
 585 25977 4889 0.15839434976997344
 586 25952 4911 0.15912257395586948
 587 25922 4932 0.15984961431256886
 588 25897 4952 0.16052384193977115
 589 25876 4976 0.1612861402826397
 590 25843 5002 0.16216566704490193
 591 25825 5028 0.16296632418241339
 592 25795 5051 0.16374894637878493
 593 25787 5071 0.1643333981463478
 594 25763 5096 0.1651382092744418
 595 25745 5116 0.1657755743495026
 596 25727 5134 0.1663588347752827
 597 25706 5162 0.1672281974860697
 598 25683 5178 0.16778458248274522
 599 25674 5187 0.16807621269563527
 600 25647 5210 0.16884337427488091
 601 25623 5240 0.16978258756439749
 602 25593 5258 0.17043207675602087
 603 25576 5278 0.17106371945290724
 604 25553 5297 0.17170178282009724
 605 25530 5328 0.17266187050359713
 606 25506 5354 0.17349319507453015
 607 25481 5382 0.174383566082364
 608 25452 5408 0.17524303305249514
 609 25426 5425 0.17584519140384428
 610 25404 5448 0.17658498638661999
 611 25383 5462 0.17707894310260983
 612 25345 5479 0.17775110303659486
 613 25327 5504 0.17852161785216178
 614 25283 5526 0.17936317309876984
 615 25265 5549 0.18008048289738432
 616 25226 5575 0.18100061686308885
 617 25200 5603 0.18189786709086778
 618 25176 5634 0.18286270691333983
 619 25157 5654 0.1835058907533024
 620 25126 5672 0.18416780310409767
 621 25101 5684 0.18463537437063504
 622 25081 5710 0.18544379851255238
 623 25058 5729 0.1860850358917725
 624 25025 5752 0.18689280956558468
 625 25002 5767 0.18742890571679288
 626 24970 5784 0.1880730961826104
 627 24948 5801 0.18865654167615206
 628 24928 5823 0.18935969561965466
 629 24902 5848 0.1901788617886179
 630 24879 5858 0.19058463740768455
 631 24843 5881 0.19141387840124985
 632 24812 5901 0.19213362419822225
 633 24791 5921 0.1927910914300599
 634 24768 5947 0.1936187530522546
 635 24738 5976 0.19456925180699355
 636 24710 6001 0.19540229885057472
 637 24684 6021 0.19609184171958965
 638 24663 6043 0.19680192796196183
 639 24636 6072 0.19773348964439233
 640 24608 6100 0.198645304155269
 641 24587 6123 0.19938130901986323
 642 24562 6147 0.20016933146634538
 643 24541 6171 0.20093123209169053
 644 24514 6192 0.20165439979157168
 645 24476 6217 0.20255432834848336
 646 24456 6236 0.20317998175420304
 647 24431 6259 0.2039426523297491
 648 24409 6281 0.20465949820788532
 649 24381 6310 0.20559773223420547
 650 24349 6330 0.20633006290948205
 651 24323 6353 0.20710001303950973
 652 24303 6378 0.20788109905153027
 653 24279 6404 0.20871492357331423
 654 24258 6425 0.2093993416549881
 655 24217 6459 0.21055548311383493
 656 24198 6480 0.2112262859378056
 657 24169 6498 0.21188900120650864
 658 24145 6527 0.2127999478351591
 659 24122 6547 0.21347288793243993
 660 24093 6577 0.21444408216498206
 661 24062 6607 0.21542926081711175
 662 24026 6627 0.21619417349035983
 663 24000 6658 0.21717006980233544
 664 23970 6686 0.21809759916492694
 665 23941 6711 0.21894166775414328
 666 23912 6739 0.21986232096832078
 667 23893 6768 0.22073644042920976
 668 23858 6799 0.22177642952669863
 669 23833 6826 0.22264261717603315
 670 23805 6850 0.22345457511009623
 671 23787 6866 0.22399112648027925
 672 23769 6889 0.22470480788048797
 673 23742 6915 0.22556023094236227
 674 23712 6940 0.22641263212840923
 675 23680 6972 0.22745660968289183
 676 23657 7005 0.2284586784945535
 677 23638 7020 0.22897775458281688
 678 23602 7051 0.23002642481975663
 679 23577 7081 0.23096744732206928
 680 23552 7096 0.23153223701383452
 681 23519 7126 0.23253385544134442
 682 23496 7157 0.23348448765210583
 683 23463 7194 0.23466092572658773
 684 23441 7223 0.23555309157318027
 685 23410 7253 0.2365391514202785
 686 23384 7283 0.23748654905924935
 687 23359 7320 0.23859969360148636
 688 23331 7346 0.2394627897121622
 689 23304 7374 0.2403676902014473
 690 23273 7408 0.24145236465565006
 691 23251 7436 0.24231759376934858
 692 23222 7471 0.24341054963672498
 693 23190 7495 0.24425615121394817
 694 23157 7526 0.24528240393703354
 695 23135 7564 0.24639239063161666
 696 23104 7583 0.24710789585166357
 697 23074 7617 0.24818350656544264
 698 23042 7648 0.2492016943629847
 699 23017 7671 0.24996741397288844
 700 22996 7710 0.25109099198853646
 701 22969 7744 0.2521407872887702
 702 22930 7770 0.2530944625407166
 703 22901 7794 0.25391757615246785
 704 22877 7830 0.25499071872862866
 705 22853 7857 0.25584500162813417
 706 22841 7882 0.25655046707678286
 707 22815 7910 0.25744507729861676
 708 22789 7928 0.25809812156135037
 709 22774 7955 0.25887598034430015
 710 22753 7978 0.25960756239627736
 711 22732 8013 0.2606277443486746
 712 22701 8045 0.2616600533402719
 713 22667 8072 0.2625980025374931
 714 22634 8097 0.2634798737431258
 715 22608 8131 0.2645173883340382
 716 22574 8160 0.26550400208238434
 717 22537 8189 0.2665169563236347
 718 22498 8223 0.26766706812929264
 719 22474 8252 0.2685673371086376
 720 22452 8293 0.26973491624654417
 721 22420 8313 0.27049100315621644
 722 22388 8335 0.27129512091918107
 723 22361 8372 0.2724107636742264
 724 22317 8420 0.27393694895402937
 725 22288 8450 0.2749040275880018
 726 22256 8475 0.2757801568448798
 727 22222 8499 0.27665115067868884
 728 22193 8535 0.27775969799531375
 729 22165 8576 0.2789759604437071
 730 22132 8605 0.2799557536519504
 731 22107 8629 0.2807457053617907
 732 22082 8660 0.28169930388393727
 733 22057 8697 0.282792482278728
 734 22024 8724 0.28372577078183947
 735 21987 8765 0.28502211238293446
 736 21958 8789 0.2858490259212281
 737 21931 8814 0.28668076109936574
 738 21897 8839 0.28757808433107757
 739 21881 8880 0.2886772211566594
 740 21866 8909 0.28948822095857024
 741 21841 8944 0.29053110280981
 742 21816 8973 0.29143525285004385
 743 21783 9005 0.29248408470832793
 744 21754 9033 0.2934030597330042
 745 21734 9074 0.2945338873019995
 746 21705 9104 0.2954980687461456
 747 21686 9144 0.2965942264028544
 748 21653 9174 0.29759626301618713
 749 21620 9205 0.2986212489862125
 750 21596 9239 0.2996270471866386
 751 21560 9275 0.300794551645857
 752 21529 9306 0.30179990270796175
 753 21492 9337 0.30286418631807716
 754 21465 9370 0.3038754661910167
 755 21428 9400 0.30491760736992346
 756 21388 9430 0.30599000584074243
 757 21349 9461 0.3070756247971438
 758 21329 9486 0.3078370923251663
 759 21300 9516 0.3088006230529595
 760 21280 9566 0.3101212474875186
 761 21241 9587 0.31098352147398467
 762 21216 9618 0.31192839073749756
 763 21190 9657 0.3130612377216585
 764 21158 9690 0.31412085062240663
 765 21124 9720 0.3151342238360783
 766 21097 9746 0.315987420160166
 767 21080 9780 0.3169151004536617
 768 21046 9800 0.31770732023601117
 769 21021 9827 0.31856198132780084
 770 20984 9858 0.3196290772323455
 771 20952 9897 0.32082077214820576
 772 20915 9924 0.32180031777943513
 773 20881 9963 0.3230125794319803
 774 20861 9999 0.3240116655865198
 775 20823 10033 0.32515556131708584
 776 20799 10071 0.3262390670553936
 777 20774 10105 0.3272450532724505
 778 20741 10137 0.32829198782304553
 779 20715 10173 0.32935120435120435
 780 20683 10214 0.3305822571770722
 781 20659 10242 0.3314455842852982
 782 20623 10280 0.3326537876581562
 783 20590 10317 0.3338078752386191
 784 20560 10342 0.3346708950876966
 785 20532 10379 0.3357704377082592
 786 20503 10418 0.33692312667766244
 787 20460 10450 0.33807829181494664
 788 20416 10486 0.3393307876512847
 789 20379 10512 0.3402932893075653
 790 20350 10546 0.3413386846193682
 791 20324 10578 0.3423079412335771
 792 20294 10612 0.3433637481395198
 793 20266 10637 0.344206064136168
 794 20228 10683 0.34560512438937596
 795 20194 10711 0.3465782235884161
 796 20165 10758 0.3478963878019597
 797 20127 10795 0.34910419765862494
 798 20087 10821 0.35010353306587294
 799 20048 10850 0.3511554145899411
 800 20011 10888 0.3523738632318198
 801 19981 10918 0.35334476843910806
 802 19950 10943 0.35422263943288124
 803 19920 10974 0.35521460477762673
 804 19885 11016 0.35649331736837
 805 19849 11056 0.35774146578223587
 806 19818 11098 0.3589727002199508
 807 19792 11127 0.35987580452149165
 808 19756 11156 0.36089544513457555
 809 19726 11190 0.3619485056281537
 810 19688 11223 0.3630746336255702
 811 19652 11266 0.36438320719322076
 812 19610 11297 0.36551590254634875
 813 19587 11330 0.3664650515897403
 814 19553 11379 0.36787145997672316
 815 19518 11413 0.3689825741165821
 816 19472 11456 0.37040869115364716
 817 19437 11497 0.37166224865843406
 818 19408 11528 0.3726402896302043
 819 19367 11568 0.37394536932277356
 820 19335 11600 0.3749797963471796
 821 19297 11645 0.37634929868786765
 822 19261 11678 0.37745240634797506
 823 19228 11710 0.3784989333505721
 824 19188 11735 0.37949099375869094
 825 19144 11770 0.3807336481852882
 826 19104 11807 0.38196758435508393
 827 19079 11844 0.3830158781489506
 828 19053 11882 0.38409568449975756
 829 19020 11918 0.3852220570172603
 830 18994 11963 0.3864392544497206
 831 18949 12016 0.38805102535120295
 832 18910 12053 0.3892710654652327
 833 18870 12083 0.3903660388330695
 834 18831 12122 0.39162601363357347
 835 18793 12152 0.39269671998707384
 836 18771 12188 0.39368196647178527
 837 18743 12218 0.3946254965924873
 838 18716 12250 0.395595168894917
 839 18673 12284 0.3968084762735407
 840 18643 12314 0.3977775624252996
 841 18609 12353 0.3989729345649506
 842 18569 12390 0.4002067250234181
 843 18531 12417 0.40122140364482356
 844 18494 12455 0.4024362661152218
 845 18463 12507 0.4038424281562803
 846 18422 12544 0.405089452948395
 847 18386 12596 0.40655864695629723
 848 18342 12632 0.40782591851230066
 849 18298 12668 0.4090938448621068
 850 18260 12709 0.4103781200555394
 851 18212 12757 0.41192805708934743
 852 18185 12799 0.41308417247611673
 853 18141 12832 0.4142963226035579
 854 18110 12866 0.4153538223140496
 855 18068 12907 0.4166908797417272
 856 18028 12945 0.417944661479353
 857 17998 12983 0.41906329685936544
 858 17951 13024 0.4204681194511703
 859 17924 13062 0.42154521396759825
 860 17880 13092 0.42270437814800466
 861 17849 13146 0.4241329246652686
 862 17811 13185 0.4253774680603949
 863 17781 13218 0.4264008516403755
 864 17742 13262 0.4277512579022062
 865 17707 13308 0.42908270191842657
 866 17665 13351 0.4304552489037916
 867 17630 13392 0.4316936367739024
 868 17581 13422 0.432925845885882
 869 17537 13455 0.4341442953020134
 870 17501 13504 0.43554265441057893
 871 17460 13540 0.4367741935483871
 872 17422 13592 0.438253691881086
 873 17381 13627 0.4394672342621259
 874 17350 13661 0.44052110541420786
 875 17319 13700 0.44166478609884263
 876 17286 13731 0.4426927168971854
 877 17249 13772 0.4439573192353567
 878 17208 13810 0.4452253530208266
 879 17170 13852 0.4465218232222294
 880 17129 13885 0.4477010382407945
 881 17095 13910 0.44863731656184486
 882 17052 13956 0.45007739938080493
 883 17013 13990 0.4512466535496565
 884 16973 14030 0.4525368512724575
 885 16918 14085 0.4543108731413089
 886 16887 14127 0.4555039659508609
 887 16856 14177 0.45683627106628427
 888 16830 14215 0.45788371718473186
 889 16787 14251 0.4591468522456344
 890 16749 14281 0.4602320335159523
 891 16711 14313 0.46135250128932437
 892 16666 14358 0.4628029912325941
 893 16629 14392 0.4639437800199865
 894 16596 14433 0.4651455090399304
 895 16559 14465 0.46625193398659104
 896 16522 14500 0.4674102250016118
 897 16494 14546 0.46862113402061856
 898 16452 14580 0.46983758700696054
 899 16409 14612 0.4710357499758228
 900 16365 14647 0.4723010447568683
 901 16323 14686 0.4736044374213938
 902 16284 14721 0.4747943880019352
 903 16243 14753 0.47596464059878696
 904 16214 14780 0.4768664902884429
 905 16171 14822 0.4782370212628658
 906 16124 14862 0.4796359646291874
 907 16078 14890 0.480818909842418
 908 16047 14922 0.4818366753850625
 909 16000 14965 0.48328758275472306
 910 15953 15006 0.4847055783455538
 911 15918 15040 0.4858194973835519
 912 15882 15069 0.48686633711350197
 913 15835 15109 0.4882691313340228
 914 15789 15139 0.4894917227108122
 915 15743 15186 0.49099550583594687
 916 15700 15228 0.4923693740300052
 917 15667 15264 0.493485499983835
 918 15639 15308 0.4946521472194397
 919 15593 15344 0.495975692536445
 920 15544 15380 0.4973483378605614
 921 15504 15414 0.49854453716281777
 922 15457 15455 0.4999676501035197
 923 15421 15486 0.50105154172194
 924 15379 15528 0.5024104571779856
 925 15337 15573 0.5038175347783889
 926 15296 15617 0.5051919904247404
 927 15264 15657 0.5063549044338799
 928 15222 15693 0.5076176613294517
 929 15173 15735 0.5090914973469652
 930 15131 15771 0.5103553168079736
 931 15100 15813 0.5115323650244233
 932 15055 15851 0.5128777583640717
 933 15007 15892 0.5143208518075019
 934 14976 15932 0.5154652517147664
 935 14940 15965 0.5165830771719786
 936 14904 16003 0.5177791438832627
 937 14869 16039 0.5189271386048919
 938 14820 16070 0.5202330851408222
 939 14794 16112 0.5213227205073449
 940 14758 16161 0.5226883146285456
 941 14724 16196 0.5238033635187581
 942 14694 16245 0.5250654513720547
 943 14652 16276 0.5262545266425246
 944 14614 16324 0.5276359169952809
 945 14574 16372 0.5290506042784204
 946 14534 16407 0.5302672828932484
 947 14499 16451 0.531534733441034
 948 14460 16484 0.5327042399172699
 949 14423 16527 0.5339903069466883
 950 14375 16570 0.535466149620294
 951 14332 16616 0.5369006074705959
 952 14280 16653 0.538357094365241
 953 14234 16695 0.5397846681108345
 954 14182 16732 0.5412434495697742
 955 14135 16789 0.5429116543784762
 956 14098 16827 0.544122877930477
 957 14046 16870 0.5456721438737223
 958 14005 16905 0.5469103849886768
 959 13973 16942 0.5480187611191978
 960 13933 16978 0.5492543107631588
 961 13894 17020 0.5505596170020056
 962 13840 17067 0.5522050021030834
 963 13802 17110 0.553506728778468
 964 13761 17151 0.5548330745341615
 965 13711 17197 0.5563931668176524
 966 13674 17241 0.5576904415332363
 967 13639 17272 0.5587654880139756
 968 13599 17321 0.5601875808538163
 969 13557 17358 0.5614750121300339
 970 13512 17404 0.5629447535256825
 971 13471 17449 0.564327296248383
 972 13424 17495 0.5658333063811896
 973 13383 17533 0.5671173502393583
 974 13339 17577 0.5685405615215422
 975 13298 17613 0.569797159587202
 976 13260 17651 0.5710264954223415
 977 13223 17688 0.5722234803144511
 978 13181 17730 0.5735822199217108
 979 13148 17781 0.5748973455333183
 980 13109 17811 0.5760349288486416
 981 13067 17864 0.5775435647085448
 982 13029 17903 0.5787857235225656
 983 12977 17934 0.5801818122998286
 984 12931 17966 0.5814804026280869
 985 12899 18007 0.5826376755322591
 986 12870 18040 0.5836298932384342
 987 12834 18088 0.5849556949744519
 988 12773 18133 0.586714553808322
 989 12734 18165 0.5878831030130425
 990 12696 18203 0.5891129162756076
 991 12663 18232 0.5901278524033015
 992 12618 18260 0.5913595440119178
 993 12566 18309 0.5930040485829959
 994 12531 18352 0.5942427872939805
 995 12489 18387 0.5955110765643218
 996 12436 18435 0.5971623854102556
 997 12395 18469 0.5983994297563504
 998 12353 18519 0.5998639543923296
 999 12313 18572 0.6013275052614537
 1000 12272 18611 0.6026292782436939
 1001 12230 18646 0.6038994688431144
 1002 12185 18692 0.6053696926514882
 1003 12132 18744 0.6070734551107656
 1004 12105 18766 0.607884422273331
 1005 12060 18810 0.60932944606414
 1006 12020 18865 0.610814311154282
 1007 11981 18913 0.6121900692691138
 1008 11946 18956 0.6134230794123358
 1009 11913 18994 0.6145533374316497
 1010 11866 19038 0.6160367589955993
 1011 11818 19075 0.6174537921211926
 1012 11773 19121 0.6189227681750502
 1013 11732 19151 0.6201146261697374
 1014 11697 19196 0.6213705370148578
 1015 11658 19223 0.6224863184482368
 1016 11612 19265 0.6239271949995142
 1017 11572 19302 0.625186240849906
 1018 11532 19341 0.6264697308327665
 1019 11493 19375 0.6276726707269664
 1020 11451 19413 0.6289852255054432
 1021 11412 19450 0.6302248720108872
 1022 11382 19484 0.6312447353074581
 1023 11333 19529 0.6327846542673838
 1024 11297 19561 0.6339036878605224
 1025 11263 19604 0.6351119318365892
 1026 11228 19648 0.6363518590490996
 1027 11183 19692 0.6377975708502024
 1028 11142 19732 0.6391138174515774
 1029 11099 19772 0.6404716400505328
 1030 11065 19823 0.6417702667702667
 1031 11024 19853 0.6429704958383262
 1032 10970 19896 0.6445927557830623
 1033 10929 19933 0.6458751863132655
 1034 10892 19976 0.6471426720228068
 1035 10852 20029 0.6485865095042259
 1036 10813 20059 0.6497473438714693
 1037 10770 20095 0.6510610724121173
 1038 10726 20126 0.6523402048489563
 1039 10684 20170 0.6537239904064303
 1040 10638 20221 0.6552707475938948
 1041 10597 20258 0.6565548533462972
 1042 10562 20303 0.6578000971974729
 1043 10515 20334 0.6591461635709424
 1044 10477 20383 0.66049902786779
 1045 10423 20424 0.6621065257561514
 1046 10386 20467 0.6633714711697404
 1047 10350 20513 0.6646469883031462
 1048 10306 20558 0.6660834629341628
 1049 10265 20591 0.667325641690433
 1050 10222 20618 0.6685473411154345
 1051 10174 20662 0.6700609677000908
 1052 10130 20693 0.6713493170684229
 1053 10091 20729 0.6725827384815055
 1054 10038 20774 0.6742178372062833
 1055 10010 20809 0.6752003634121808
 1056 9971 20842 0.6764028169928277
 1057 9936 20883 0.6776014796067361
 1058 9904 20923 0.6787231971972622
 1059 9858 20960 0.6801220066195081
 1060 9823 20991 0.6812163302395016
 1061 9792 21030 0.6823048471870742
 1062 9752 21063 0.6835307480123316
 1063 9698 21097 0.6850787465497645
 1064 9668 21122 0.6860019486846378
 1065 9634 21156 0.6871062033127638
 1066 9591 21189 0.688401559454191
 1067 9553 21219 0.689555440010399
 1068 9511 21253 0.6908399427902744
 1069 9470 21294 0.6921726693537902
 1070 9431 21335 0.6934603133328999
 1071 9393 21370 0.6946656697981342
 1072 9352 21408 0.6959687906371912
 1073 9302 21448 0.6974959349593496
 1074 9268 21491 0.6986898143632758
 1075 9225 21530 0.7000487725573078
 1076 9176 21575 0.7016031998959383
 1077 9143 21620 0.7027923154438774
 1078 9111 21667 0.703976866593021
 1079 9072 21713 0.7053110280980998
 1080 9036 21750 0.7064899629701813
 1081 8998 21786 0.7077053014553014
 1082 8949 21838 0.7093253646019424
 1083 8903 21875 0.7107349405419455
 1084 8853 21910 0.7122192243929396
 1085 8824 21942 0.7131898849379185
 1086 8784 21979 0.7144621785911647
 1087 8751 22013 0.7155441425042257
 1088 8721 22047 0.7165561622464899
 1089 8690 22082 0.7176004159625634
 1090 8645 22124 0.7190353927654457
 1091 8606 22168 0.720348346006369
 1092 8557 22211 0.7218863754550182
 1093 8517 22250 0.7231774303637014
 1094 8478 22292 0.724471888202795
 1095 8436 22337 0.7258635817112403
 1096 8405 22384 0.7270128942154666
 1097 8374 22424 0.7280992272225469
 1098 8341 22469 0.7292762090230445
 1099 8292 22513 0.7308229183574095
 1100 8249 22548 0.7321492353151281
 1101 8213 22588 0.73335281322035
 1102 8163 22635 0.7349503214494447
 1103 8128 22684 0.7362066727249124
 1104 8089 22722 0.7374638927655708
 1105 8045 22762 0.7388580517414873
 1106 8010 22821 0.7401965554150044
 1107 7972 22859 0.7414290811196523
 1108 7940 22903 0.7425671951496288
 1109 7898 22938 0.7438708003632118
 1110 7859 22973 0.7451024909185262
 1111 7822 23014 0.7463354520690102
 1112 7778 23055 0.7477378133817663
 1113 7732 23092 0.7491565014274592
 1114 7699 23135 0.7503081014464552
 1115 7673 23166 0.7511916728817406
 1116 7658 23190 0.7517505186721992
 1117 7624 23232 0.7529167746953591
 1118 7584 23256 0.7540856031128405
 1119 7555 23289 0.7550577097652704
 1120 7521 23322 0.756152125279642
 1121 7479 23371 0.7575688816855753
 1122 7443 23407 0.7587358184764992
 1123 7414 23454 0.7598159906699494
 1124 7387 23499 0.7608301495823351
 1125 7351 23530 0.7619571905054888
 1126 7311 23572 0.7632678172457339
 1127 7271 23617 0.7646011396011396
 1128 7242 23652 0.765585550592348
 1129 7221 23684 0.7663484872997897
 1130 7179 23733 0.7677600931677019
 1131 7148 23777 0.7688601455133387
 1132 7104 23816 0.7702457956015524
 1133 7078 23845 0.7711088833554313
 1134 7052 23884 0.7720455133178175
 1135 7014 23931 0.7733397964129908
 1136 6977 23969 0.7745427518903897
 1137 6940 24002 0.7757093917652382
 1138 6910 24028 0.7766500743422329
 1139 6870 24059 0.7778783665815254
 1140 6840 24090 0.7788554801163918
 1141 6813 24123 0.7797711404189294
 1142 6783 24164 0.780818819271658
 1143 6736 24192 0.7822038282462493
 1144 6700 24231 0.7833888332094016
 1145 6670 24252 0.7842959705064355
 1146 6631 24277 0.7854600750614728
 1147 6606 24311 0.7863311446776854
 1148 6567 24339 0.7875169869928169
 1149 6531 24369 0.7886407766990291
 1150 6500 24407 0.7896916556119973
 1151 6462 24432 0.7908331714896096
 1152 6435 24477 0.7918284161490683
 1153 6392 24517 0.793199391762917
 1154 6359 24541 0.7942071197411004
 1155 6318 24576 0.795494270732181
 1156 6283 24623 0.7967061412023555
 1157 6261 24670 0.7975817141379199
 1158 6227 24713 0.7987394957983194
 1159 6194 24746 0.7998060762766646
 1160 6170 24786 0.8006848430029719
 1161 6133 24821 0.8018672869419138
 1162 6095 24856 0.8030758295370101
 1163 6059 24904 0.8043148273746084
 1164 6023 24938 0.8054649397629275
 1165 5988 24977 0.8066203778459551
 1166 5963 25017 0.807520981278244
 1167 5926 25051 0.8086967750266326
 1168 5889 25090 0.809903483004616
 1169 5856 25125 0.8109809237920016
 1170 5832 25155 0.8117920418239907
 1171 5803 25187 0.8127460471119716
 1172 5772 25213 0.8137163143456512
 1173 5747 25251 0.8146009419962579
 1174 5719 25276 0.8154863687691564
 1175 5675 25303 0.8168054748531216
 1176 5645 25336 0.8177915496594687
 1177 5622 25366 0.8185749322318316
 1178 5594 25405 0.8195425658892223
 1179 5569 25430 0.8203490435175328
 1180 5533 25466 0.8215103713023001
 1181 5500 25506 0.8226149777462427
 1182 5470 25542 0.8236166645169611
 1183 5440 25581 0.8246349247284098
 1184 5404 25624 0.8258347299213613
 1185 5374 25646 0.8267569310122501
 1186 5336 25678 0.8279486683433288
 1187 5313 25712 0.828751007252216
 1188 5285 25745 0.8296809539155656
 1189 5263 25783 0.8304773561811506
 1190 5239 25823 0.8313373253493014
 1191 5209 25849 0.8322815377680469
 1192 5175 25875 0.8333333333333334
 1193 5154 25909 0.8340791295109938
 1194 5122 25933 0.8350668169376912
 1195 5079 25972 0.8364303887153393
 1196 5047 26000 0.8374400103069539
 1197 5020 26032 0.8383356949632874
 1198 4997 26069 0.8391489087748664
 1199 4968 26094 0.8400618118601507
 1200 4940 26139 0.8410502268412755
 1201 4909 26168 0.8420375197091097
 1202 4882 26197 0.8429164387528556
 1203 4856 26220 0.8437379328098854
 1204 4830 26251 0.8445995946076381
 1205 4804 26276 0.8454311454311454
 1206 4778 26310 0.8463072568193515
 1207 4754 26341 0.8471136838720051
 1208 4725 26364 0.8480169834989868
 1209 4691 26410 0.849168837014887
 1210 4655 26439 0.85029266096353
 1211 4626 26465 0.851210961371458
 1212 4602 26495 0.8520114480496511
 1213 4578 26517 0.8527737578388809
 1214 4540 26554 0.8539911236894577
 1215 4519 26588 0.8547272318127752
 1216 4500 26608 0.8553426771248553
 1217 4475 26637 0.8561648238621754
 1218 4448 26667 0.8570464406234934
 1219 4427 26696 0.8577579282202873
 1220 4405 26728 0.8585102624225098
 1221 4380 26753 0.8593132688786818
 1222 4352 26783 0.8602216155452064
 1223 4327 26804 0.8610067135652565
 1224 4306 26843 0.8617612122379531
 1225 4277 26864 0.8626569474326451
 1226 4256 26894 0.863370786516854
 1227 4235 26920 0.8640667629593966
 1228 4208 26952 0.8649550706033377
 1229 4190 26989 0.8656146765451105
 1230 4166 27022 0.8664229831986662
 1231 4140 27041 0.8672268368557775
 1232 4099 27069 0.868486909650924
 1233 4075 27084 0.8692191662120093
 1234 4047 27120 0.870151121378381
 1235 4026 27141 0.8708249109635191
 1236 4000 27165 0.8716508904219477
 1237 3975 27198 0.8724858050235781
 1238 3951 27215 0.8732272348071617
 1239 3926 27240 0.8740293910030161
 1240 3890 27260 0.8751203852327448
 1241 3863 27300 0.8760388922760967
 1242 3829 27329 0.8771102124654985
 1243 3803 27358 0.8779564198838291
 1244 3784 27394 0.8786323689781256
 1245 3754 27424 0.8795945859259734
 1246 3726 27442 0.8804543121149897
 1247 3705 27475 0.8811738293778063
 1248 3689 27513 0.8817703993333761
 1249 3666 27524 0.8824623276691247
 1250 3640 27542 0.8832659867872491
 1251 3604 27573 0.8844019629855342
 1252 3575 27596 0.885310063841391
 1253 3554 27610 0.8859581568476447
 1254 3525 27640 0.8868923471843414
 1255 3498 27665 0.8877515001764914
 1256 3477 27679 0.8884003081268456
 1257 3454 27718 0.8891954317977673
 1258 3438 27752 0.8897723629368387
 1259 3417 27781 0.8904737483171998
 1260 3393 27800 0.8912255954861668
 1261 3375 27836 0.891865047579379
 1262 3345 27863 0.8928159446295821
 1263 3323 27894 0.8935515904795464
 1264 3301 27907 0.894225839528326
 1265 3287 27924 0.8946845663387908
 1266 3273 27954 0.89518685752714
 1267 3257 27978 0.8957259484552585
 1268 3243 28004 0.8962140365475085
 1269 3214 28041 0.8971684530475124
 1270 3189 28064 0.8979617956676159
 1271 3169 28089 0.8986179538038263
 1272 3147 28112 0.8993249944016123
 1273 3122 28134 0.9001151778858459
