 "time" "normal population" "cancer population" "cancer proportion"patch_inflammation:0.2
 1 10395 0 0
 2 10395 0 0
 3 10567 0 0
 4 10569 0 0
 5 10744 0 0
 6 10752 0 0
 7 10910 5 4.580852038479157E-4
 8 10916 5 4.5783353172786377E-4
 9 11089 8 7.209155627647112E-4
 10 11100 8 7.202016564638099E-4
 11 11257 10 8.875477056891808E-4
 12 11274 10 8.862105636299185E-4
 13 11416 13 0.0011374573453495494
 14 11443 14 0.0012219603735707427
 15 11604 16 0.001376936316695353
 16 11625 16 0.0013744523666351688
 17 11761 19 0.0016129032258064516
 18 11787 19 0.0016093511773674404
 19 11931 24 0.0020075282308657464
 20 11957 24 0.0020031716885068026
 21 12096 26 0.002144860584062036
 22 12122 27 0.0022224051362252036
 23 12252 28 0.002280130293159609
 24 12287 28 0.0022736500203004465
 25 12437 31 0.0024863650946422844
 26 12473 31 0.002479206653870761
 27 12575 34 0.002696486636529463
 28 12614 34 0.002688172043010753
 29 12732 37 0.002897642728483045
 30 12767 38 0.0029675907848496683
 31 12876 41 0.003174111635828753
 32 12921 43 0.0033168775069423017
 33 13038 45 0.00343957807842238
 34 13076 45 0.003429616645072784
 35 13184 49 0.003702864051991234
 36 13216 49 0.0036939313984168864
 37 13309 52 0.00389192425716638
 38 13361 53 0.003951095869986581
 39 13459 57 0.004217224030778337
 40 13490 57 0.004207573632538569
 41 13586 59 0.004323928178820081
 42 13619 59 0.004313496125164498
 43 13723 61 0.004425420777713291
 44 13769 64 0.004626617508855635
 45 13869 64 0.0045934113256297995
 46 13902 64 0.004582557639982815
 47 13990 66 0.004695503699487763
 48 14024 68 0.004825432869713313
 49 14105 74 0.005218985824106072
 50 14144 76 0.005344585091420534
 51 14242 80 0.005585812037424941
 52 14273 81 0.005643026334122892
 53 14357 82 0.005679063647066971
 54 14386 88 0.006079867348348763
 55 14483 89 0.006107603623387318
 56 14520 89 0.006092134985283044
 57 14592 91 0.006197643533337874
 58 14628 91 0.006182485223180922
 59 14709 91 0.006148648648648648
 60 14755 94 0.0063303926190315845
 61 14826 94 0.006300268096514745
 62 14863 95 0.006351116459419708
 63 14941 96 0.00638425217796103
 64 14972 97 0.006437056208109364
 65 15056 98 0.006466939421934803
 66 15090 99 0.006517874777799724
 67 15179 103 0.006739955503206387
 68 15219 104 0.006787182666579652
 69 15321 106 0.006871070201594607
 70 15366 106 0.006851085832471561
 71 15445 111 0.007135510413988172
 72 15487 111 0.007116296961148866
 73 15570 112 0.007141946180334141
 74 15611 112 0.007123322521147364
 75 15697 117 0.007398507651448084
 76 15728 118 0.007446674239555724
 77 15809 120 0.007533429593822588
 78 15850 121 0.007576231920355644
 79 15927 123 0.007663551401869159
 80 15969 126 0.00782851817334576
 81 16026 129 0.00798514391829155
 82 16071 130 0.008024196037281649
 83 16146 134 0.008230958230958232
 84 16188 134 0.008209778213454234
 85 16276 141 0.008588658098312725
 86 16313 143 0.008689839572192513
 87 16405 144 0.008701432110701552
 88 16460 145 0.008732309545317675
 89 16551 149 0.008922155688622754
 90 16603 151 0.009012773069117823
 91 16677 153 0.00909090909090909
 92 16732 154 0.009119981049390028
 93 16814 159 0.009367819477994461
 94 16854 160 0.00940402021864347
 95 16911 162 0.009488666315234581
 96 16950 164 0.009582797709477621
 97 17018 166 0.009660148975791434
 98 17055 167 0.009696899314829869
 99 17121 169 0.009774436090225564
 100 17163 171 0.009865005192107996
 101 17226 173 0.00994310017817116
 102 17262 175 0.010036130068245684
 103 17332 181 0.010335179580882772
 104 17367 182 0.010370961308336658
 105 17436 183 0.010386514558147455
 106 17478 183 0.010361814166808222
 107 17530 183 0.010331395020606335
 108 17569 185 0.01042018700011265
 109 17640 190 0.01065619742007852
 110 17698 192 0.010732252655114589
 111 17739 193 0.01076288199866161
 112 17775 194 0.010796371528743949
 113 17842 196 0.010865949661825035
 114 17874 196 0.010846707249584947
 115 17939 198 0.010916910183602581
 116 17976 202 0.01111233359005391
 117 18043 207 0.011342465753424657
 118 18088 208 0.011368605159597726
 119 18143 210 0.011442271018362121
 120 18176 211 0.011475498993854354
 121 18235 217 0.011760242792109257
 122 18268 219 0.011846162168009954
 123 18337 219 0.011802112524250917
 124 18373 222 0.011938693197095994
 125 18428 228 0.012221269296740995
 126 18466 229 0.012249264509227066
 127 18523 231 0.012317372293910632
 128 18558 232 0.01234699308142629
 129 18612 237 0.012573611332166163
 130 18652 239 0.0126515271822561
 131 18708 241 0.012718349253258748
 132 18747 243 0.012796208530805687
 133 18799 245 0.01286494433942449
 134 18825 246 0.012899166273399402
 135 18881 249 0.013016204913748039
 136 18913 249 0.012994468218348815
 137 18958 249 0.012964023533086896
 138 18989 250 0.0129944383803732
 139 19044 254 0.013161985697999793
 140 19072 256 0.013245033112582781
 141 19119 262 0.013518394303699499
 142 19147 264 0.01360053577868219
 143 19194 269 0.013821096439397832
 144 19234 270 0.013843314191960623
 145 19273 273 0.013967052082267471
 146 19307 275 0.014043509345317128
 147 19351 280 0.01426315521369263
 148 19372 286 0.014548784209990843
 149 19404 292 0.014825345247766044
 150 19438 295 0.01494957685096032
 151 19480 298 0.01506724643543331
 152 19510 299 0.015094149124135495
 153 19551 301 0.015162200282087448
 154 19583 302 0.01518732713100327
 155 19630 304 0.015250326076050967
 156 19661 307 0.015374599358974358
 157 19702 309 0.01544150717105592
 158 19722 312 0.015573525007487272
 159 19766 314 0.015637450199203186
 160 19787 316 0.01571904690842163
 161 19840 319 0.015824197628850636
 162 19874 320 0.015846290977518076
 163 19912 321 0.01586517076063856
 164 19937 324 0.015991313360643602
 165 19973 328 0.01615683956455347
 166 19992 328 0.016141732283464567
 167 20021 331 0.01626375786163522
 168 20048 332 0.016290480863591757
 169 20075 332 0.016268927328857746
 170 20101 334 0.01634450697333007
 171 20128 335 0.01637101109319259
 172 20153 337 0.016447047340165933
 173 20182 340 0.016567586005262647
 174 20200 342 0.016648817057735372
 175 20225 343 0.016676390509529366
 176 20246 343 0.016659381222983147
 177 20280 345 0.016727272727272726
 178 20297 347 0.016808757992637084
 179 20336 353 0.01706220696988738
 180 20348 354 0.017099797121051107
 181 20385 355 0.017116682738669238
 182 20406 356 0.01714671033619112
 183 20435 358 0.017217332756216033
 184 20460 360 0.01729106628242075
 185 20489 364 0.01745552198724404
 186 20508 364 0.017439632042928324
 187 20536 365 0.0174632792689345
 188 20555 366 0.01749438363366952
 189 20590 368 0.017558927378566656
 190 20614 370 0.017632481890964544
 191 20649 372 0.017696589125160554
 192 20658 372 0.01768901569186876
 193 20678 373 0.017718873212673982
 194 20697 374 0.017749513549428123
 195 20726 375 0.017771669589119
 196 20749 376 0.017798816568047337
 197 20774 379 0.01791708031957642
 198 20784 379 0.01790861409062987
 199 20810 382 0.01802567006417516
 200 20826 384 0.018104667609618104
 201 20847 384 0.018086759926522537
 202 20861 388 0.018259682808602757
 203 20885 389 0.018285230798157377
 204 20900 391 0.018364567188013714
 205 20924 393 0.018435990054885772
 206 20939 395 0.01851504640479985
 207 20965 396 0.018538457937362484
 208 20980 398 0.018617270090747498
 209 21001 400 0.01869071538713144
 210 21016 400 0.01867762420620097
 211 21042 402 0.018746502518186905
 212 21057 404 0.0188248450677974
 213 21076 404 0.018808193668528865
 214 21094 408 0.01897497907171426
 215 21114 410 0.019048503995539864
 216 21124 411 0.01908521012305549
 217 21149 415 0.019245038026340196
 218 21172 418 0.01936081519221862
 219 21195 421 0.019476313841598817
 220 21214 421 0.019459209614051304
 221 21230 422 0.019490116386477
 222 21248 425 0.019609652563096942
 223 21273 428 0.019722593428874245
 224 21281 430 0.019805628483257336
 225 21299 433 0.0199245352475612
 226 21313 434 0.019956775647215708
 227 21330 437 0.020076262231818808
 228 21340 439 0.020157032003305937
 229 21355 440 0.02018811654049094
 230 21368 442 0.02026593305823017
 231 21391 447 0.0204689074091034
 232 21401 452 0.02068365899418844
 233 21419 454 0.02075618342248434
 234 21432 455 0.020788595970210627
 235 21447 455 0.020774358506072503
 236 21462 456 0.020804817957842867
 237 21475 458 0.020881776318789038
 238 21484 458 0.020873211193145565
 239 21498 462 0.02103825136612022
 240 21510 463 0.021071314795430757
 241 21521 466 0.021194342111247554
 242 21534 468 0.021270793564221433
 243 21550 468 0.021255336542828594
 244 21559 469 0.021291084074813872
 245 21574 470 0.02132099437488659
 246 21579 470 0.021316159463014194
 247 21604 474 0.021469335990578858
 248 21616 475 0.021501969127699062
 249 21632 479 0.021663425444348967
 250 21638 482 0.021790235081374322
 251 21654 483 0.021818674617156798
 252 21658 484 0.02185891066750971
 253 21673 488 0.022020666937412572
 254 21679 489 0.022058823529411766
 255 21681 493 0.022233246144132766
 256 21687 495 0.02231539085745199
 257 21705 495 0.0222972972972973
 258 21707 498 0.022427381220445845
 259 21722 498 0.02241224122412241
 260 21727 500 0.022495163539838936
 261 21749 503 0.02260470968901672
 262 21752 505 0.022689490946668465
 263 21762 506 0.022723190228130054
 264 21769 509 0.022847652392494838
 265 21780 510 0.02288021534320323
 266 21782 511 0.022921993450859015
 267 21789 512 0.022958611721447468
 268 21791 512 0.02295655293009909
 269 21803 512 0.022944207931884383
 270 21815 514 0.02301939182229388
 271 21824 517 0.023141309699655343
 272 21822 517 0.023143381530059536
 273 21837 517 0.02312785183859712
 274 21839 518 0.023169477121259562
 275 21849 521 0.02329012069736254
 276 21851 523 0.02337534638419594
 277 21865 525 0.02344796784278696
 278 21867 525 0.02344587352625938
 279 21883 527 0.02351628737170906
 280 21888 527 0.023511041713138524
 281 21908 527 0.023490082460441274
 282 21911 527 0.02348694179516891
 283 21919 530 0.023609069446300503
 284 21918 532 0.023697104677060134
 285 21921 534 0.023780895123580493
 286 21925 534 0.023776659690992474
 287 21940 536 0.023847659725929882
 288 21944 538 0.023930255315363403
 289 21951 541 0.024052996621020808
 290 21952 541 0.024051927266260615
 291 21960 543 0.024130115984535395
 292 21958 545 0.024218993023152467
 293 21963 547 0.024300310972900932
 294 21964 550 0.024429244025939417
 295 21962 551 0.024474747923422024
 296 21962 553 0.02456140350877193
 297 21977 554 0.024588344946961962
 298 21975 557 0.024720397656666074
 299 21986 557 0.02470833518165284
 300 21981 559 0.02480035492457853
 301 21995 560 0.024828197738860563
 302 21998 562 0.024911347517730498
 303 21994 566 0.025088652482269505
 304 22001 568 0.02516726483229208
 305 22014 573 0.02536857484393678
 306 22010 573 0.025373068237169553
 307 22011 573 0.02537194473963868
 308 22003 573 0.025380935506732812
 309 22011 574 0.025415098516714633
 310 22013 574 0.025412848098463718
 311 22024 576 0.025486725663716816
 312 22024 579 0.025616068663451754
 313 22028 581 0.0256977309920828
 314 22029 581 0.025696594427244583
 315 22043 581 0.02568069306930693
 316 22042 584 0.025811013877839652
 317 22046 584 0.025806451612903226
 318 22039 585 0.02585749646393211
 319 22036 588 0.02599009900990099
 320 22034 590 0.026078500707213577
 321 22039 590 0.02607273852136639
 322 22035 591 0.026120392468841156
 323 22045 591 0.026108853154267538
 324 22039 593 0.026201838105337574
 325 22048 593 0.02619142264034274
 326 22051 594 0.026230956060940606
 327 22050 595 0.02627511591962906
 328 22050 595 0.02627511591962906
 329 22045 602 0.026581887225681104
 330 22032 605 0.02672615629279498
 331 22040 606 0.026759692660955577
 332 22032 608 0.02685512367491166
 333 22031 609 0.02689929328621908
 334 22034 612 0.027024640113044247
 335 22031 614 0.02711415323470965
 336 22027 615 0.027161911491917674
 337 22024 616 0.027208480565371024
 338 22014 616 0.027220503756076004
 339 22012 618 0.027308882015024304
 340 22004 622 0.027490497657562098
 341 22000 625 0.027624309392265192
 342 21989 629 0.02780970908126271
 343 21976 631 0.027911708762772592
 344 21972 634 0.02804565159692117
 345 21969 636 0.028135368281353684
 346 21959 637 0.0281908302354399
 347 21962 640 0.02831607822316609
 348 21956 641 0.02836659733592955
 349 21957 642 0.02840833665206425
 350 21947 643 0.0284639220894201
 351 21950 643 0.028460142522020095
 352 21935 646 0.028608121872370575
 353 21930 649 0.02874352274237123
 354 21918 652 0.028887904297740363
 355 21913 653 0.028937339360099266
 356 21897 654 0.02900093122256219
 357 21891 655 0.029051716490730062
 358 21878 659 0.029240804011181613
 359 21877 660 0.029285175489195545
 360 21866 662 0.029385653409090908
 361 21865 665 0.029516200621393696
 362 21855 667 0.02961548707930024
 363 21855 671 0.029787800763562106
 364 21845 673 0.029887201350031086
 365 21831 677 0.030078194419761863
 366 21823 678 0.03013199413359406
 367 21819 679 0.030180460485376478
 368 21804 682 0.030329983100595925
 369 21796 685 0.03047017481428762
 370 21780 686 0.03053503071307754
 371 21772 691 0.030761697012865602
 372 21750 694 0.030921404384245232
 373 21747 696 0.03101189680523994
 374 21734 696 0.031029870708872045
 375 21738 699 0.03115389757989036
 376 21724 700 0.03121655369247235
 377 21716 701 0.03127091046973279
 378 21698 703 0.031382527565733676
 379 21694 706 0.031517857142857146
 380 21689 708 0.03161137652364156
 381 21680 711 0.031753829663704165
 382 21662 711 0.03177937692754659
 383 21650 714 0.031926310141298514
 384 21633 719 0.0321671438797423
 385 21628 722 0.03230425055928412
 386 21618 724 0.03240533524304001
 387 21609 724 0.032418394304392605
 388 21594 726 0.032526881720430105
 389 21592 726 0.03252979657675419
 390 21571 728 0.03264720391048926
 391 21566 731 0.03278467955330314
 392 21549 733 0.032896508392424376
 393 21534 734 0.032962098077959405
 394 21514 736 0.03307865168539326
 395 21506 740 0.03326440708441967
 396 21489 745 0.033507241162184044
 397 21486 748 0.03364216965008546
 398 21475 749 0.033702303815694744
 399 21477 750 0.033742745309758404
 400 21461 753 0.03389754209057351
 401 21454 754 0.03395172910662824
 402 21433 756 0.034070936049393846
 403 21420 760 0.034265103697024346
 404 21400 760 0.03429602888086643
 405 21383 764 0.034496771571770446
 406 21360 765 0.03457627118644068
 407 21352 768 0.03471971066907776
 408 21339 770 0.03482744583653716
 409 21329 774 0.03501787087725648
 410 21307 779 0.035271212532826224
 411 21304 784 0.03549438609199566
 412 21282 786 0.03561718325176726
 413 21278 789 0.03575474690714642
 414 21263 793 0.035953935437069276
 415 21250 793 0.035975139500068046
 416 21232 794 0.036048306546808316
 417 21225 798 0.03623484538891159
 418 21213 799 0.036298382700345265
 419 21190 801 0.03642399163294075
 420 21182 805 0.036612543775867555
 421 21177 806 0.03666469544648137
 422 21152 808 0.036794171220400726
 423 21139 808 0.03681596573563585
 424 21121 809 0.036890104879160966
 425 21113 812 0.03703534777651083
 426 21096 815 0.0371959289854411
 427 21092 818 0.03733455043359197
 428 21087 821 0.03747489501551945
 429 21074 822 0.037541103397880894
 430 21049 825 0.03771600987473713
 431 21037 826 0.03778072542651969
 432 21013 828 0.037910352090105764
 433 21013 831 0.03804248306171031
 434 20987 833 0.038175985334555455
 435 20976 836 0.03832752613240418
 436 20951 836 0.038371505943911505
 437 20940 840 0.03856749311294766
 438 20919 841 0.03864889705882353
 439 20904 841 0.03867555759944815
 440 20889 843 0.038790723357261185
 441 20881 845 0.03889349166896806
 442 20869 848 0.039047750610121106
 443 20865 850 0.039143449228643795
 444 20857 853 0.039290649470290186
 445 20846 856 0.039443369274721224
 446 20822 858 0.03957564575645756
 447 20814 861 0.03972318339100346
 448 20800 863 0.0398375109633938
 449 20783 867 0.04004618937644342
 450 20765 870 0.0402126184423388
 451 20748 876 0.04051054384017758
 452 20731 879 0.04067561314206386
 453 20720 883 0.040873952691755776
 454 20709 886 0.04102801574438528
 455 20694 886 0.04105653382761817
 456 20679 890 0.04126292364040985
 457 20676 893 0.04140201214706291
 458 20645 898 0.04168407371303904
 459 20627 898 0.04171893147502904
 460 20603 901 0.04189918154761905
 461 20589 906 0.0421493370551291
 462 20574 908 0.04226794525649381
 463 20562 910 0.042380774962742174
 464 20550 914 0.04258292955646664
 465 20536 918 0.042789223454833596
 466 20528 922 0.042983682983682985
 467 20515 926 0.043188284128538784
 468 20495 933 0.04354116109762927
 469 20485 934 0.043606144077688036
 470 20471 935 0.04367934224049332
 471 20467 938 0.043821537024059797
 472 20452 946 0.04420973922796523
 473 20450 951 0.044437175832905004
 474 20423 951 0.04449330962852063
 475 20420 956 0.04472305389221557
 476 20408 960 0.04492699363534257
 477 20397 968 0.04530774631406506
 478 20370 971 0.04549927369851459
 479 20360 976 0.045744281964754406
 480 20331 978 0.04589610023933549
 481 20323 981 0.046047690574539994
 482 20307 986 0.046306297844362
 483 20296 990 0.046509442826270786
 484 20279 992 0.04663626533778384
 485 20271 995 0.046788300573685694
 486 20252 1003 0.04718889673018113
 487 20247 1009 0.04746894994354535
 488 20231 1014 0.04772887738291363
 489 20216 1015 0.04780745136828223
 490 20195 1021 0.04812405731523379
 491 20187 1022 0.048187090386156824
 492 20170 1027 0.04845025239420673
 493 20160 1036 0.0488771466314399
 494 20146 1040 0.04908902105163787
 495 20132 1047 0.04943576183955805
 496 20110 1049 0.04957701214613167
 497 20097 1053 0.04978723404255319
 498 20074 1060 0.05015614649380146
 499 20064 1066 0.05044959772834832
 500 20039 1071 0.050734249171009
 501 20021 1077 0.05104749265333207
 502 20012 1082 0.051294206883473976
 503 20007 1084 0.05139633018823195
 504 19980 1085 0.051507239496795636
 505 19973 1088 0.0516594653625184
 506 19953 1090 0.051798697904291216
 507 19939 1094 0.052013502591166265
 508 19923 1098 0.052233480804909374
 509 19916 1109 0.052746730083234245
 510 19898 1115 0.05306238994907914
 511 19895 1121 0.053340312143129044
 512 19875 1123 0.05348128393180303
 513 19861 1124 0.05356206814391232
 514 19845 1131 0.053918764302059496
 515 19834 1136 0.054172627563185506
 516 19823 1138 0.0542913028958542
 517 19813 1141 0.054452610480099264
 518 19793 1149 0.05486581988348773
 519 19780 1159 0.05535125841730742
 520 19763 1165 0.05566704892966361
 521 19748 1171 0.055977819207419094
 522 19731 1176 0.056249103171186685
 523 19729 1178 0.056344764911273736
 524 19717 1184 0.056648007272379314
 525 19710 1186 0.0567572741194487
 526 19693 1188 0.056893826923997894
 527 19674 1190 0.05703604294478527
 528 19656 1193 0.05722096983068732
 529 19644 1197 0.057434863970059015
 530 19627 1200 0.057617515724780334
 531 19619 1204 0.05782067905681218
 532 19597 1209 0.058108238008266845
 533 19601 1212 0.05823283524720127
 534 19586 1214 0.05836538461538462
 535 19576 1220 0.05866512790921331
 536 19561 1227 0.05902443717529344
 537 19562 1231 0.059202616265089214
 538 19549 1235 0.05942070823710546
 539 19537 1241 0.05972663393974396
 540 19515 1244 0.05992581530902259
 541 19504 1252 0.06031990749662748
 542 19491 1255 0.060493589125614575
 543 19488 1259 0.06068347230924953
 544 19469 1263 0.06092031641906232
 545 19460 1268 0.06117329216518719
 546 19451 1275 0.06151693525041011
 547 19435 1283 0.061926826913794766
 548 19413 1292 0.062400386380101425
 549 19411 1296 0.06258753078669049
 550 19388 1298 0.0627477521028715
 551 19384 1307 0.06316756077521628
 552 19370 1314 0.06352736414619996
 553 19366 1321 0.06385652825445932
 554 19336 1323 0.06403988576407377
 555 19330 1331 0.06442088959876095
 556 19320 1341 0.0649048932771889
 557 19315 1349 0.0652826171118854
 558 19299 1354 0.06555948288384254
 559 19284 1357 0.06574293881110412
 560 19272 1359 0.06587174640104697
 561 19261 1367 0.06626914872988171
 562 19247 1371 0.06649529537297506
 563 19245 1372 0.06654702430033467
 564 19235 1376 0.06676046771141624
 565 19227 1379 0.0669222556536931
 566 19210 1388 0.0673851830274784
 567 19197 1391 0.06756362929862056
 568 19186 1399 0.06796210833130921
 569 19173 1404 0.06823152062982941
 570 19168 1409 0.06847451037566214
 571 19159 1420 0.06900238106807911
 572 19146 1423 0.06918177840439496
 573 19128 1425 0.06933294409575244
 574 19116 1428 0.06950934579439252
 575 19112 1435 0.06983987930111452
 576 19101 1438 0.07001314572277131
 577 19092 1446 0.07040607654104587
 578 19079 1451 0.07067705796395518
 579 19066 1458 0.07103878386279477
 580 19049 1464 0.07136937551796421
 581 19045 1467 0.07151911076443057
 582 19029 1475 0.07193718298868514
 583 19010 1481 0.07227563320482162
 584 18993 1491 0.07278851786760399
 585 18984 1502 0.07331836376061701
 586 18968 1511 0.07378289955564236
 587 18961 1516 0.07403428236558089
 588 18956 1520 0.07423324868138308
 589 18950 1525 0.07448107448107448
 590 18936 1528 0.0746677091477717
 591 18936 1534 0.07493893502686859
 592 18919 1541 0.07531769305962854
 593 18907 1547 0.0756331279945243
 594 18897 1553 0.07594132029339853
 595 18887 1560 0.07629481097471512
 596 18867 1569 0.07677627715795654
 597 18856 1578 0.07722423411960458
 598 18833 1587 0.0777179236043095
 599 18830 1588 0.07777451268488589
 600 18822 1598 0.078256611165524
 601 18812 1603 0.07852069556698506
 602 18805 1608 0.07877333072061922
 603 18803 1614 0.07905177058333741
 604 18788 1627 0.07969630173891747
 605 18780 1636 0.08013322884012539
 606 18761 1645 0.0806135450357738
 607 18751 1645 0.08065306922926065
 608 18737 1652 0.08102408161263426
 609 18728 1660 0.0814204433980773
 610 18718 1670 0.0819109279968609
 611 18725 1677 0.08219782374277032
 612 18715 1679 0.08232813572619398
 613 18718 1687 0.08267581475128645
 614 18708 1696 0.08312095667516173
 615 18699 1705 0.08356204665751814
 616 18692 1715 0.08403979026804528
 617 18695 1719 0.08420691682178896
 618 18679 1726 0.08458711100220534
 619 18675 1728 0.0846934274371416
 620 18661 1732 0.08493110381013093
 621 18653 1739 0.08527854060415849
 622 18644 1743 0.08549565899838132
 623 18639 1750 0.085830594928638
 624 18630 1755 0.08609271523178808
 625 18622 1762 0.0864403453689168
 626 18613 1769 0.08679226768717496
 627 18602 1776 0.08715281185592305
 628 18595 1783 0.08749631956031013
 629 18587 1795 0.08806790305171229
 630 18571 1799 0.08831615120274915
 631 18568 1805 0.08859765375742404
 632 18557 1814 0.08904815669333857
 633 18560 1820 0.08930323846908735
 634 18537 1825 0.08962773794322758
 635 18527 1838 0.09025288485146084
 636 18512 1847 0.09072154820963702
 637 18510 1853 0.09099837941364239
 638 18500 1859 0.09131096812220639
 639 18488 1865 0.09163268314253427
 640 18474 1879 0.09232054242617796
 641 18468 1885 0.09261533926202525
 642 18460 1895 0.09309751903709163
 643 18454 1904 0.0935258866293349
 644 18452 1910 0.09380218053236421
 645 18447 1919 0.0942256702347049
 646 18432 1926 0.09460654288240496
 647 18427 1933 0.0949410609037328
 648 18416 1947 0.09561459509895398
 649 18411 1958 0.0961264666895773
 650 18399 1968 0.09662689645013993
 651 18388 1980 0.09721131186174391
 652 18379 1986 0.09752025534004419
 653 18363 1994 0.09795156457238297
 654 18356 1998 0.09816252333693623
 655 18342 2008 0.09867321867321867
 656 18327 2017 0.09914471097129375
 657 18324 2026 0.09955773955773956
 658 18315 2033 0.09991153921761352
 659 18317 2046 0.10047635417178215
 660 18308 2051 0.10074168672331647
 661 18300 2061 0.10122292618240754
 662 18286 2067 0.10155750994939321
 663 18276 2073 0.10187232787851982
 664 18260 2086 0.10252629509485894
 665 18254 2093 0.10286528726593601
 666 18236 2102 0.10335332874422264
 667 18238 2111 0.10373974151063935
 668 18223 2119 0.10416871497394553
 669 18224 2129 0.10460374391981526
 670 18208 2136 0.10499410145497444
 671 18203 2143 0.10532782856581147
 672 18186 2149 0.10567986230636833
 673 18184 2165 0.10639343456680918
 674 18179 2176 0.10690248096290837
 675 18170 2184 0.10730077626019456
 676 18166 2192 0.10767265939679732
 677 18164 2198 0.10794617424614478
 678 18158 2205 0.10828463389480922
 679 18149 2215 0.10877037910037321
 680 18135 2223 0.10919540229885058
 681 18136 2232 0.10958366064414768
 682 18127 2244 0.11015659515978597
 683 18121 2254 0.11062576687116564
 684 18115 2261 0.11096387907341972
 685 18115 2269 0.11131279434850863
 686 18117 2275 0.1115633581796783
 687 18115 2285 0.11200980392156863
 688 18100 2292 0.11239701843860338
 689 18103 2297 0.11259803921568627
 690 18093 2308 0.1131317092299397
 691 18095 2314 0.11338135136459405
 692 18084 2320 0.11370319545187219
 693 18083 2325 0.11392591140729126
 694 18078 2331 0.11421431721299427
 695 18068 2340 0.1146609172873383
 696 18060 2347 0.11500955554466605
 697 18050 2353 0.1153261775229133
 698 18046 2362 0.11573892591140729
 699 18039 2369 0.11608192865542924
 700 18027 2378 0.11654006370987503
 701 18028 2386 0.11688057215636329
 702 18019 2400 0.11753758754101572
 703 18022 2407 0.11782270302021636
 704 18016 2416 0.1182458888018794
 705 18010 2423 0.11858268487251016
 706 17998 2430 0.1189543763461915
 707 17990 2438 0.11934599569218719
 708 17987 2447 0.11975139473426642
 709 17986 2453 0.12001565634326533
 710 17981 2460 0.12034636270241182
 711 17975 2468 0.12072592085310375
 712 17964 2480 0.1213069849344551
 713 17961 2489 0.12171149144254279
 714 17955 2498 0.12213367232190876
 715 17943 2504 0.12246295300044016
 716 17937 2509 0.12271348919103982
 717 17940 2522 0.12325285895806862
 718 17939 2530 0.12360154379793835
 719 17936 2542 0.12413321613438813
 720 17927 2550 0.12452996044342433
 721 17918 2559 0.12496947795087171
 722 17911 2564 0.12522588522588524
 723 17909 2571 0.125537109375
 724 17904 2580 0.1259519625073228
 725 17894 2590 0.12644014840851397
 726 17882 2598 0.12685546875
 727 17876 2609 0.1273614840126922
 728 17860 2616 0.12775932799374878
 729 17850 2625 0.1282051282051282
 730 17847 2633 0.128564453125
 731 17846 2638 0.1287834407342316
 732 17843 2649 0.12926995900839353
 733 17840 2662 0.12984099112281727
 734 17832 2673 0.13035844915874176
 735 17821 2684 0.13089490368202877
 736 17815 2703 0.13173798615849497
 737 17810 2715 0.13227771010962242
 738 17801 2725 0.13275845269414402
 739 17796 2735 0.13321318981053043
 740 17788 2748 0.13381379041682898
 741 17774 2761 0.13445337229121013
 742 17764 2774 0.13506670561885287
 743 17750 2787 0.13570628621512393
 744 17736 2798 0.13626180968150384
 745 17721 2802 0.13652974711299518
 746 17710 2808 0.1368554440003899
 747 17711 2819 0.13731125182659523
 748 17706 2828 0.137722801207753
 749 17708 2835 0.13800321277320743
 750 17697 2845 0.13849673838964074
 751 17691 2856 0.1389983939261206
 752 17679 2862 0.1393310939097415
 753 17681 2875 0.13986184082506325
 754 17672 2887 0.14042511795320783
 755 17673 2892 0.14062727935813274
 756 17664 2903 0.1411484416784169
 757 17660 2914 0.14163507339360357
 758 17655 2928 0.14225331584317155
 759 17646 2939 0.14277386446441584
 760 17647 2948 0.14314153920854578
 761 17652 2964 0.14377182770663563
 762 17638 2973 0.14424336519334335
 763 17627 2985 0.14481855229963128
 764 17610 2993 0.14527010629519974
 765 17610 3004 0.1457262054914136
 766 17600 3013 0.14616989278610584
 767 17587 3019 0.14651072503154422
 768 17581 3034 0.14717438758185786
 769 17576 3046 0.14770633304238193
 770 17563 3060 0.14837802453571255
 771 17558 3068 0.14874430330650634
 772 17544 3073 0.14905175340738225
 773 17538 3085 0.14959026329825922
 774 17520 3100 0.15033947623666344
 775 17519 3105 0.15055275407292476
 776 17501 3113 0.15101387406616862
 777 17494 3124 0.1515180909884567
 778 17483 3131 0.15188706704181623
 779 17479 3140 0.15228672583539454
 780 17475 3156 0.1529736803838883
 781 17477 3170 0.15353320094929046
 782 17469 3182 0.154084547963779
 783 17462 3192 0.15454633485039218
 784 17445 3200 0.1550012109469605
 785 17437 3212 0.15555232698920043
 786 17427 3219 0.15591397849462366
 787 17426 3230 0.1563710302091402
 788 17423 3238 0.15672039107497218
 789 17421 3250 0.15722509796333026
 790 17421 3267 0.15791763341067286
 791 17415 3278 0.15841105687913787
 792 17400 3293 0.15913593968975015
 793 17393 3300 0.15947421833470254
 794 17388 3311 0.1599594183293879
 795 17387 3322 0.1604133468540248
 796 17381 3333 0.16090566766438158
 797 17373 3341 0.16129187988799845
 798 17362 3352 0.16182292169547166
 799 17355 3360 0.16220130340333092
 800 17346 3372 0.16275702287865623
 801 17344 3382 0.1631766862877545
 802 17331 3392 0.1636828644501279
 803 17329 3404 0.164182703901992
 804 17318 3410 0.1645117715167889
 805 17306 3421 0.1650504173300526
 806 17301 3431 0.16549295774647887
 807 17293 3440 0.16591906622292962
 808 17287 3451 0.1664094898254412
 809 17280 3466 0.16706835052540248
 810 17262 3481 0.1678156486525575
 811 17246 3494 0.16846673095467696
 812 17241 3503 0.1688681064404165
 813 17237 3512 0.16926116921297413
 814 17230 3525 0.16983859311009394
 815 17223 3542 0.17057548759932578
 816 17214 3553 0.17108874656907594
 817 17209 3567 0.1716884867154409
 818 17202 3584 0.17242374675262195
 819 17198 3592 0.17277537277537278
 820 17186 3603 0.17331280965895426
 821 17174 3613 0.17381055467359408
 822 17165 3623 0.17428324033096018
 823 17150 3635 0.17488573490497955
 824 17137 3641 0.17523341996342284
 825 17126 3655 0.1758818151195804
 826 17111 3664 0.17636582430806258
 827 17099 3682 0.17718107887012174
 828 17092 3694 0.17771577022996246
 829 17073 3712 0.17859032956458984
 830 17061 3717 0.17889113485417268
 831 17065 3723 0.1790937079084087
 832 17050 3733 0.1796179569840735
 833 17041 3739 0.17993262752646777
 834 17027 3755 0.18068520835338273
 835 17018 3764 0.18111827543066114
 836 17006 3778 0.18177444187836797
 837 16991 3790 0.18237813387228718
 838 16975 3802 0.18299080714251337
 839 16966 3810 0.1833846746245668
 840 16951 3824 0.1840673886883273
 841 16947 3832 0.18441695943019396
 842 16931 3843 0.18499085395205545
 843 16930 3859 0.18562701428640146
 844 16922 3865 0.18593351613989512
 845 16917 3876 0.186408887606406
 846 16905 3888 0.18698600490549705
 847 16895 3900 0.18754508295263284
 848 16882 3914 0.18820927101365648
 849 16869 3926 0.1887953835056504
 850 16860 3936 0.189267166762839
 851 16858 3949 0.1897918969577546
 852 16849 3960 0.19030227305492817
 853 16844 3973 0.19085362924532834
 854 16843 3987 0.1914066250600096
 855 16829 4006 0.19227261819054475
 856 16816 4018 0.1928578285494864
 857 16806 4030 0.19341524284891534
 858 16798 4044 0.1940312829862777
 859 16784 4055 0.19458707231632996
 860 16773 4064 0.19503767336948696
 861 16771 4076 0.19551973905118242
 862 16759 4088 0.19609536144289347
 863 16740 4101 0.19677558658413705
 864 16728 4114 0.19738988580750408
 865 16716 4125 0.1979271628040881
 866 16703 4138 0.1985509332565616
 867 16701 4153 0.19914644672484896
 868 16692 4164 0.1996547756041427
 869 16685 4184 0.2004887632373377
 870 16681 4197 0.2010250023948654
 871 16677 4213 0.201675442795596
 872 16669 4228 0.20232569268316025
 873 16657 4243 0.20301435406698565
 874 16655 4248 0.20322441754772042
 875 16651 4259 0.20368244858919177
 876 16647 4276 0.20436839841322946
 877 16641 4291 0.20499713357538696
 878 16629 4304 0.20560836956002485
 879 16622 4319 0.20624612005157347
 880 16604 4329 0.20680265609324988
 881 16591 4344 0.20749940291378074
 882 16581 4359 0.20816618911174786
 883 16575 4375 0.20883054892601433
 884 16570 4387 0.20933339695567113
 885 16557 4400 0.20995371474924845
 886 16539 4412 0.21058660684454203
 887 16524 4421 0.2110766292671282
 888 16508 4437 0.2118405347338267
 889 16495 4446 0.21231077789981376
 890 16469 4459 0.2130638379204893
 891 16455 4472 0.2136952262627228
 892 16434 4486 0.2144359464627151
 893 16420 4506 0.21533021122049126
 894 16401 4517 0.2159384262357778
 895 16388 4532 0.21663479923518164
 896 16376 4543 0.21717099287728858
 897 16364 4553 0.21766983793086964
 898 16352 4577 0.21869176740408047
 899 16335 4593 0.21946674311926606
 900 16321 4617 0.22050816696914702
 901 16317 4628 0.22095965624254
 902 16305 4638 0.22145824380461251
 903 16294 4648 0.22194632795339508
 904 16274 4657 0.22249295303616645
 905 16262 4667 0.22299202064121554
 906 16245 4678 0.22358170434450125
 907 16226 4692 0.2243044268094464
 908 16216 4706 0.2249306949622407
 909 16200 4719 0.2255843969597017
 910 16180 4736 0.2264295276343469
 911 16160 4753 0.2272749007794195
 912 16144 4769 0.22803997513508345
 913 16130 4785 0.22878316997370307
 914 16115 4799 0.22946351726116476
 915 16103 4814 0.23014772672945452
 916 16095 4826 0.23067730988002486
 917 16076 4837 0.23129154114665518
 918 16061 4850 0.23193534503371432
 919 16049 4873 0.23291272344900105
 920 16037 4884 0.23344964389847522
 921 16026 4898 0.2340852609443701
 922 16010 4911 0.23474021318292623
 923 15991 4930 0.23564839156828069
 924 15976 4948 0.2364748614031734
 925 15975 4959 0.23688736027515048
 926 15955 4971 0.23755137149956992
 927 15940 4994 0.23855928155154293
 928 15922 5009 0.2393101141847021
 929 15912 5025 0.24000573148015475
 930 15890 5039 0.2407664006880405
 931 15877 5051 0.2413512996941896
 932 15858 5068 0.2421867533212272
 933 15842 5085 0.2429875280737803
 934 15827 5094 0.24348740499976101
 935 15800 5112 0.2444529456771232
 936 15793 5132 0.2452568697729988
 937 15780 5153 0.24616634022834757
 938 15761 5160 0.24664212991730797
 939 15746 5174 0.24732313575525813
 940 15722 5193 0.24829070045421947
 941 15703 5207 0.24901960784313726
 942 15684 5224 0.24985651425291755
 943 15669 5237 0.2505022481584234
 944 15660 5255 0.2512550800860626
 945 15640 5269 0.25199674781194703
 946 15621 5280 0.25261949189034016
 947 15609 5295 0.253300803673938
 948 15594 5317 0.2542680885658266
 949 15581 5338 0.2551747215450069
 950 15564 5355 0.2559873798938764
 951 15554 5371 0.25667861409796894
 952 15540 5383 0.257276681164269
 953 15528 5400 0.2580275229357798
 954 15517 5410 0.25851770440101307
 955 15508 5426 0.2591955670201586
 956 15487 5438 0.2598805256869773
 957 15471 5454 0.26064516129032256
 958 15453 5467 0.2613288718929254
 959 15434 5484 0.2621665551199924
 960 15418 5498 0.2628609676802448
 961 15397 5508 0.26347763692896436
 962 15376 5516 0.26402450698832086
 963 15358 5534 0.26488608079647713
 964 15348 5552 0.2656459330143541
 965 15328 5565 0.26635715311348296
 966 15299 5582 0.2673243618600642
 967 15286 5597 0.26801704735909593
 968 15262 5612 0.26885120245281213
 969 15238 5631 0.2698260577890651
 970 15215 5647 0.2706835394497172
 971 15200 5668 0.2716120375694844
 972 15182 5688 0.2725443219932918
 973 15171 5703 0.27321069272779536
 974 15154 5715 0.2738511668024342
 975 15134 5734 0.2747747747747748
 976 15118 5747 0.27543733525041936
 977 15092 5766 0.27644069421804585
 978 15075 5783 0.2772557292166075
 979 15054 5801 0.2781587149364661
 980 15039 5820 0.27901625197756363
 981 15017 5834 0.2797947340655124
 982 15003 5850 0.2805351747949935
 983 14986 5861 0.28114356981819927
 984 14976 5878 0.2818643905245996
 985 14959 5885 0.2823354442525427
 986 14944 5906 0.2832613908872902
 987 14927 5926 0.28417973433079174
 988 14907 5951 0.2853101927318055
 989 14886 5979 0.2865564342199856
 990 14878 5989 0.28700819475727224
 991 14851 6004 0.28789259170462717
 992 14839 6017 0.28850210970464135
 993 14819 6037 0.2894610663598005
 994 14805 6052 0.2901663710025411
 995 14783 6063 0.29084716492372636
 996 14768 6080 0.29163468917881813
 997 14750 6091 0.29226044815507896
 998 14737 6105 0.29291814605124267
 999 14717 6119 0.2936744096755615
 1000 14701 6138 0.2945438840635347
 1001 14674 6159 0.295636730187683
 1002 14657 6173 0.2963514162265963
 1003 14641 6187 0.29705204532360285
 1004 14627 6203 0.29779164666346614
 1005 14607 6214 0.29844868161951876
 1006 14584 6235 0.29948604639992316
 1007 14575 6250 0.30012004801920766
 1008 14553 6266 0.3009750708487439
 1009 14531 6284 0.30189766994955564
 1010 14524 6306 0.30273643783005283
 1011 14507 6317 0.3033519016519401
 1012 14493 6349 0.30462527588523175
 1013 14483 6363 0.30523841504365345
 1014 14463 6384 0.306231112390272
 1015 14444 6407 0.3072754304349911
 1016 14426 6424 0.30810551558752997
 1017 14405 6437 0.3088475194319163
 1018 14389 6457 0.30974767341456394
 1019 14368 6472 0.3105566218809981
 1020 14350 6492 0.3114864216485942
 1021 14342 6510 0.31220026855937083
 1022 14324 6526 0.3129976019184652
 1023 14309 6544 0.31381575792451927
 1024 14292 6566 0.3147952823856554
 1025 14273 6589 0.31583740772696767
 1026 14261 6601 0.3164126162400537
 1027 14249 6610 0.3168895920226281
 1028 14233 6624 0.3175912163781944
 1029 14213 6639 0.3183867254939574
 1030 14200 6655 0.31910812754735074
 1031 14180 6669 0.3198714566645882
 1032 14155 6682 0.32067956039737006
 1033 14137 6698 0.321478281737461
 1034 14121 6713 0.3222136891619468
 1035 14106 6723 0.32277113639637045
 1036 14087 6734 0.32342346669228184
 1037 14065 6751 0.32431783243658724
 1038 14047 6772 0.3252797924972381
 1039 14031 6784 0.32591880855152533
 1040 14009 6803 0.3268787238131847
 1041 13995 6824 0.3277775109275181
 1042 13976 6837 0.32849661269398933
 1043 13962 6857 0.3293626014698112
 1044 13952 6875 0.330100350506554
 1045 13932 6885 0.33073929961089493
 1046 13912 6897 0.3314431255706665
 1047 13890 6910 0.33221153846153845
 1048 13876 6925 0.3329166866977549
 1049 13856 6938 0.33365393863614506
 1050 13839 6950 0.33431141469046133
 1051 13815 6964 0.33514606092689736
 1052 13791 6980 0.33604544798035724
 1053 13766 6994 0.33689788053949904
 1054 13748 7012 0.3377649325626204
 1055 13731 7028 0.3385519533696228
 1056 13712 7047 0.3394672190375259
 1057 13681 7068 0.34064292255048434
 1058 13659 7090 0.34170321461275244
 1059 13642 7112 0.3426809289775465
 1060 13622 7136 0.3437710762115811
 1061 13595 7159 0.3449455526645466
 1062 13571 7180 0.34600742132909257
 1063 13543 7199 0.34707357053321763
 1064 13530 7223 0.3480460656290657
 1065 13504 7242 0.3490793405957775
 1066 13489 7257 0.34980237154150196
 1067 13479 7280 0.3506912664386531
 1068 13464 7293 0.35135135135135137
 1069 13442 7312 0.35231762551797247
 1070 13436 7325 0.3528250084292664
 1071 13417 7341 0.3536467867810001
 1072 13395 7368 0.3548620141598035
 1073 13383 7396 0.35593628182299436
 1074 13367 7418 0.3568919894154438
 1075 13348 7438 0.3578370056768979
 1076 13332 7458 0.35873015873015873
 1077 13316 7478 0.35962296816389344
 1078 13301 7493 0.36034433009521977
 1079 13273 7508 0.3612915644097974
 1080 13253 7524 0.36213120277229627
 1081 13227 7547 0.3632906517762588
 1082 13206 7565 0.3642097154686823
 1083 13191 7584 0.36505415162454874
 1084 13174 7605 0.365994513691708
 1085 13149 7626 0.36707581227436825
 1086 13137 7645 0.3678664228659417
 1087 13120 7664 0.3687451886066205
 1088 13091 7681 0.36977662237627573
 1089 13068 7693 0.3705505515148596
 1090 13037 7709 0.3715897040393329
 1091 13010 7723 0.37249795012781556
 1092 12995 7743 0.37337255280162024
 1093 12975 7767 0.37445762221579404
 1094 12958 7784 0.3752772153119275
 1095 12940 7807 0.3762953680050128
 1096 12924 7829 0.377246663133041
 1097 12907 7848 0.3781257528306432
 1098 12882 7867 0.3791508024483108
 1099 12866 7893 0.3802206271978419
 1100 12841 7916 0.3813653225417931
 1101 12827 7930 0.3820397938044997
 1102 12799 7968 0.38368565512592095
 1103 12773 7991 0.38484877672895396
 1104 12754 8009 0.38573423879015556
 1105 12739 8030 0.3866339255621359
 1106 12719 8050 0.3875968992248062
 1107 12696 8067 0.3885276694119347
 1108 12675 8083 0.389392041622507
 1109 12655 8104 0.3903848932992919
 1110 12625 8130 0.39171284027945075
 1111 12606 8152 0.39271606127757974
 1112 12592 8167 0.3934197215665495
 1113 12568 8185 0.39440080952151496
 1114 12540 8204 0.3954878519089857
 1115 12515 8221 0.396460262345679
 1116 12497 8236 0.3972411132011769
 1117 12483 8260 0.39820662392132283
 1118 12457 8279 0.39925733024691357
 1119 12438 8295 0.4000868181160469
 1120 12407 8318 0.40135102533172495
 1121 12398 8334 0.4019872660621262
 1122 12386 8347 0.4025948970240679
 1123 12368 8365 0.40346307818453675
 1124 12358 8395 0.4045198284585361
 1125 12342 8418 0.4054913294797688
 1126 12322 8440 0.4065118967344187
 1127 12306 8458 0.40733962627624737
 1128 12288 8481 0.4083489816553517
 1129 12270 8498 0.40918721109399075
 1130 12256 8515 0.40994656010784264
 1131 12236 8540 0.4110512129380054
 1132 12214 8554 0.41188366718027736
 1133 12191 8571 0.4128215008188036
 1134 12162 8599 0.41419006791580365
 1135 12143 8622 0.41521791476041414
 1136 12120 8646 0.41635365501300203
 1137 12101 8677 0.41760515930310904
 1138 12076 8701 0.4187803821533426
 1139 12056 8723 0.41979883536262574
 1140 12037 8742 0.4207132200779633
 1141 12014 8764 0.4217922802964674
 1142 11993 8785 0.4228029646741746
 1143 11966 8803 0.423852857624344
 1144 11946 8824 0.4248435243139143
 1145 11927 8846 0.4258412362200934
 1146 11899 8867 0.4269960512375999
 1147 11877 8895 0.4282206816868862
 1148 11853 8918 0.4293486110442444
 1149 11822 8939 0.4305669283753191
 1150 11804 8959 0.43148870587102056
 1151 11784 8985 0.43261591795464394
 1152 11764 8998 0.433387920238898
 1153 11735 9020 0.43459407371717657
 1154 11713 9046 0.4357628016763813
 1155 11694 9066 0.4367052023121387
 1156 11678 9087 0.43761136527811223
 1157 11656 9102 0.43848154928220445
 1158 11629 9119 0.43951224214382106
 1159 11612 9135 0.4403046223550393
 1160 11594 9157 0.44127993831622575
 1161 11572 9181 0.44239387076567244
 1162 11557 9202 0.4432776145286382
 1163 11531 9219 0.44428915662650603
 1164 11512 9236 0.445151339888182
 1165 11486 9254 0.44619093539054966
 1166 11470 9274 0.4470690320092557
 1167 11449 9288 0.44789506678883156
 1168 11434 9302 0.4485918209876543
 1169 11409 9324 0.44971784112284763
 1170 11383 9338 0.4506539259688239
 1171 11361 9360 0.45171565078905457
 1172 11338 9375 0.4526143001979433
 1173 11319 9392 0.45347882767611414
 1174 11294 9416 0.4546595847416707
 1175 11274 9435 0.4555990149210488
 1176 11256 9471 0.4569402228976697
 1177 11226 9498 0.45830920671685005
 1178 11204 9517 0.45929250518797354
 1179 11173 9535 0.460450067606722
 1180 11148 9563 0.4617353097387861
 1181 11126 9587 0.4628494182397528
 1182 11100 9611 0.4640529187388344
 1183 11079 9623 0.46483431552507004
 1184 11056 9654 0.4661516175760502
 1185 11038 9676 0.46712368446461333
 1186 11019 9694 0.46801525611934536
 1187 11007 9717 0.46887666473653733
 1188 10987 9732 0.4697137892755442
 1189 10973 9752 0.4705428226779252
 1190 10947 9774 0.471695381497032
 1191 10933 9790 0.47242194662934905
 1192 10921 9818 0.47340758956555284
 1193 10898 9842 0.47454194792671167
 1194 10879 9868 0.47563503157082954
 1195 10856 9900 0.47697051455000966
 1196 10831 9920 0.47804925063852344
 1197 10824 9948 0.47891392258809934
 1198 10800 9967 0.47994414214860115
 1199 10789 9980 0.48052385767249267
 1200 10772 10008 0.48161693936477384
 1201 10749 10024 0.48254946324555914
 1202 10725 10042 0.4835556411614581
 1203 10708 10061 0.4844239010063075
 1204 10680 10083 0.48562346481722296
 1205 10666 10103 0.48644614569791517
 1206 10645 10121 0.4873832225753636
 1207 10621 10141 0.4884404199980734
 1208 10604 10157 0.4892346226097009
 1209 10584 10178 0.49022252191503707
 1210 10558 10196 0.49127878963091454
 1211 10538 10209 0.4920711428158288
 1212 10525 10229 0.4928688445600848
 1213 10501 10253 0.4940252481449359
 1214 10481 10279 0.4951348747591522
 1215 10452 10295 0.4962163204318697
 1216 10436 10317 0.4971329446345107
 1217 10412 10331 0.4980475341078918
 1218 10391 10349 0.4989874638379942
 1219 10368 10376 0.5001928268414964
 1220 10343 10399 0.5013499180406904
 1221 10332 10427 0.5022881641697577
 1222 10307 10448 0.5033967718622019
 1223 10286 10469 0.5044085762466876
 1224 10257 10488 0.5055676066522053
 1225 10236 10511 0.5066274642116932
 1226 10213 10527 0.5075699132111862
 1227 10198 10549 0.5084590543211067
 1228 10185 10567 0.5092039321511179
 1229 10167 10588 0.5101421344254397
 1230 10143 10611 0.5112749349522984
 1231 10116 10639 0.5125993736449048
 1232 10102 10662 0.5134848776728954
 1233 10072 10677 0.5145790158561858
 1234 10059 10700 0.5154390866612072
 1235 10037 10724 0.5165454457877752
 1236 10010 10747 0.5177530471648119
 1237 9989 10765 0.5186951912884263
 1238 9965 10789 0.5198515948732775
 1239 9951 10819 0.5208955223880597
 1240 9932 10838 0.5218103033220992
 1241 9910 10862 0.5229154631234354
 1242 9890 10889 0.5240386929111122
 1243 9863 10908 0.5251552645515382
 1244 9845 10931 0.5261359260685406
 1245 9823 10943 0.5269671578541847
 1246 9796 10963 0.5281082903800761
 1247 9770 10987 0.5293154116683528
 1248 9743 11012 0.5305709467598169
 1249 9717 11039 0.5318462131431875
 1250 9687 11066 0.5332241121765527
 1251 9670 11096 0.5343349706250602
 1252 9645 11117 0.5354493786725749
 1253 9620 11134 0.5364748964055122
 1254 9601 11159 0.5375240847784201
 1255 9583 11185 0.5385689522342064
 1256 9564 11214 0.5397054576956396
 1257 9530 11234 0.5410325563475246
 1258 9510 11258 0.5420839753466872
 1259 9487 11288 0.5433453670276776
 1260 9464 11312 0.5444743935309974
 1261 9441 11335 0.5455814401232191
 1262 9413 11361 0.5468855299894099
 1263 9397 11385 0.5478298527571938
 1264 9374 11407 0.5489148741638997
 1265 9342 11422 0.5500866884993257
 1266 9316 11440 0.5511659279244556
 1267 9294 11457 0.5521179702183028
 1268 9275 11481 0.5531412603584506
 1269 9255 11500 0.5540833534088172
 1270 9239 11522 0.5549829006309908
 1271 9217 11540 0.5559570265452618
 1272 9190 11562 0.5571511179645335
 1273 9173 11589 0.5581832193430305
 1274 9147 11613 0.559393063583815
 1275 9119 11627 0.5604453870625663
 1276 9093 11657 0.5617831325301205
 1277 9064 11683 0.5631175591651805
 1278 9046 11700 0.563964137665092
 1279 9022 11723 0.5651000241021933
 1280 9007 11733 0.565718418514947
 1281 8990 11754 0.5666216737369841
 1282 8972 11771 0.5674685436050716
 1283 8951 11799 0.5686265060240964
 1284 8917 11825 0.570099315398708
 1285 8889 11848 0.5713459034575878
 1286 8865 11875 0.5725650916104147
 1287 8847 11898 0.5735357917570499
 1288 8818 11920 0.5747902401388755
 1289 8796 11939 0.5757897275138655
 1290 8775 11955 0.5767004341534009
 1291 8753 11981 0.5778431561686119
 1292 8725 12007 0.5791530001929385
 1293 8706 12023 0.5800086834869024
 1294 8683 12038 0.5809565175425896
 1295 8661 12063 0.5820787492762015
 1296 8634 12091 0.5834016887816647
 1297 8611 12114 0.5845114595898673
 1298 8592 12128 0.5853281853281853
 1299 8572 12147 0.5862734687967566
 1300 8562 12162 0.5868558193398957
 1301 8541 12179 0.5877895752895753
 1302 8522 12201 0.588766105293635
 1303 8498 12226 0.5899440262497587
 1304 8479 12248 0.5909200559656487
 1305 8453 12267 0.5920366795366795
 1306 8433 12291 0.5930804863925883
 1307 8406 12309 0.5942070963070238
 1308 8379 12340 0.5955885901829239
 1309 8353 12363 0.5967850936474223
 1310 8331 12383 0.5978082456309742
 1311 8318 12404 0.5985908696071808
 1312 8291 12425 0.5997779494110832
 1313 8269 12439 0.6006857253235465
 1314 8248 12453 0.6015651417805903
 1315 8218 12472 0.6028032866118898
 1316 8193 12493 0.6039350285217056
 1317 8174 12511 0.604834421078076
 1318 8147 12524 0.6058729621208456
 1319 8131 12541 0.6066660216718266
 1320 8110 12563 0.607700865863687
 1321 8097 12584 0.6084812146414583
 1322 8083 12609 0.609365938526967
 1323 8053 12635 0.6107405259087394
 1324 8026 12658 0.6119706052987817
 1325 8003 12676 0.6129890226800135
 1326 7979 12710 0.6143361206438204
 1327 7959 12731 0.6153214113098116
 1328 7934 12746 0.6163442940038685
 1329 7912 12760 0.6172600619195047
 1330 7893 12776 0.6181237602206202
 1331 7869 12795 0.6191927990708479
 1332 7843 12821 0.6204510259388308
 1333 7813 12842 0.6217380779472282
 1334 7794 12861 0.6226579520697167
 1335 7762 12876 0.6238976645023743
 1336 7731 12908 0.6254178981539803
 1337 7704 12931 0.6266537436394476
 1338 7675 12953 0.6279329067287183
 1339 7652 12981 0.6291377889788203
 1340 7623 13001 0.6303820791311094
 1341 7597 13031 0.6317141749078922
 1342 7582 13053 0.6325660285921977
 1343 7557 13070 0.6336355262519998
 1344 7530 13099 0.6349798826894179
 1345 7512 13123 0.6359583232372183
 1346 7500 13145 0.6367159118430613
 1347 7485 13174 0.637688174645433
 1348 7461 13194 0.6387799564270152
 1349 7438 13221 0.6399632121593495
 1350 7408 13241 0.6412417066201753
 1351 7383 13269 0.6425043579314352
 1352 7365 13301 0.64361753604955
 1353 7340 13325 0.644810065327849
 1354 7312 13343 0.6459937061244251
 1355 7287 13369 0.647221146398141
 1356 7258 13396 0.6485910719473226
 1357 7242 13417 0.6494506026429159
 1358 7217 13443 0.650677637947725
 1359 7196 13462 0.6516603737051021
 1360 7175 13480 0.6526264826918422
 1361 7156 13508 0.6536972512582269
 1362 7136 13529 0.6546818291797726
 1363 7114 13552 0.6557630891319075
 1364 7092 13574 0.6568276396012774
 1365 7072 13590 0.6577291646500822
 1366 7054 13614 0.6586994387458873
 1367 7029 13636 0.659859666102105
 1368 7020 13657 0.6604923344779223
 1369 6998 13689 0.6617199207231594
 1370 6972 13711 0.6629115698883141
 1371 6936 13727 0.664327541983255
 1372 6911 13756 0.6656021677069724
 1373 6891 13777 0.6665860267079543
 1374 6874 13793 0.6673924614119127
 1375 6860 13816 0.6682143548075062
 1376 6850 13843 0.6689701831537235
 1377 6827 13861 0.6700019334880124
 1378 6804 13879 0.6710341826620896
 1379 6786 13910 0.6721105527638191
 1380 6768 13933 0.6730592724989131
 1381 6741 13952 0.6742376649108394
 1382 6722 13962 0.675014503964417
 1383 6694 13979 0.6761960044502491
 1384 6673 14008 0.6773366858469126
 1385 6652 14032 0.6783987623283697
 1386 6631 14053 0.6794140398375556
 1387 6608 14075 0.6805105642314945
 1388 6584 14102 0.6817171033549261
 1389 6562 14127 0.6828266228430567
 1390 6540 14149 0.6838899898496785
 1391 6507 14171 0.6853177289873296
 1392 6481 14199 0.686605415860735
 1393 6468 14225 0.687430532063983
 1394 6443 14244 0.6885483637066757
 1395 6422 14268 0.6896085065248913
 1396 6408 14289 0.6903899115813886
 1397 6388 14313 0.6914158736292932
 1398 6365 14320 0.6922890983804689
 1399 6350 14344 0.6931477723011501
 1400 6330 14365 0.6941290166706934
 1401 6314 14389 0.6950200454040477
 1402 6296 14403 0.6958307164597324
 1403 6276 14418 0.6967236880255147
 1404 6243 14431 0.6980265067234207
 1405 6228 14456 0.6988976987043125
 1406 6212 14493 0.6999758512436609
 1407 6195 14513 0.7008402549739231
 1408 6178 14546 0.701891526732291
 1409 6155 14575 0.7030873130728413
 1410 6128 14591 0.7042328297697765
 1411 6109 14609 0.7051356308523988
 1412 6080 14620 0.706280193236715
 1413 6050 14638 0.7075599381283836
 1414 6035 14657 0.7083413879760294
 1415 6013 14681 0.7094326858026481
 1416 5994 14700 0.7103508263264714
 1417 5977 14714 0.7111304431878595
 1418 5956 14735 0.7121453772171475
 1419 5933 14745 0.7130766998742625
 1420 5913 14766 0.714057739735964
 1421 5891 14799 0.7152730787820203
 1422 5867 14823 0.7164330594490091
 1423 5843 14851 0.7176476273315937
 1424 5821 14874 0.7187243295482001
 1425 5797 14907 0.7200057959814529
 1426 5774 14936 0.7211974891356833
 1427 5753 14960 0.7222517259691981
 1428 5729 14984 0.7234104185777048
 1429 5714 15001 0.7241612358194545
 1430 5690 15028 0.7253595906940824
 1431 5676 15042 0.7260353315957139
 1432 5652 15056 0.7270620050222136
 1433 5631 15069 0.7279710144927536
 1434 5612 15090 0.7289150806685344
 1435 5594 15112 0.7298367622911234
 1436 5574 15133 0.7308156661998358
 1437 5554 15156 0.7318203766296475
 1438 5536 15183 0.7328056373377093
 1439 5512 15202 0.7338997779279715
 1440 5495 15217 0.7346948628814214
 1441 5477 15236 0.7355766909670255
 1442 5457 15248 0.7364404733156242
 1443 5432 15269 0.7375972175257234
 1444 5407 15295 0.7388175055550188
 1445 5393 15320 0.7396321150967992
 1446 5376 15339 0.7404779145546705
 1447 5352 15357 0.7415616398667246
 1448 5328 15386 0.7427826590711596
 1449 5309 15406 0.7437122857832489
 1450 5283 15439 0.7450535662580832
 1451 5267 15472 0.7460340421428227
 1452 5244 15490 0.7470820873926883
 1453 5234 15519 0.7477954994458632
 1454 5226 15536 0.7482901454580484
 1455 5211 15556 0.7490730485867001
 1456 5189 15579 0.7501444530046225
 1457 5168 15602 0.7511795859412614
 1458 5144 15627 0.7523470222906937
 1459 5124 15640 0.7532267385860143
 1460 5106 15659 0.7541054659282447
 1461 5077 15679 0.755396030063596
 1462 5060 15694 0.7561915775272237
 1463 5049 15717 0.7568621785611095
 1464 5030 15733 0.7577421374560517
 1465 5020 15745 0.7582470503250662
 1466 4996 15766 0.759368076293228
 1467 4973 15780 0.7603719944104467
 1468 4956 15798 0.7612026597282452
 1469 4941 15813 0.761925411968777
 1470 4931 15829 0.76247591522158
 1471 4917 15849 0.7632187229124531
 1472 4902 15874 0.7640546784751636
 1473 4880 15892 0.7650683612555363
 1474 4864 15908 0.7658386289235509
 1475 4852 15929 0.7665174919397526
 1476 4830 15952 0.7675873351939179
 1477 4802 15972 0.7688456724752094
 1478 4780 15983 0.7697827866878582
 1479 4766 16006 0.7705565183901406
 1480 4752 16015 0.7711754225453845
 1481 4726 16036 0.7723726037953954
 1482 4713 16061 0.7731298738808126
 1483 4700 16075 0.7737665463297232
 1484 4685 16091 0.7744994224104736
 1485 4661 16115 0.7756546014632268
 1486 4647 16138 0.7764253067115708
 1487 4626 16163 0.7774784741930829
 1488 4608 16183 0.7783656389784042
 1489 4599 16212 0.7790110998990918
 1490 4584 16238 0.779848237441168
 1491 4575 16260 0.7804175665946724
 1492 4559 16280 0.7812275061183358
 1493 4543 16295 0.7819848353968711
 1494 4527 16314 0.7827839355117316
 1495 4514 16336 0.7835011990407674
 1496 4499 16344 0.7841481552559613
 1497 4480 16355 0.7849772018238541
 1498 4462 16372 0.7858308534126908
 1499 4445 16390 0.7866570674346053
 1500 4427 16405 0.7874903993855606
 1501 4414 16422 0.7881551161451334
 1502 4401 16449 0.7889208633093525
 1503 4383 16467 0.7897841726618705
 1504 4370 16480 0.7904076738609113
 1505 4352 16487 0.7911608042612409
 1506 4331 16510 0.792188474641332
 1507 4313 16525 0.7930223629906901
 1508 4294 16540 0.793894595372948
 1509 4270 16555 0.7949579831932773
 1510 4255 16573 0.7957077011714999
 1511 4243 16588 0.7963131870769526
 1512 4229 16598 0.7969462716665866
 1513 4216 16619 0.7976481881449484
 1514 4205 16641 0.7982826441523554
 1515 4185 16661 0.7992420608270172
 1516 4169 16671 0.7999520153550864
 1517 4157 16693 0.8006235011990408
 1518 4148 16709 0.8011219254926404
 1519 4137 16731 0.8017538815411156
 1520 4114 16755 0.8028654942738033
 1521 4095 16781 0.8038417321325925
 1522 4085 16800 0.8044050754129758
 1523 4072 16816 0.8050555342780544
 1524 4059 16823 0.8056220668518341
 1525 4042 16839 0.8064268952636368
 1526 4025 16858 0.8072594933678111
 1527 4007 16877 0.8081306263167976
 1528 3992 16899 0.8089129290124935
 1529 3977 16911 0.809603600153198
 1530 3965 16931 0.8102507656967841
 1531 3946 16952 0.8111781031677673
 1532 3936 16965 0.8116836514999283
 1533 3924 16987 0.8123475682655062
 1534 3907 17010 0.8132141320457045
 1535 3892 17023 0.8139134592397801
 1536 3872 17048 0.8149139579349904
 1537 3849 17072 0.8160221786721477
 1538 3830 17078 0.8168165295580639
 1539 3802 17095 0.8180600086136766
 1540 3782 17110 0.8189737698640628
 1541 3771 17139 0.8196556671449068
 1542 3754 17151 0.8204257354699832
 1543 3737 17171 0.82126458771762
 1544 3712 17183 0.8223498444603973
 1545 3703 17192 0.8227805695142378
 1546 3689 17208 0.8234674833708188
 1547 3675 17213 0.8240616621983914
 1548 3658 17219 0.8247832542989894
 1549 3642 17233 0.8255329341317366
 1550 3630 17247 0.8261244431671217
 1551 3616 17262 0.8268033336526487
 1552 3604 17283 0.8274524824053239
 1553 3590 17297 0.8281227557811078
 1554 3579 17307 0.8286411950588911
 1555 3567 17332 0.8293219771280923
 1556 3549 17344 0.8301344948068731
 1557 3536 17367 0.8308376788020858
 1558 3522 17380 0.8314993780499473
 1559 3509 17403 0.8322016067329763
 1560 3485 17418 0.8332775199732095
 1561 3474 17439 0.8338832305264668
 1562 3454 17452 0.8347842724576676
 1563 3433 17469 0.8357573437948521
 1564 3412 17487 0.8367385999330111
 1565 3396 17504 0.837511961722488
 1566 3382 17525 0.8382359975127948
 1567 3365 17549 0.8391029932102898
 1568 3352 17561 0.8397169224884043
 1569 3339 17577 0.8403614457831325
 1570 3323 17597 0.8411567877629063
 1571 3315 17605 0.8415391969407265
 1572 3301 17623 0.8422385777098069
 1573 3293 17644 0.8427186320867364
 1574 3280 17653 0.8433096068408733
 1575 3263 17675 0.844158945458019
 1576 3246 17677 0.8448597237489843
 1577 3228 17695 0.8457200210294891
 1578 3211 17714 0.846547192353644
 1579 3194 17732 0.8473669119755328
 1580 3176 17746 0.8481980690182583
 1581 3165 17749 0.8486659653820408
 1582 3152 17758 0.8492587278813964
 1583 3135 17770 0.8500358765845492
 1584 3117 17787 0.8508897818599311
 1585 3105 17795 0.8514354066985645
 1586 3091 17805 0.8520769525267994
 1587 3072 17819 0.8529510315446843
 1588 3062 17837 0.8534858127183119
 1589 3044 17860 0.8543819364714887
 1590 3026 17873 0.8552083831762285
 1591 3014 17880 0.8557480616444912
 1592 3006 17885 0.8561102867263415
 1593 2995 17890 0.8565956428058416
 1594 2974 17892 0.8574714847119717
 1595 2965 17908 0.8579504623197433
 1596 2948 17912 0.8586768935762225
 1597 2938 17925 0.8591765326175526
 1598 2923 17926 0.8598014293251475
 1599 2907 17928 0.860475161987041
 1600 2898 17941 0.8609338259993282
 1601 2885 17959 0.8615908654768758
 1602 2868 17967 0.8623470122390209
 1603 2848 17985 0.8632938127010032
 1604 2839 18004 0.8637912008827904
 1605 2825 18017 0.8644563861433644
 1606 2812 18030 0.8650801266673064
 1607 2799 18041 0.8656909788867563
 1608 2786 18057 0.8663340210142494
 1609 2775 18072 0.8668873219168226
 1610 2761 18085 0.8675525280629377
 1611 2749 18099 0.868140828856485
 1612 2732 18112 0.8689311072730762
 1613 2721 18124 0.8694650995442552
 1614 2711 18139 0.8699760191846523
 1615 2699 18153 0.8705639746786878
 1616 2685 18170 0.8712538959482139
 1617 2676 18179 0.8716854471349796
 1618 2662 18200 0.8723995781804237
 1619 2647 18204 0.8730516521989353
 1620 2635 18221 0.8736574606827772
 1621 2623 18245 0.8743051562200498
 1622 2615 18254 0.874694522976664
 1623 2600 18271 0.8754252311820229
 1624 2587 18286 0.8760599817946629
 1625 2574 18302 0.8767005173404867
 1626 2564 18314 0.8771913018488361
 1627 2547 18328 0.8779880239520959
 1628 2536 18339 0.8785149700598802
 1629 2523 18357 0.8791666666666667
 1630 2517 18370 0.87949442236798
 1631 2501 18387 0.88026618153964
 1632 2490 18396 0.8807813846595806
 1633 2481 18417 0.881280505311513
 1634 2467 18431 0.8819504258780745
 1635 2457 18437 0.8824064324686512
 1636 2447 18456 0.8829354638090227
 1637 2425 18462 0.8838990759802748
 1638 2414 18469 0.8844035818608438
 1639 2397 18479 0.8851791530944625
 1640 2387 18492 0.8856746012740073
 1641 2376 18508 0.8862286918214901
 1642 2366 18526 0.8867509094390197
 1643 2360 18536 0.8870597243491577
 1644 2351 18557 0.8875550028697149
 1645 2343 18573 0.8879804934021801
 1646 2338 18578 0.8882195448460509
 1647 2324 18587 0.8888623212663191
 1648 2311 18613 0.889552666794112
 1649 2298 18626 0.8901739629134009
 1650 2283 18633 0.8908491107286288
 1651 2269 18649 0.891528826847691
 1652 2260 18653 0.8919332472624684
 1653 2250 18667 0.8924319931156476
 1654 2239 18678 0.8929578811493044
 1655 2228 18682 0.8934481109516977
 1656 2216 18688 0.8939915805587447
 1657 2206 18703 0.8944951934573628
 1658 2190 18713 0.8952303497105678
 1659 2182 18723 0.8956230566850036
 1660 2168 18743 0.8963225096838984
 1661 2156 18760 0.8969210174029452
 1662 2150 18774 0.8972471802714587
 1663 2140 18774 0.8976761977622645
 1664 2127 18771 0.8982199253517082
 1665 2115 18784 0.898798985597397
 1666 2106 18797 0.8992489116394776
 1667 2098 18806 0.8996364332185228
 1668 2084 18817 0.9002918520644945
