 "time" "normal population" "cancer population" "cancer proportion"patch_inflammation:0.4
 1 10390 0 0
 2 10390 0 0
 3 10554 5 4.735296903115825E-4
 4 10557 5 4.7339519030486653E-4
 5 10746 9 8.368200836820083E-4
 6 10751 9 8.364312267657993E-4
 7 10918 16 0.0014633254069873788
 8 10943 17 0.0015510948905109489
 9 11139 21 0.001881720430107527
 10 11158 21 0.001878522229179712
 11 11340 25 0.002199736031676199
 12 11354 25 0.002197029615959223
 13 11513 29 0.002512562814070352
 14 11535 30 0.0025940337224383916
 15 11708 34 0.0028955884857775507
 16 11725 35 0.002976190476190476
 17 11887 40 0.0033537352226041756
 18 11911 40 0.0033470002510250186
 19 12101 41 0.0033767089441607643
 20 12122 42 0.0034528115751397566
 21 12304 43 0.0034826273588726008
 22 12330 43 0.003475309140871252
 23 12508 49 0.003902205940909453
 24 12528 49 0.0038960006360817365
 25 12711 51 0.003996238834038552
 26 12730 51 0.003990298098740318
 27 12903 57 0.004398148148148148
 28 12923 60 0.004621428021258569
 29 13101 60 0.0045589240939138366
 30 13129 62 0.004700174361306952
 31 13295 67 0.005014219428229307
 32 13312 71 0.005305237988492864
 33 13487 77 0.0056767915069301095
 34 13515 80 0.005884516366311144
 35 13701 82 0.005949357904665167
 36 13723 86 0.0062278224346440725
 37 13907 96 0.006855673784189102
 38 13925 100 0.0071301247771836
 39 14113 106 0.007454813981292637
 40 14135 111 0.007791660817071459
 41 14298 117 0.008116545265348595
 42 14323 122 0.00844582900657667
 43 14493 126 0.008618920582803202
 44 14514 127 0.008674270883136399
 45 14676 131 0.00884716688052948
 46 14704 133 0.00896407629574712
 47 14882 140 0.009319664492078284
 48 14903 146 0.009701641305070105
 49 15078 148 0.009720215420990412
 50 15106 151 0.009897096414760437
 51 15285 154 0.009974739296586566
 52 15304 160 0.010346611484738748
 53 15628 166 0.010510320374825884
 54 15654 167 0.010555590670627647
 55 16040 182 0.011219331771668105
 56 16084 188 0.011553588987217306
 57 16477 201 0.012051804772754526
 58 16569 206 0.012280178837555887
 59 17017 218 0.012648680011604293
 60 17089 222 0.01282421581653284
 61 17497 237 0.013364159242133754
 62 17576 250 0.014024458655895883
 63 18011 262 0.014338094456301647
 64 18073 270 0.014719511530284031
 65 18486 280 0.014920601087072365
 66 18562 283 0.015017245953833908
 67 18982 290 0.015047737650477377
 68 19040 299 0.015460985573194063
 69 19461 312 0.015779092702169626
 70 19534 319 0.016068100538961367
 71 19959 329 0.01621648264984227
 72 20038 335 0.01644333186079615
 73 20452 355 0.017061565819195462
 74 20526 360 0.017236426314277506
 75 20913 370 0.017384767185077293
 76 20968 370 0.01733995688443153
 77 21342 383 0.01762945914844649
 78 21395 391 0.017947305609106765
 79 21769 408 0.018397438787933446
 80 21853 419 0.0188128591954023
 81 22245 429 0.018920349298756283
 82 22315 436 0.01916399279152565
 83 22630 450 0.01949740034662045
 84 22696 457 0.019738262860104522
 85 23019 466 0.019842452629337877
 86 23083 473 0.02007980981490915
 87 23396 479 0.02006282722513089
 88 23456 486 0.02029905605212597
 89 23765 495 0.020403957131079967
 90 23819 498 0.02047949993831476
 91 24108 508 0.020636984075398115
 92 24171 517 0.020941348023331172
 93 24484 529 0.021149002518690282
 94 24538 535 0.021337693933713556
 95 24804 547 0.021577058104216795
 96 24842 552 0.021737418287784516
 97 25130 560 0.021798365122615803
 98 25177 565 0.021948566544946004
 99 25414 576 0.022162370142362445
 100 25475 579 0.0222230751516082
 101 25723 587 0.022310908399847968
 102 25791 598 0.022660957217022243
 103 25972 605 0.022764044098280468
 104 26022 615 0.02308818560648722
 105 26150 626 0.02337914550343591
 106 26195 634 0.023631145402363114
 107 26343 646 0.023935677498240025
 108 26395 650 0.024034017378443333
 109 26541 660 0.024263813830373883
 110 26595 669 0.024537852112676055
 111 26715 679 0.02478644958750091
 112 26761 688 0.025064665379430945
 113 26872 690 0.02503446774544663
 114 26919 694 0.02513308948683591
 115 27035 698 0.025168571737641077
 116 27072 706 0.02541579667362661
 117 27204 716 0.025644699140401146
 118 27244 720 0.025747389500786727
 119 27364 729 0.025949524792652973
 120 27405 733 0.02605018124955576
 121 27531 739 0.026140785284754157
 122 27577 748 0.02640776699029126
 123 27695 751 0.026400899950783943
 124 27736 756 0.026533763863540644
 125 27847 760 0.026566924179396652
 126 27876 763 0.02664199168965397
 127 27976 770 0.02678633549015515
 128 27997 773 0.02686826555439694
 129 28097 777 0.026910022857934476
 130 28127 782 0.027050399529558268
 131 28212 790 0.027239500724087994
 132 28244 798 0.027477446456855587
 133 28338 809 0.027755858235839023
 134 28372 815 0.02792339055058759
 135 28451 821 0.028047280677780815
 136 28473 826 0.02819208846718318
 137 28542 832 0.028324368489140057
 138 28572 837 0.02846067530347853
 139 28656 843 0.028577239906437506
 140 28681 848 0.028717531917775745
 141 28762 852 0.02877017626798136
 142 28787 857 0.028909728781540953
 143 28864 866 0.029128826101580893
 144 28883 874 0.029371240380414693
 145 28947 879 0.029470931402132368
 146 28966 890 0.029809753483386926
 147 29045 900 0.03005510101853398
 148 29075 904 0.030154441442342972
 149 29149 912 0.030338312098732577
 150 29169 918 0.03051151660185462
 151 29221 926 0.030716157494941453
 152 29247 932 0.030882401670035454
 153 29307 938 0.0310133906430815
 154 29331 946 0.03124483931697328
 155 29388 953 0.031409643716423324
 156 29407 956 0.03148568981984652
 157 29470 958 0.03148415932693572
 158 29494 960 0.031522952649898205
 159 29555 968 0.03171378960128428
 160 29579 975 0.031910715454604964
 161 29639 984 0.03213271070763805
 162 29659 989 0.03226964239102062
 163 29703 995 0.03241253501856799
 164 29731 999 0.03250894890986007
 165 29769 1011 0.03284600389863548
 166 29785 1019 0.03308011946500455
 167 29840 1024 0.03317781233799896
 168 29855 1026 0.03322431268417474
 169 29909 1034 0.03341628154994668
 170 29933 1039 0.03354642903267467
 171 29994 1042 0.03357391416419642
 172 30012 1046 0.0336789233047846
 173 30065 1049 0.0337147264896831
 174 30080 1051 0.03376056021329222
 175 30127 1058 0.03392656725990059
 176 30153 1062 0.034022104757328205
 177 30204 1069 0.03418284142870847
 178 30219 1074 0.03432077461413095
 179 30272 1081 0.03447835932765605
 180 30295 1083 0.03451462808337052
 181 30332 1085 0.03453544259477353
 182 30343 1087 0.0345847916003818
 183 30386 1096 0.03481354424750651
 184 30404 1099 0.034885566453988506
 185 30437 1102 0.034940866863248675
 186 30453 1104 0.034984314098298316
 187 30485 1114 0.03525428019874047
 188 30498 1117 0.03533133006484264
 189 30535 1125 0.03553379658875553
 190 30546 1138 0.035917182173967936
 191 30590 1142 0.03598890709693685
 192 30608 1147 0.036120296016375376
 193 30639 1155 0.03632760898282695
 194 30648 1157 0.036377927998742336
 195 30694 1162 0.03647664490205927
 196 30700 1165 0.036560489565353835
 197 30738 1168 0.03660753463298439
 198 30748 1171 0.03668661298912873
 199 30783 1175 0.03676700669628888
 200 30798 1180 0.03690036900369004
 201 30836 1185 0.03700696417975703
 202 30853 1187 0.03704744069912609
 203 30881 1193 0.037195236016711354
 204 30895 1199 0.03735900791425188
 205 30933 1210 0.03764427713654606
 206 30944 1216 0.03781094527363184
 207 30979 1224 0.03800888116014036
 208 30994 1232 0.03823000062061689
 209 31023 1235 0.03828507657015314
 210 31033 1238 0.03836261659074711
 211 31067 1244 0.03850082015412708
 212 31079 1249 0.038635238802276664
 213 31122 1255 0.03876208419557093
 214 31132 1264 0.03901716261266823
 215 31165 1268 0.039095982486973144
 216 31177 1275 0.03928879575989153
 217 31203 1286 0.039582627966388624
 218 31218 1291 0.03971207973176659
 219 31253 1300 0.03993487543390778
 220 31265 1304 0.04003807301421597
 221 31293 1311 0.04020979020979021
 222 31302 1314 0.04028697571743929
 223 31325 1321 0.040464375421184834
 224 31334 1326 0.04060012247397428
 225 31356 1332 0.040748898678414094
 226 31367 1337 0.04088184931506849
 227 31391 1344 0.041056972659233235
 228 31398 1346 0.041106767652088934
 229 31419 1350 0.041197473221642404
 230 31423 1353 0.04128020502806932
 231 31453 1357 0.04135934166412679
 232 31461 1362 0.041495292934832284
 233 31484 1365 0.041553776370665776
 234 31492 1368 0.04163116250760803
 235 31528 1373 0.04173125436916811
 236 31533 1379 0.04189961108410306
 237 31565 1389 0.04214966316683862
 238 31578 1391 0.042191149261427405
 239 31598 1395 0.04228169611735823
 240 31615 1399 0.042375961713212576
 241 31632 1404 0.04249909189974573
 242 31640 1412 0.04272056153939247
 243 31661 1417 0.0428381401535764
 244 31667 1419 0.04288823067158315
 245 31690 1428 0.043118545805906155
 246 31694 1435 0.04331552416311993
 247 31712 1443 0.043522847232694915
 248 31720 1451 0.043743028549033794
 249 31746 1458 0.04391037224430792
 250 31752 1469 0.04421901809096656
 251 31777 1474 0.044329493849809026
 252 31786 1478 0.044432419432419434
 253 31808 1484 0.044575273338940284
 254 31816 1492 0.04479404347303951
 255 31831 1498 0.044945842959584745
 256 31831 1505 0.045146388288936884
 257 31857 1514 0.04536873333133559
 258 31866 1522 0.045585240206062055
 259 31888 1528 0.045726598036868564
 260 31898 1535 0.04591272096431669
 261 31914 1546 0.04620442319187089
 262 31920 1546 0.046196139365326
 263 31951 1550 0.04626727560371332
 264 31956 1557 0.046459582848446875
 265 31977 1560 0.04651578853206906
 266 31980 1563 0.04659690546462749
 267 31998 1570 0.04677073403241182
 268 32002 1575 0.046907109032969
 269 32019 1582 0.047081932085354605
 270 32021 1591 0.0473342853742711
 271 32033 1597 0.04748736247398157
 272 32034 1599 0.047542592097047545
 273 32040 1607 0.04776057300799477
 274 32044 1612 0.0478963632041835
 275 32054 1620 0.04810833283839164
 276 32052 1628 0.04833729216152019
 277 32062 1632 0.04843592330978809
 278 32062 1634 0.048492402659069324
 279 32072 1635 0.0485062449936215
 280 32075 1639 0.04861481876965059
 281 32096 1644 0.04872554831061055
 282 32093 1646 0.0487862710809449
 283 32107 1647 0.048794216981691056
 284 32102 1652 0.048942347573620905
 285 32117 1659 0.049117716721932735
 286 32111 1664 0.049267209474463364
 287 32125 1672 0.04947184661360476
 288 32120 1676 0.049591667652976686
 289 32131 1681 0.049716077132379036
 290 32124 1685 0.049838800319441566
 291 32130 1695 0.050110864745011086
 292 32125 1700 0.05025868440502587
 293 32131 1712 0.05058653192683864
 294 32125 1714 0.050651615000443274
 295 32126 1716 0.05070622303646356
 296 32117 1721 0.05085997990424966
 297 32129 1730 0.051094243775657876
 298 32121 1743 0.051470588235294115
 299 32129 1750 0.05165441719059004
 300 32115 1759 0.05192773218397591
 301 32120 1761 0.051976033765237156
 302 32112 1767 0.052156202957584344
 303 32124 1774 0.05233347100123901
 304 32115 1779 0.0524871658700655
 305 32122 1786 0.05267193582635366
 306 32111 1792 0.052856679349910035
 307 32106 1796 0.05297622559141053
 308 32096 1804 0.053215339233038346
 309 32101 1811 0.05340292521821184
 310 32095 1819 0.05363566668632423
 311 32106 1822 0.05370195708559302
 312 32097 1828 0.05388356669123066
 313 32101 1832 0.053988742522028704
 314 32093 1834 0.05405724054587791
 315 32089 1840 0.054230893925550416
 316 32071 1848 0.05448273828827501
 317 32065 1852 0.05460388595689477
 318 32041 1854 0.05469833308747603
 319 32050 1859 0.05482320327936536
 320 32040 1870 0.05514597463874963
 321 32043 1875 0.05528038209800106
 322 32035 1881 0.0554605495931124
 323 32040 1887 0.05561941816252542
 324 32026 1894 0.055837264150943394
 325 32031 1903 0.05607944834089704
 326 32028 1909 0.05625128915343136
 327 32033 1915 0.056409803228467066
 328 32012 1926 0.05675054511167423
 329 32005 1934 0.056984589999705355
 330 31992 1941 0.057200954822738924
 331 31999 1946 0.057328030637796436
 332 31988 1949 0.05742994371924448
 333 31991 1957 0.057646989513373395
 334 31978 1963 0.05783565599127898
 335 31982 1971 0.05805083497776338
 336 31961 1981 0.05836426845795769
 337 31950 1985 0.058494180050095775
 338 31933 1989 0.05863451447438241
 339 31939 1996 0.05881832915868572
 340 31930 2004 0.05905581422761832
 341 31929 2008 0.05916845920381884
 342 31910 2015 0.05939572586588062
 343 31906 2020 0.05954135471319932
 344 31887 2030 0.05985199162661792
 345 31884 2034 0.05996815849991155
 346 31868 2037 0.06007963427223124
 347 31860 2043 0.06026015396867534
 348 31848 2047 0.06039238825785514
 349 31838 2054 0.060604272394665405
 350 31816 2058 0.06075456102025152
 351 31807 2066 0.060992530924335014
 352 31787 2070 0.061139498478896534
 353 31776 2078 0.06138122526141667
 354 31757 2086 0.061637561681883994
 355 31745 2095 0.06190898345153664
 356 31723 2098 0.06203246503651577
 357 31723 2106 0.06225427887315617
 358 31699 2115 0.06254805701780328
 359 31681 2123 0.06280321855401727
 360 31661 2131 0.06306226325757576
 361 31645 2143 0.06342488457440511
 362 31617 2151 0.06369936034115138
 363 31611 2158 0.06390476472504368
 364 31585 2163 0.06409268697404291
 365 31589 2169 0.06425143669648675
 366 31565 2179 0.06457444286391655
 367 31548 2185 0.0647733673257641
 368 31517 2191 0.06499940666903999
 369 31514 2199 0.06522706374395634
 370 31489 2202 0.06535870113680212
 371 31487 2213 0.06566765578635014
 372 31460 2219 0.06588675435731464
 373 31447 2223 0.06602316602316602
 374 31419 2227 0.0661891458122808
 375 31424 2231 0.06629029861833309
 376 31411 2236 0.06645466163402383
 377 31401 2243 0.0666686481987873
 378 31376 2255 0.0670512324938301
 379 31362 2263 0.06730111524163569
 380 31340 2269 0.06751167841947098
 381 31327 2275 0.06770430331527885
 382 31310 2277 0.06779408699794563
 383 31289 2283 0.06800309781961159
 384 31259 2288 0.06820281992428533
 385 31248 2295 0.06841964046149718
 386 31222 2301 0.06863944157742445
 387 31204 2308 0.06887085223203629
 388 31172 2316 0.06915910176779742
 389 31151 2329 0.06956391875746715
 390 31125 2337 0.06984041599426215
 391 31108 2341 0.06998714460820951
 392 31079 2350 0.07029824403960633
 393 31069 2361 0.07062518695782231
 394 31039 2366 0.07082772040113755
 395 31015 2376 0.07115689856548171
 396 30994 2389 0.07156337057783901
 397 30986 2394 0.07171959257040143
 398 30962 2403 0.0720215794994755
 399 30946 2409 0.07222305501424074
 400 30922 2418 0.0725254949010198
 401 30904 2424 0.07273163706192991
 402 30872 2429 0.07294075252995405
 403 30862 2443 0.0733523494970725
 404 30840 2449 0.07356784523416143
 405 30823 2454 0.07374462842203323
 406 30791 2463 0.07406627774102363
 407 30771 2471 0.07433367426749293
 408 30741 2478 0.07459586381287817
 409 30718 2489 0.07495407594784233
 410 30685 2501 0.07536310492376304
 411 30667 2509 0.07562695924764891
 412 30634 2518 0.07595318532818533
 413 30618 2530 0.07632436346084229
 414 30576 2541 0.0767279644895371
 415 30554 2550 0.07702996616723054
 416 30520 2563 0.07747181331801832
 417 30508 2577 0.07789028260541031
 418 30476 2583 0.07813303487703803
 419 30460 2591 0.07839399715591057
 420 30428 2600 0.07872108513988131
 421 30405 2614 0.07916654047669523
 422 30373 2627 0.07960606060606061
 423 30349 2636 0.07991511293011976
 424 30315 2645 0.08024878640776699
 425 30298 2653 0.08051348972717065
 426 30272 2659 0.08074458716710699
 427 30256 2670 0.08109093117900747
 428 30225 2686 0.08161405001367324
 429 30203 2704 0.0821709666636278
 430 30173 2723 0.08277602140077821
 431 30145 2736 0.08320914814026338
 432 30110 2739 0.08338153368443484
 433 30086 2746 0.0836379142300195
 434 30057 2754 0.08393526561214226
 435 30036 2762 0.08421245197877919
 436 30006 2771 0.08454098910821613
 437 29975 2783 0.0849563465413029
 438 29955 2790 0.08520384791571232
 439 29928 2793 0.08535802695516641
 440 29900 2809 0.08587850438717172
 441 29882 2816 0.08612147531959141
 442 29849 2829 0.08657200563069956
 443 29826 2839 0.08691259758150927
 444 29794 2845 0.08716566071264438
 445 29774 2855 0.08749885071562108
 446 29741 2864 0.0878392884526913
 447 29722 2870 0.08805841924398626
 448 29687 2878 0.08837709196990634
 449 29670 2884 0.08859126374639062
 450 29635 2889 0.0888267125814783
 451 29614 2900 0.08919234791166882
 452 29583 2909 0.0895297303951742
 453 29556 2918 0.08985650058508345
 454 29532 2928 0.09020332717190388
 455 29512 2943 0.09067940224926822
 456 29480 2955 0.09110528749807308
 457 29450 2963 0.09141393885169531
 458 29417 2970 0.0917034612653225
 459 29389 2983 0.0921475349067095
 460 29360 2999 0.09267900738588955
 461 29342 3019 0.09329130743796545
 462 29307 3031 0.09372874018182943
 463 29282 3042 0.09410963989605246
 464 29250 3058 0.09465147950971896
 465 29222 3067 0.09498590851373533
 466 29193 3077 0.09535171986365044
 467 29170 3082 0.09555996527347141
 468 29130 3095 0.09604344453064391
 469 29112 3104 0.09634963993046933
 470 29085 3112 0.0966549678541479
 471 29061 3121 0.0969796780809148
 472 29033 3131 0.09734485760477553
 473 29003 3147 0.09788491446345257
 474 28968 3160 0.09835657370517928
 475 28943 3175 0.09885422504514603
 476 28912 3193 0.09945491356486529
 477 28879 3203 0.09983791534193628
 478 28836 3215 0.10030888271816792
 479 28809 3222 0.10059005338578253
 480 28778 3239 0.10116500609051442
 481 28749 3251 0.10159375
 482 28703 3261 0.10202102365160806
 483 28682 3275 0.10248145946115092
 484 28650 3283 0.1028090063570601
 485 28620 3296 0.10327108660233111
 486 28589 3311 0.10379310344827586
 487 28567 3326 0.10428620700467187
 488 28538 3341 0.10480253458389535
 489 28510 3354 0.10525985438111976
 490 28482 3361 0.10554910027321546
 491 28467 3374 0.10596400866806947
 492 28435 3385 0.10637963544940289
 493 28403 3394 0.10673962952479794
 494 28367 3406 0.10719793535391685
 495 28329 3420 0.10771992818671454
 496 28320 3431 0.10805958867437246
 497 28299 3437 0.10829972271237712
 498 28268 3453 0.10885533242962075
 499 28249 3474 0.10951044983135265
 500 28218 3491 0.11009492573086506
 501 28184 3507 0.11066233315452337
 502 28163 3518 0.11104447460623086
 503 28142 3529 0.11142685737741151
 504 28108 3547 0.11205180856104881
 505 28082 3568 0.11273301737756714
 506 28061 3585 0.11328445933135309
 507 28043 3598 0.1137132201889953
 508 27999 3610 0.11420797874023221
 509 27976 3632 0.11490761832447481
 510 27945 3648 0.11546861646567277
 511 27921 3663 0.11597644376899696
 512 27883 3678 0.11653623142485979
 513 27863 3692 0.11700205989542069
 514 27839 3714 0.11770671568472095
 515 27817 3733 0.11832012678288431
 516 27794 3749 0.11885362838030625
 517 27763 3768 0.11950144302432526
 518 27725 3790 0.12026019355862287
 519 27707 3808 0.12083135015072188
 520 27666 3826 0.1214911723612346
 521 27639 3838 0.12193029831305398
 522 27609 3850 0.12238151244476939
 523 27602 3867 0.12288283707775906
 524 27574 3880 0.12335474025561137
 525 27556 3904 0.12409408773045137
 526 27522 3914 0.12450693472451965
 527 27487 3925 0.1249522475487075
 528 27455 3936 0.12538625720747984
 529 27428 3956 0.1260514912057099
 530 27399 3975 0.12669726525148212
 531 27374 3988 0.12716025763663033
 532 27343 4000 0.12762020227802062
 533 27322 4019 0.12823458090041798
 534 27283 4039 0.12895089713300556
 535 27257 4054 0.1294752642841174
 536 27218 4067 0.1299984017899952
 537 27187 4090 0.13076701729705534
 538 27154 4100 0.13118320854930568
 539 27125 4120 0.13186109777564411
 540 27101 4137 0.13243485498431398
 541 27075 4150 0.13290632506004804
 542 27051 4163 0.13336964182738514
 543 27015 4181 0.13402359276830364
 544 26988 4198 0.13461168473032772
 545 26957 4215 0.13521750288720646
 546 26941 4238 0.1359248211937522
 547 26919 4257 0.1365473441108545
 548 26888 4269 0.1370157588984819
 549 26867 4278 0.13735752127147213
 550 26838 4294 0.13792881922137992
 551 26822 4310 0.13844275986123603
 552 26789 4327 0.1390602905257745
 553 26758 4341 0.1395864818804463
 554 26720 4362 0.14033845955858695
 555 26694 4377 0.14087090856425605
 556 26652 4393 0.1415042679980673
 557 26616 4414 0.14224943602964873
 558 26591 4433 0.1428893759669933
 559 26567 4446 0.14335923644923096
 560 26536 4463 0.14397238620600664
 561 26510 4481 0.14459036494466135
 562 26477 4498 0.1452138821630347
 563 26447 4514 0.14579632440812634
 564 26411 4532 0.14646285104870246
 565 26391 4552 0.1471092007885467
 566 26365 4573 0.14781175253733272
 567 26334 4587 0.14834578441835647
 568 26301 4609 0.1491103202846975
 569 26286 4634 0.1498706338939198
 570 26252 4645 0.15033822053921092
 571 26235 4673 0.1511906302575385
 572 26205 4697 0.1519966345220374
 573 26188 4709 0.15240961905686637
 574 26159 4721 0.15288212435233162
 575 26135 4737 0.15344001036537963
 576 26104 4762 0.1542797900602605
 577 26081 4783 0.15497019180922758
 578 26052 4812 0.15590979782270606
 579 26028 4833 0.15660542432195976
 580 25996 4849 0.15720538174744692
 581 25973 4872 0.15795104555033232
 582 25946 4899 0.15882639001458906
 583 25927 4922 0.1595513630911861
 584 25904 4935 0.16002464411945913
 585 25889 4954 0.16061991375676815
 586 25852 4980 0.16152049818370523
 587 25832 5017 0.16263087944503873
 588 25799 5044 0.16353791784197386
 589 25784 5063 0.16413265471520733
 590 25758 5079 0.16470473781496253
 591 25728 5097 0.16535279805352798
 592 25701 5111 0.16587693106581852
 593 25677 5127 0.1664394234514998
 594 25648 5149 0.16719160957236096
 595 25616 5168 0.16787941787941787
 596 25584 5191 0.16867587327376116
 597 25560 5221 0.1696176212598681
 598 25532 5239 0.17025771018166455
 599 25514 5263 0.17100432140884428
 600 25490 5294 0.17197245322245322
 601 25472 5313 0.17258405067402957
 602 25452 5332 0.1732068607068607
 603 25425 5349 0.1738155585884188
 604 25396 5366 0.1744359924582277
 605 25367 5390 0.1752446597522515
 606 25337 5410 0.17595212541060917
 607 25309 5427 0.17656819364914106
 608 25274 5450 0.17738575706288243
 609 25255 5468 0.17797741106011783
 610 25227 5488 0.17867491453687123
 611 25194 5508 0.17940199335548174
 612 25170 5539 0.18037057540134813
 613 25154 5565 0.18115824082815196
 614 25113 5585 0.18193367646100722
 615 25084 5609 0.182745251360245
 616 25063 5631 0.18345605004235355
 617 25030 5646 0.18405267961924632
 618 25002 5666 0.18475283683318117
 619 24975 5686 0.18544731091614755
 620 24943 5709 0.18625212057940754
 621 24916 5731 0.18700035892583286
 622 24890 5753 0.18774271448617955
 623 24869 5780 0.18858690332474143
 624 24834 5802 0.18938503721112418
 625 24808 5820 0.19002220190675198
 626 24777 5839 0.19071727201463287
 627 24763 5859 0.19133302854157141
 628 24736 5888 0.1922675026123302
 629 24719 5915 0.19308611346869492
 630 24688 5937 0.19386122448979592
 631 24667 5965 0.1947310002611648
 632 24649 5989 0.19547620601866963
 633 24627 6017 0.1963516512204673
 634 24608 6040 0.1970764813364657
 635 24596 6060 0.19767745302713988
 636 24573 6080 0.19834926434606726
 637 24544 6100 0.1990601749118914
 638 24526 6121 0.19972591118217117
 639 24501 6144 0.20048947626040137
 640 24477 6171 0.2013508222396241
 641 24462 6191 0.2019704433497537
 642 24439 6216 0.20277279399771653
 643 24405 6247 0.20380399321414588
 644 24379 6276 0.20473006034904584
 645 24355 6298 0.20546112941637035
 646 24327 6324 0.20632279534109818
 647 24304 6350 0.20715077966986364
 648 24277 6382 0.20816073583613295
 649 24246 6406 0.20899125668798121
 650 24218 6432 0.2098531810766721
 651 24191 6450 0.2105022682027349
 652 24169 6483 0.21150332767845492
 653 24147 6511 0.21237523647987475
 654 24114 6537 0.21327199765097388
 655 24108 6570 0.21415998435360845
 656 24076 6601 0.2151774945398833
 657 24050 6628 0.21605058999934806
 658 24022 6655 0.21693777096847802
 659 24001 6683 0.21780080823882153
 660 23964 6704 0.21859919133950698
 661 23939 6736 0.2195925020374898
 662 23916 6752 0.22016434068083995
 663 23892 6783 0.22112469437652812
 664 23865 6811 0.22203025166253748
 665 23839 6837 0.22287781979397575
 666 23813 6865 0.22377599582762892
 667 23788 6889 0.22456563549238842
 668 23758 6920 0.2255688115261751
 669 23736 6945 0.22636159186467195
 670 23714 6975 0.22728013294665841
 671 23686 6993 0.22794093679715766
 672 23664 7010 0.22853230749168676
 673 23645 7035 0.22930247718383312
 674 23618 7065 0.2302577974774305
 675 23598 7095 0.23116019939399862
 676 23575 7124 0.2320596762109515
 677 23567 7151 0.23279510384790678
 678 23540 7181 0.23374890140294913
 679 23513 7217 0.2348519362186788
 680 23487 7241 0.23564826868003125
 681 23467 7268 0.23647307629738085
 682 23439 7303 0.2375577385986598
 683 23424 7337 0.2385163031110822
 684 23400 7364 0.23937069301781302
 685 23363 7401 0.2405733974775712
 686 23338 7425 0.2413613756785749
 687 23318 7450 0.2421346853874155
 688 23283 7480 0.24314923772063843
 689 23251 7500 0.2438945074956912
 690 23225 7527 0.24476456815816858
 691 23199 7547 0.2454628244324465
 692 23171 7572 0.2462999707250431
 693 23142 7607 0.24739015902956193
 694 23109 7635 0.24834113973458236
 695 23088 7662 0.24917073170731707
 696 23064 7693 0.2501219234645772
 697 23037 7713 0.2508292682926829
 698 23005 7736 0.25165088969129173
 699 22985 7762 0.2524473932416171
 700 22957 7791 0.25338233381032915
 701 22939 7824 0.25433150212918115
 702 22912 7856 0.25533021320852833
 703 22885 7888 0.25632859974653105
 704 22856 7915 0.2572227096941926
 705 22839 7945 0.25808861746361744
 706 22819 7971 0.25888275414095485
 707 22791 8003 0.25988828992660906
 708 22765 8037 0.2609246152847218
 709 22732 8064 0.2618521885959216
 710 22695 8095 0.262910035725885
 711 22663 8112 0.2635905767668562
 712 22641 8142 0.2644966377546048
 713 22613 8179 0.265620940504027
 714 22582 8212 0.26667532636227836
 715 22555 8241 0.26759968827120406
 716 22523 8266 0.2684725064146286
 717 22490 8291 0.2693544719144927
 718 22456 8322 0.27038793943726036
 719 22440 8351 0.27121561495242114
 720 22408 8374 0.2720421025274511
 721 22384 8401 0.27289264252070816
 722 22356 8437 0.2739908420744975
 723 22330 8460 0.27476453393959077
 724 22301 8483 0.2755652286902287
 725 22271 8519 0.2766807405001624
 726 22245 8541 0.2774312999415319
 727 22217 8567 0.2782939189189189
 728 22187 8597 0.27926845114345117
 729 22154 8632 0.2803871889820048
 730 22126 8661 0.2813200376782408
 731 22105 8687 0.2821187321382177
 732 22078 8727 0.283298165882162
 733 22054 8752 0.2841004999026164
 734 22023 8784 0.28513000292141394
 735 22000 8809 0.2859229445941121
 736 21980 8840 0.28682673588578844
 737 21945 8866 0.2877543734380578
 738 21916 8891 0.28860323952348493
 739 21888 8923 0.28960436207847845
 740 21859 8950 0.29049952935830436
 741 21836 8989 0.2916139497161395
 742 21793 9028 0.2929171668667467
 743 21772 9058 0.29380473564709697
 744 21742 9084 0.2946863037695452
 745 21724 9110 0.2954530712849452
 746 21682 9139 0.2965186074429772
 747 21657 9168 0.29742092457420927
 748 21631 9199 0.2983782030489783
 749 21602 9234 0.29945518225450773
 750 21573 9265 0.30044101433296583
 751 21549 9299 0.30144579875518673
 752 21514 9334 0.30258039419087135
 753 21489 9361 0.3034359805510535
 754 21466 9389 0.3042942796953492
 755 21430 9419 0.30532594249408407
 756 21395 9447 0.3063030931846184
 757 21368 9482 0.3073581847649919
 758 21334 9515 0.3084378748095562
 759 21291 9549 0.30963035019455254
 760 21269 9570 0.3103213463471578
 761 21254 9603 0.3112097741193246
 762 21234 9638 0.3121922777921741
 763 21210 9669 0.3131254250461479
 764 21178 9708 0.3143171663536878
 765 21156 9736 0.31516250161854203
 766 21119 9779 0.3164929768917082
 767 21081 9810 0.3175682237544916
 768 21053 9844 0.31860698449687674
 769 21013 9879 0.3197915317881652
 770 20982 9919 0.3209928481278923
 771 20944 9948 0.3220251197721093
 772 20910 9981 0.32310381664562493
 773 20880 10015 0.32416248583913254
 774 20851 10064 0.3255377648390749
 775 20811 10093 0.3265920269220813
 776 20774 10121 0.32759346172519827
 777 20748 10156 0.32863059798084393
 778 20711 10184 0.32963262663861465
 779 20692 10214 0.33048598977544813
 780 20650 10242 0.3315421468341318
 781 20612 10278 0.3327290385237941
 782 20578 10313 0.3338512835453692
 783 20558 10342 0.3346925566343042
 784 20517 10373 0.3358044674651991
 785 20482 10406 0.3368945868945869
 786 20445 10440 0.3380281690140845
 787 20421 10467 0.33886946386946387
 788 20388 10502 0.33998057623826483
 789 20358 10535 0.3410157640889522
 790 20329 10572 0.34212485032846834
 791 20302 10598 0.34297734627831716
 792 20273 10637 0.34412811387900355
 793 20248 10664 0.3449792960662526
 794 20223 10697 0.3459573091849935
 795 20193 10724 0.346864184752725
 796 20154 10756 0.3479780006470398
 797 20115 10797 0.34928183229813664
 798 20070 10832 0.35052747394990613
 799 20031 10854 0.35143273433705685
 800 20002 10891 0.3525394102223805
 801 19958 10927 0.35379634126598675
 802 19920 10958 0.35488049744154415
 803 19885 10992 0.3559931340479969
 804 19855 11026 0.35704802305624816
 805 19838 11057 0.3578896261530992
 806 19810 11086 0.35881667529777317
 807 19763 11114 0.35994429510638987
 808 19736 11165 0.36131516779392253
 809 19705 11194 0.36227709634616007
 810 19664 11233 0.36356280545036734
 811 19622 11272 0.36486049071017024
 812 19598 11306 0.3658426093709552
 813 19564 11337 0.3668813307012718
 814 19527 11375 0.36809915215843636
 815 19499 11425 0.3694541456473936
 816 19469 11470 0.3707294999838392
 817 19436 11506 0.3718570228168832
 818 19393 11533 0.3729224600659639
 819 19370 11575 0.374050735175311
 820 19341 11609 0.37508885298869143
 821 19308 11649 0.3762961527279775
 822 19287 11692 0.37741695987604507
 823 19254 11722 0.3784220041322314
 824 19224 11756 0.37947062621045835
 825 19195 11782 0.3803467088485005
 826 19162 11822 0.38155176865478957
 827 19130 11855 0.38260448604163305
 828 19088 11895 0.3839202143110738
 829 19055 11920 0.3848264729620662
 830 19014 11956 0.3860510171133355
 831 18986 11994 0.38715300193673335
 832 18955 12025 0.3881536475145255
 833 18918 12062 0.3893479664299548
 834 18883 12105 0.39063508454885765
 835 18854 12137 0.3916298280145849
 836 18839 12168 0.3924275163672719
 837 18810 12203 0.3934801534840228
 838 18766 12243 0.39482085846044696
 839 18731 12275 0.39589111784815845
 840 18686 12301 0.39697292412947366
 841 18654 12333 0.3980056152580114
 842 18619 12375 0.39927082661160224
 843 18581 12406 0.40036144189498823
 844 18545 12451 0.4016969931604078
 845 18505 12488 0.4029296938018262
 846 18470 12522 0.4040397521941146
 847 18436 12554 0.40509841884478864
 848 18397 12588 0.40626109407777955
 849 18359 12621 0.4073918657198192
 850 18318 12660 0.4086771257021112
 851 18289 12698 0.4097847484428954
 852 18255 12732 0.4108819827669668
 853 18218 12767 0.4120380829433597
 854 18174 12805 0.4133445237096097
 855 18135 12836 0.4144522295050208
 856 18084 12877 0.4159103388133458
 857 18054 12910 0.41693579640873274
 858 18011 12949 0.41824935400516794
 859 17976 12989 0.4194735992249314
 860 17937 13022 0.4206208210859524
 861 17903 13063 0.42184977071626945
 862 17870 13091 0.4228222602629114
 863 17838 13130 0.423986050116249
 864 17813 13165 0.4249790173671638
 865 17779 13199 0.42607657046936537
 866 17744 13233 0.42718791361332603
 867 17715 13280 0.42845620261332473
 868 17676 13326 0.4298432359202632
 869 17643 13362 0.43096274794388
 870 17605 13396 0.43211509306151413
 871 17578 13435 0.4332054299809757
 872 17549 13484 0.434505204137531
 873 17512 13524 0.4357520299007604
 874 17464 13553 0.4369539284908276
 875 17422 13590 0.4382174642074036
 876 17381 13632 0.4395576048753748
 877 17355 13675 0.44070254592330005
 878 17320 13710 0.44183048662584595
 879 17287 13742 0.4428760192078378
 880 17251 13790 0.4442511517025869
 881 17211 13830 0.4455397699816372
 882 17176 13863 0.44663165694771095
 883 17150 13897 0.4476116855090669
 884 17107 13946 0.4491031462338582
 885 17075 13983 0.45022216498164724
 886 17037 14029 0.4515869439258353
 887 16996 14063 0.4527834122154609
 888 16948 14095 0.45404761137776634
 889 16911 14130 0.45520440707451437
 890 16873 14164 0.4563585398073267
 891 16831 14194 0.4575020145044319
 892 16798 14226 0.45854822073233625
 893 16754 14266 0.4598968407479046
 894 16707 14312 0.4613946290982946
 895 16671 14349 0.4625725338491296
 896 16639 14386 0.4636905721192587
 897 16606 14418 0.46473697782362045
 898 16564 14446 0.4658497258948726
 899 16531 14481 0.4669482780859022
 900 16508 14518 0.4679301231225424
 901 16483 14551 0.46887284913320876
 902 16432 14586 0.4702430846605197
 903 16385 14620 0.4715368488953395
 904 16346 14653 0.4726926675054034
 905 16317 14684 0.47366213993096995
 906 16287 14727 0.4748500677113562
 907 16251 14763 0.4760108338169859
 908 16209 14816 0.47755036261079775
 909 16176 14858 0.478765225236837
 910 16142 14895 0.4799110738795631
 911 16101 14951 0.4814826742238825
 912 16072 14994 0.48264984227129337
 913 16030 15031 0.48391874054280287
 914 15984 15063 0.48516764904821724
 915 15947 15103 0.48640901771336553
 916 15900 15136 0.487691712849594
 917 15859 15175 0.4889798285751112
 918 15809 15209 0.4903281965310465
 919 15772 15249 0.49157022662067634
 920 15733 15297 0.4929745407669997
 921 15697 15327 0.4940368746776689
 922 15648 15359 0.49533976198922824
 923 15607 15389 0.4964834172151245
 924 15568 15428 0.4977416440831075
 925 15542 15475 0.49891994712576976
 926 15510 15514 0.5000644662197009
 927 15472 15547 0.5012089364582998
 928 15441 15587 0.5023527136779683
 929 15394 15630 0.5038035069623518
 930 15346 15661 0.5050794981778308
 931 15311 15698 0.5062401238350156
 932 15278 15732 0.5073202192841019
 933 15240 15777 0.5086565431859947
 934 15210 15811 0.5096869862351311
 935 15173 15851 0.5109270242392986
 936 15136 15887 0.5121039228959159
 937 15091 15928 0.5134917308746252
 938 15048 15967 0.5148154118974689
 939 15007 16008 0.5161373528937611
 940 14977 16044 0.5171980271429032
 941 14939 16087 0.5185006123896088
 942 14896 16122 0.5197627184215616
 943 14864 16154 0.5207943774582501
 944 14826 16199 0.5221273166800967
 945 14784 16238 0.5234349816259429
 946 14748 16278 0.5246567395087991
 947 14705 16325 0.5261037705446342
 948 14661 16357 0.5273389644722419
 949 14610 16395 0.528785679729076
 950 14580 16442 0.5300109599638966
 951 14536 16489 0.5314746172441579
 952 14500 16531 0.5327253391769521
 953 14454 16571 0.5341176470588235
 954 14411 16611 0.5354587067242602
 955 14373 16637 0.536504353434376
 956 14336 16684 0.5378465506125081
 957 14295 16722 0.5391237063545797
 958 14245 16768 0.5406764905039823
 959 14213 16803 0.54175264379675
 960 14172 16850 0.543162916639804
 961 14135 16882 0.5442821678434407
 962 14102 16926 0.5455072837437154
 963 14053 16959 0.5468528311621308
 964 14016 16989 0.5479438800193517
 965 13964 17023 0.5493594087843289
 966 13940 17064 0.5503805960521223
 967 13898 17100 0.5516484934511904
 968 13851 17133 0.5529628195197521
 969 13815 17182 0.5543117075846049
 970 13788 17215 0.5552688449504887
 971 13745 17242 0.5564268886952592
 972 13710 17270 0.5574564234990317
 973 13666 17303 0.5587200103329135
 974 13645 17343 0.5596682586807796
 975 13607 17382 0.5609087095420956
 976 13564 17423 0.5622680478910511
 977 13523 17465 0.5636052665547954
 978 13481 17501 0.5648763798334517
 979 13445 17537 0.5660383448453941
 980 13408 17576 0.5672605215595146
 981 13368 17608 0.5684400826446281
 982 13335 17645 0.5695610071013557
 983 13294 17678 0.5707736019630634
 984 13247 17708 0.5720562106283315
 985 13206 17743 0.5732980063976219
 986 13173 17774 0.574336769315281
 987 13135 17811 0.5755509597363149
 988 13101 17855 0.5767864065124693
 989 13066 17891 0.5779306780372775
 990 13032 17929 0.5790833629404735
 991 12987 17960 0.580347044947814
 992 12953 18000 0.5815268310018415
 993 12909 18042 0.5829213918774838
 994 12859 18084 0.5844294347671525
 995 12823 18133 0.5857668949476676
 996 12780 18165 0.5870092098885119
 997 12735 18194 0.588250509230819
 998 12704 18229 0.5893059192448195
 999 12666 18283 0.5907460661087596
 1000 12622 18324 0.5921282233568151
 1001 12577 18368 0.5935692357408305
 1002 12532 18401 0.5948663239905603
 1003 12495 18430 0.5959579628132579
 1004 12450 18465 0.5972828723920427
 1005 12406 18506 0.5986671842650103
 1006 12366 18547 0.5999741209200012
 1007 12328 18586 0.6012162774147636
 1008 12286 18621 0.602484873976769
 1009 12247 18660 0.603746724043097
 1010 12197 18702 0.6052623062235024
 1011 12164 18750 0.606521317202562
 1012 12133 18794 0.607689074271672
 1013 12092 18839 0.609065338980311
 1014 12036 18881 0.6106996150984895
 1015 11995 18921 0.6120131970500712
 1016 11954 18965 0.6133768879976713
 1017 11918 19006 0.6146035441728107
 1018 11877 19061 0.6161031740901157
 1019 11846 19107 0.6172907311084548
 1020 11803 19155 0.6187415207700756
 1021 11765 19190 0.6199321595864965
 1022 11722 19235 0.6213457376360758
 1023 11677 19278 0.6227749959618801
 1024 11632 19321 0.6242044389881433
 1025 11601 19355 0.6252422793642589
 1026 11545 19389 0.6267860606452447
 1027 11502 19428 0.6281280310378273
 1028 11455 19451 0.6293599948230117
 1029 11409 19501 0.630896150113232
 1030 11374 19528 0.6319332082065886
 1031 11339 19562 0.6330539464742241
 1032 11292 19604 0.6345157949249094
 1033 11251 19644 0.6358310406214598
 1034 11218 19693 0.6370871210895798
 1035 11179 19735 0.6383839037329365
 1036 11141 19774 0.639624777616044
 1037 11097 19814 0.6410015851962084
 1038 11048 19854 0.6424826872047117
 1039 11010 19893 0.6437239102999709
 1040 10978 19925 0.6447594084716695
 1041 10925 19960 0.6462684150882305
 1042 10878 19992 0.6476190476190476
 1043 10833 20032 0.6490199254819374
 1044 10810 20067 0.6499012209735402
 1045 10777 20096 0.6509247562595147
 1046 10746 20142 0.6520979020979021
 1047 10710 20173 0.6532072661334715
 1048 10669 20209 0.654478917028305
 1049 10636 20250 0.6556368581234217
 1050 10601 20294 0.656870043696391
 1051 10566 20320 0.6579032571391569
 1052 10517 20365 0.659445631759601
 1053 10492 20404 0.6604091144484723
 1054 10454 20439 0.6616061891043279
 1055 10419 20484 0.6628482671585283
 1056 10371 20520 0.6642711469360008
 1057 10321 20569 0.6658789252185173
 1058 10285 20601 0.6670012303308942
 1059 10253 20630 0.6680050513227342
 1060 10224 20672 0.6690833764888658
 1061 10181 20705 0.6703684517257009
 1062 10146 20762 0.6717354730166947
 1063 10105 20805 0.6730831446133937
 1064 10068 20831 0.6741642124340593
 1065 10033 20868 0.6753179508753762
 1066 9986 20906 0.6767447882947041
 1067 9941 20950 0.6781910588844647
 1068 9907 20987 0.6793228458600375
 1069 9870 21009 0.680365296803653
 1070 9833 21054 0.6816459999352479
 1071 9800 21099 0.6828376322858345
 1072 9771 21132 0.6838171051354237
 1073 9727 21175 0.6852307294026276
 1074 9690 21214 0.6864483561998447
 1075 9650 21243 0.6876315022820704
 1076 9619 21284 0.6887357214509918
 1077 9585 21310 0.6897556238873604
 1078 9538 21348 0.6911869455416694
 1079 9486 21385 0.6927213242201419
 1080 9447 21420 0.6939449897949266
 1081 9417 21450 0.6949169015453397
 1082 9384 21505 0.6962025316455697
 1083 9340 21544 0.6975780339334283
 1084 9307 21587 0.6987440927040849
 1085 9268 21624 0.6999870516638612
 1086 9230 21669 0.7012848312243115
 1087 9186 21709 0.7026703350056643
 1088 9152 21747 0.7038091847632609
 1089 9114 21770 0.7048957388939256
 1090 9066 21808 0.7063548616959254
 1091 9030 21845 0.7075303643724696
 1092 8992 21875 0.7086856513428581
 1093 8946 21900 0.7099786033845555
 1094 8922 21936 0.7108691425238188
 1095 8885 21975 0.7120868438107583
 1096 8841 22009 0.713419773095624
 1097 8801 22038 0.7146146113687214
 1098 8761 22079 0.7159208819714656
 1099 8721 22115 0.7171812167596316
 1100 8668 22157 0.7187996755879967
 1101 8635 22196 0.7199247510622425
 1102 8597 22232 0.7211391871290019
 1103 8550 22269 0.7225737369804341
 1104 8508 22317 0.7239902676399027
 1105 8473 22363 0.7252237644311843
 1106 8431 22398 0.7265237276590224
 1107 8398 22434 0.7276206538661131
 1108 8350 22473 0.7290984005450475
 1109 8314 22495 0.7301437891525203
 1110 8275 22516 0.7312526387580787
 1111 8249 22550 0.732166628786649
 1112 8214 22599 0.7334242040697109
 1113 8191 22632 0.734256886091555
 1114 8145 22664 0.7356291992599565
 1115 8109 22715 0.7369257721256164
 1116 8064 22751 0.7383092649683596
 1117 8032 22789 0.7393984620875377
 1118 7998 22835 0.7406026011092012
 1119 7959 22882 0.7419344379235433
 1120 7918 22925 0.7432804850371235
 1121 7893 22958 0.744157401704969
 1122 7857 22998 0.7453573164803111
 1123 7825 23036 0.7464437315705907
 1124 7788 23069 0.7476099426386233
 1125 7751 23101 0.7487683132373915
 1126 7712 23140 0.7500324128095424
 1127 7671 23182 0.7513693968171653
 1128 7632 23216 0.7525933609958506
 1129 7599 23263 0.7537748687706565
 1130 7554 23290 0.7550901309817144
 1131 7525 23331 0.7561252268602541
 1132 7496 23371 0.7571516506301228
 1133 7472 23417 0.7581015895626275
 1134 7435 23458 0.7593305926909009
 1135 7389 23499 0.7607808857808858
 1136 7361 23523 0.7616565211760135
 1137 7325 23566 0.7628759185523292
 1138 7291 23596 0.7639459966976397
 1139 7256 23623 0.7650182972246511
 1140 7235 23650 0.7657438886190707
 1141 7200 23681 0.7668469285321071
 1142 7171 23724 0.7678912445379511
 1143 7138 23762 0.7689967637540454
 1144 7100 23803 0.7702488431543864
 1145 7072 23838 0.7712067292138467
 1146 7035 23895 0.7725509214354995
 1147 6990 23943 0.7740277373678596
 1148 6962 23968 0.7749110895570643
 1149 6939 24006 0.775763451284537
 1150 6916 24044 0.7766149870801033
 1151 6885 24084 0.7776809067131648
 1152 6857 24130 0.7787136541130152
 1153 6832 24164 0.7795844625112918
 1154 6797 24203 0.7807419354838709
 1155 6769 24244 0.7817366910650373
 1156 6739 24282 0.7827600657619033
 1157 6706 24317 0.78383779776295
 1158 6670 24363 0.7850675087809751
 1159 6648 24400 0.785879927853646
 1160 6617 24434 0.7868989726578854
 1161 6584 24464 0.7879412522545736
 1162 6543 24494 0.7891870992686149
 1163 6520 24528 0.7900025766555011
 1164 6487 24553 0.7910115979381444
 1165 6447 24580 0.7922132336352209
 1166 6412 24614 0.7933346225746148
 1167 6381 24647 0.7943470413819775
 1168 6351 24682 0.7953468887957981
 1169 6323 24715 0.7962819769315033
 1170 6283 24758 0.797590283818176
 1171 6240 24789 0.7988978052789326
 1172 6206 24819 0.7999677679290894
 1173 6170 24854 0.8011217122227953
 1174 6145 24890 0.8019977444820364
 1175 6112 24915 0.8030102813678409
 1176 6074 24940 0.8041529631779196
 1177 6047 24964 0.8050046757602142
 1178 6019 24981 0.8058387096774193
 1179 5997 25004 0.8065546272700881
 1180 5972 25034 0.8073921176546475
 1181 5945 25061 0.8082629168548023
 1182 5907 25097 0.809476196619791
 1183 5872 25132 0.8106050832150691
 1184 5840 25173 0.8116918711508078
 1185 5818 25212 0.812504028359652
 1186 5794 25244 0.8133256008763451
 1187 5763 25272 0.8143064282261963
 1188 5731 25312 0.815385110975099
 1189 5700 25336 0.8163423121536281
 1190 5669 25382 0.8174293903577985
 1191 5640 25415 0.8183867332152632
 1192 5612 25435 0.8192417946983606
 1193 5580 25455 0.820202996616723
 1194 5551 25491 0.8211777591650022
 1195 5525 25521 0.8220382657991367
 1196 5492 25544 0.8230442067276711
 1197 5455 25568 0.8241627179834317
 1198 5427 25601 0.8250934639680289
 1199 5395 25638 0.8261528050784649
 1200 5356 25666 0.827348333440784
 1201 5326 25691 0.8282877131895412
 1202 5294 25718 0.8292918870114794
 1203 5272 25753 0.8300725221595487
 1204 5247 25777 0.8308728726147498
 1205 5216 25804 0.8318504190844617
 1206 5191 25834 0.8326833199033038
 1207 5156 25860 0.8337632189837503
 1208 5118 25897 0.8349830727067548
 1209 5089 25931 0.8359445519019987
 1210 5053 25959 0.8370630723590868
 1211 5026 25997 0.8379911678432131
 1212 4993 26030 0.839054894755504
 1213 4973 26050 0.8396995777326499
 1214 4944 26072 0.8405984008253804
 1215 4915 26091 0.8414822937495968
 1216 4892 26127 0.842290209226603
 1217 4861 26151 0.8432542241712885
 1218 4827 26184 0.8443455548031343
 1219 4812 26218 0.8449242668385434
 1220 4780 26256 0.8459853073849722
 1221 4741 26293 0.847232068054392
 1222 4716 26322 0.8480572201817127
 1223 4691 26341 0.8488334622325342
 1224 4667 26366 0.8496117036702865
 1225 4643 26405 0.8504573563514558
 1226 4623 26442 0.8511830033800096
 1227 4602 26456 0.8518256165883187
 1228 4567 26485 0.8529241272703851
 1229 4539 26520 0.8538587848932676
 1230 4517 26553 0.854618603154168
 1231 4487 26581 0.8555748680314149
 1232 4463 26617 0.8564028314028314
 1233 4439 26647 0.8572025992408158
 1234 4413 26671 0.8580298545875692
 1235 4390 26709 0.8588379047557799
 1236 4362 26737 0.859738255249365
 1237 4339 26771 0.8605271616843458
 1238 4317 26790 0.8612209470537178
 1239 4297 26810 0.8618638891567815
 1240 4274 26841 0.8626385987465852
 1241 4250 26866 0.8634143206067618
 1242 4232 26903 0.8640757989400996
 1243 4204 26932 0.8649794450154162
 1244 4177 26965 0.8658724552051892
 1245 4154 26986 0.8666024405908799
 1246 4128 27015 0.8674501493112416
 1247 4102 27045 0.868301923138665
 1248 4086 27077 0.8688829701890062
 1249 4064 27108 0.8696265879635571
 1250 4041 27133 0.8703727465195356
 1251 4018 27156 0.8711105408353115
 1252 3986 27182 0.8721124229979466
 1253 3963 27215 0.8728911411893001
 1254 3935 27231 0.8737406147725085
 1255 3917 27265 0.8743826566608941
 1256 3886 27296 0.8753768199602334
 1257 3862 27325 0.8761663513643505
 1258 3835 27352 0.8770320967069613
 1259 3806 27379 0.8779541446208113
 1260 3772 27410 0.8790327753190943
 1261 3747 27447 0.8798807462973649
 1262 3724 27468 0.8806104129263914
 1263 3703 27493 0.8812988844723683
 1264 3680 27506 0.8819983325851344
 1265 3654 27534 0.8828395536744902
 1266 3625 27556 0.8837433052179212
 1267 3609 27577 0.8842749951901494
 1268 3583 27606 0.8851197537593383
 1269 3556 27627 0.8859635057563416
 1270 3527 27646 0.8868572161806692
 1271 3496 27687 0.8878876310810377
 1272 3465 27709 0.888849682427664
 1273 3443 27738 0.8895801930662903
 1274 3422 27763 0.8902677569344236
 1275 3391 27795 0.8912653113576605
 1276 3375 27819 0.891806116560877
 1277 3352 27851 0.8925744319456462
 1278 3335 27879 0.8931569167681168
 1279 3322 27906 0.8936211092609196
 1280 3289 27926 0.8946339900688771
 1281 3266 27935 0.8953238678247492
 1282 3252 27962 0.8958159800089703
 1283 3229 27979 0.8965329402717253
 1284 3211 27991 0.8970899301326838
 1285 3196 28014 0.8975969240628003
 1286 3177 28024 0.898176340501907
 1287 3158 28042 0.8987820512820512
 1288 3139 28060 0.8993878008910542
 1289 3124 28086 0.8999038769625121
 1290 3106 28111 0.9005029310952366
