 "time" "normal population" "cancer population" "cancer proportion"patch_inflammation:0.4
 1 10396 0 0
 2 10396 0 0
 3 10570 2 1.8917896329928113E-4
 4 10575 2 1.8908953389429895E-4
 5 10736 5 4.6550600502746485E-4
 6 10743 5 4.652028284331969E-4
 7 10931 8 7.313282749794314E-4
 8 10948 10 9.125752874612155E-4
 9 11135 13 0.0011661284535342661
 10 11150 13 0.0011645614978052494
 11 11340 14 0.0012330456226880395
 12 11358 14 0.0012310939148786493
 13 11528 18 0.0015589814654425776
 14 11553 18 0.00155561317085818
 15 11775 28 0.0023722782343472
 16 11790 28 0.0023692672194956846
 17 11969 33 0.0027495417430428264
 18 11991 33 0.0027445109780439123
 19 12182 38 0.003109656301145663
 20 12207 38 0.0031033074724377296
 21 12375 41 0.0033021907216494845
 22 12389 41 0.0032984714400643603
 23 12590 44 0.003482665822384043
 24 12614 45 0.003554783158227348
 25 12793 50 0.0038931713774040333
 26 12814 50 0.00388681592039801
 27 12965 54 0.004147784007988325
 28 12986 54 0.004141104294478528
 29 13160 55 0.004161937192584185
 30 13188 59 0.004453838604967162
 31 13361 62 0.004618937644341801
 32 13374 65 0.004836669395044274
 33 13550 72 0.0052855674643958305
 34 13568 74 0.005424424571177247
 35 13766 76 0.0054905360497038
 36 13781 78 0.0056281116963705895
 37 13966 81 0.0057663558055100735
 38 13986 83 0.005899495344374156
 39 14181 87 0.006097560975609756
 40 14207 95 0.006642427632498951
 41 14387 100 0.00690274038793401
 42 14410 106 0.007302287131441168
 43 14591 109 0.007414965986394558
 44 14604 113 0.00767819528436502
 45 14785 116 0.0077847124354070195
 46 14812 120 0.008036431824270024
 47 14992 125 0.008268836409340478
 48 15014 131 0.008649719379333114
 49 15191 134 0.008743882544861338
 50 15215 139 0.009053015500846685
 51 15377 142 0.009150074102712803
 52 15405 143 0.00919732441471572
 53 15769 152 0.009547138998806607
 54 15811 153 0.00958406414432473
 55 16173 160 0.00979611828812833
 56 16231 165 0.010063430104903634
 57 16656 174 0.01033868092691622
 58 16724 178 0.010531298071234173
 59 17176 194 0.011168681635002878
 60 17238 198 0.011355815554026153
 61 17721 204 0.011380753138075314
 62 17782 209 0.011616919570896559
 63 18189 218 0.011843320475905906
 64 18256 222 0.012014287260526032
 65 18713 230 0.012141688222562425
 66 18779 235 0.012359314189544546
 67 19152 250 0.012885269559839192
 68 19215 252 0.012944983818770227
 69 19617 262 0.013179737411338599
 70 19677 264 0.01323905521287799
 71 20079 274 0.013462388837026483
 72 20151 281 0.01375293657008614
 73 20540 293 0.014064225027600442
 74 20618 300 0.01434171526914619
 75 21002 310 0.014545795795795796
 76 21068 317 0.014823474397942482
 77 21421 327 0.015035865366930292
 78 21493 333 0.015257032896545404
 79 21898 349 0.015687508428102667
 80 21970 359 0.016077746428411484
 81 22319 370 0.016307461765613294
 82 22369 378 0.01661757594408054
 83 22713 387 0.016753246753246753
 84 22769 391 0.016882556131260794
 85 23107 407 0.017308837288423917
 86 23175 410 0.017383930464278143
 87 23529 423 0.017660320641282565
 88 23574 430 0.01791368105315781
 89 23877 441 0.018134715025906734
 90 23963 446 0.018271948871317955
 91 24284 458 0.018511033869533587
 92 24332 459 0.018514783590819248
 93 24584 464 0.018524433088470137
 94 24639 472 0.018796543347536936
 95 24922 479 0.018857525294279753
 96 24985 488 0.01915753935539591
 97 25260 501 0.019448002794922557
 98 25318 509 0.019708057459248075
 99 25614 523 0.020009947583884913
 100 25668 531 0.02026794915836482
 101 25887 536 0.02028535745373349
 102 25938 543 0.02050526792794834
 103 26140 550 0.020606968902210566
 104 26182 555 0.020757751430601788
 105 26355 563 0.020915372613121333
 106 26399 568 0.021062780435346904
 107 26568 575 0.02118409903105773
 108 26618 580 0.021325097433634827
 109 26762 582 0.02128437682855471
 110 26802 584 0.02132476447820054
 111 26995 587 0.021281995504314408
 112 27035 592 0.021428312882325263
 113 27196 601 0.021621038241536855
 114 27238 604 0.02169384383305797
 115 27346 611 0.021854991594234003
 116 27373 617 0.022043586995355482
 117 27493 624 0.02219297933634456
 118 27528 626 0.022234851175676636
 119 27630 633 0.022396773166330538
 120 27670 638 0.022537798502190193
 121 27770 644 0.022664883508129795
 122 27812 652 0.02290612703766161
 123 27925 654 0.02288393575702439
 124 27964 660 0.02305757406372275
 125 28065 665 0.023146536721197354
 126 28094 669 0.023259048082606124
 127 28185 676 0.02342261182911195
 128 28213 683 0.023636489479512735
 129 28296 689 0.02377091599102984
 130 28328 693 0.023879259846318182
 131 28412 697 0.023944484523686832
 132 28443 699 0.023985999588223183
 133 28515 706 0.024160706341329864
 134 28551 711 0.024297724010662294
 135 28649 717 0.02441599128243547
 136 28672 722 0.02456283595291556
 137 28727 727 0.024682555849799687
 138 28753 732 0.024826182804816008
 139 28823 736 0.024899353834703476
 140 28849 744 0.02514108066096712
 141 28927 754 0.025403456756847815
 142 28953 757 0.02547963648603164
 143 29037 762 0.02557132789690929
 144 29056 767 0.02571840525768702
 145 29129 776 0.0259488379869587
 146 29155 784 0.02618657937806874
 147 29216 794 0.026457847384205264
 148 29237 795 0.02647176345231753
 149 29306 804 0.02670209232813019
 150 29325 813 0.026975910810272747
 151 29374 818 0.027093269740328565
 152 29401 824 0.027262200165425972
 153 29479 829 0.027352514187673222
 154 29502 836 0.02755620014503263
 155 29543 840 0.027647039462857518
 156 29559 850 0.027952250978328784
 157 29614 855 0.028061308214906953
 158 29631 861 0.028236914600550965
 159 29682 866 0.028348828073850987
 160 29703 869 0.0284247023420123
 161 29757 874 0.02853318533511802
 162 29778 878 0.028640396659707724
 163 29837 882 0.028711872131254274
 164 29867 888 0.028873353926190864
 165 29917 891 0.028921059465074006
 166 29929 897 0.029098812690585868
 167 29986 899 0.02910798122065728
 168 30006 903 0.0292147918082112
 169 30071 913 0.029466821585334365
 170 30087 918 0.029608127721335267
 171 30134 924 0.029750788846673964
 172 30144 929 0.02989733852540791
 173 30192 938 0.03013170575008031
 174 30212 944 0.030299139812556167
 175 30253 948 0.03038364154995032
 176 30268 955 0.030586426672645165
 177 30307 963 0.030796290374160536
 178 30324 969 0.030965391621129327
 179 30360 976 0.031146285422517232
 180 30380 980 0.03125
 181 30412 989 0.031495812235279134
 182 30428 995 0.031664704197562295
 183 30483 999 0.03173241852487135
 184 30500 1001 0.03177676899146059
 185 30539 1007 0.031921638242566414
 186 30554 1010 0.03199847928019262
 187 30588 1019 0.032239693738728765
 188 30603 1023 0.03234680326313792
 189 30643 1030 0.03251981182710826
 190 30652 1032 0.0325716449943189
 191 30691 1036 0.03265357581870331
 192 30704 1040 0.03276209677419355
 193 30736 1044 0.032850849590937696
 194 30747 1046 0.03290032397068537
 195 30789 1053 0.03306953080836631
 196 30806 1056 0.03314292888079844
 197 30849 1062 0.03328006016734041
 198 30861 1066 0.03338866789864378
 199 30895 1073 0.03356481481481482
 200 30903 1076 0.03364708089683855
 201 30947 1082 0.0337818851665678
 202 30953 1088 0.03395649324303236
 203 30990 1093 0.034067886419599167
 204 31001 1098 0.03420667310508115
 205 31041 1100 0.034224199620422516
 206 31053 1103 0.03430153004104988
 207 31099 1106 0.034342493401645705
 208 31113 1110 0.0344474443720324
 209 31136 1116 0.034602505270990944
 210 31143 1124 0.03483435088480491
 211 31167 1131 0.03501764815158833
 212 31179 1136 0.03515395327247409
 213 31201 1140 0.035249373859806435
 214 31214 1146 0.03541409147095179
 215 31252 1151 0.03552140233928957
 216 31263 1154 0.03559860566986458
 217 31294 1164 0.03586172900363547
 218 31299 1172 0.03609374518801392
 219 31326 1177 0.036212041965357045
 220 31330 1182 0.03635580708661417
 221 31356 1187 0.036474817933196076
 222 31362 1193 0.03664567654738136
 223 31382 1195 0.03668232188353746
 224 31396 1199 0.036784782942169046
 225 31418 1202 0.03684855916615573
 226 31427 1203 0.036867912963530494
 227 31462 1209 0.037005295215940745
 228 31473 1213 0.0371106895918742
 229 31500 1217 0.037197787083167774
 230 31508 1222 0.037335777574091046
 231 31534 1226 0.03742368742368742
 232 31538 1231 0.037565992248771704
 233 31567 1236 0.03767948053531689
 234 31577 1241 0.037814613931379124
 235 31610 1244 0.037864491386132584
 236 31621 1246 0.0379103660206286
 237 31652 1252 0.038050085096036954
 238 31654 1260 0.038281582305401955
 239 31680 1267 0.038455701581327585
 240 31685 1271 0.03856657361330258
 241 31709 1277 0.03871339356090463
 242 31716 1285 0.038938213993515346
 243 31738 1291 0.03908686305973538
 244 31739 1295 0.039202034267724166
 245 31758 1299 0.03929576186586805
 246 31764 1300 0.0393176869102347
 247 31790 1303 0.03937388571601245
 248 31797 1310 0.03956867127797747
 249 31827 1316 0.03970672540204568
 250 31834 1323 0.039901076695720364
 251 31848 1329 0.04005787141694547
 252 31852 1338 0.04031334739379331
 253 31880 1344 0.04045268480616422
 254 31887 1351 0.04064624827005235
 255 31909 1357 0.04079240064931161
 256 31911 1362 0.04093409070417456
 257 31931 1370 0.04113990570853728
 258 31935 1373 0.041221328209439176
 259 31957 1377 0.04130917381652367
 260 31957 1384 0.04151045259590294
 261 31976 1388 0.041601726411701234
 262 31982 1396 0.04182395589909521
 263 31991 1404 0.04204222188950442
 264 31991 1409 0.04218562874251497
 265 32020 1414 0.04229227732248609
 266 32033 1418 0.042390362022062124
 267 32050 1426 0.04259768192137651
 268 32048 1433 0.042800394253457184
 269 32065 1443 0.04306434284350006
 270 32068 1449 0.04323179282155324
 271 32085 1453 0.04332399069711969
 272 32086 1459 0.043493814279326276
 273 32100 1468 0.04373212583412774
 274 32097 1474 0.04390694349289565
 275 32115 1479 0.04402571887837114
 276 32117 1488 0.04427912513018896
 277 32127 1491 0.04435124040692486
 278 32132 1498 0.04454356229556943
 279 32146 1501 0.044610217850031206
 280 32147 1504 0.044694065555258386
 281 32163 1510 0.04484304932735426
 282 32157 1515 0.04499287241625089
 283 32172 1517 0.045029534863011665
 284 32175 1519 0.0450822104825785
 285 32182 1521 0.045129513693143046
 286 32176 1528 0.045335865179207215
 287 32185 1534 0.04549363860138201
 288 32191 1541 0.04568362385865054
 289 32199 1549 0.04589901623799929
 290 32198 1551 0.04595691724199236
 291 32216 1555 0.046045423588285804
 292 32215 1560 0.0461880088823094
 293 32233 1561 0.046191631650588864
 294 32232 1565 0.04630588513773412
 295 32244 1570 0.04643047258531969
 296 32240 1575 0.046576962886293066
 297 32244 1579 0.04668420897022736
 298 32235 1584 0.04683757651024572
 299 32240 1587 0.046915186093948624
 300 32235 1590 0.04700665188470066
 301 32239 1595 0.04714192823786723
 302 32238 1607 0.04748116413059536
 303 32252 1611 0.04757404837137879
 304 32238 1620 0.04784688995215311
 305 32240 1624 0.04795653201039452
 306 32237 1627 0.04804512166312308
 307 32246 1633 0.048200950441276307
 308 32244 1639 0.04837234011156037
 309 32247 1643 0.048480377692534674
 310 32241 1644 0.048517042939353695
 311 32241 1648 0.048629348756233585
 312 32230 1650 0.048701298701298704
 313 32237 1656 0.04885964653468268
 314 32224 1662 0.049046803989848314
 315 32230 1667 0.049178393368144675
 316 32207 1672 0.049352106024380886
 317 32219 1675 0.04941877618457544
 318 32208 1681 0.049603116055357194
 319 32211 1695 0.04999115200849407
 320 32196 1702 0.050209451885066966
 321 32196 1708 0.050377536573855596
 322 32187 1715 0.05058698601852398
 323 32189 1721 0.050751990563255675
 324 32171 1730 0.051030943040028316
 325 32178 1735 0.051160322000412824
 326 32158 1742 0.05138643067846608
 327 32156 1751 0.051641254018344296
 328 32143 1759 0.05188484455194384
 329 32145 1764 0.0520215871892418
 330 32132 1770 0.0522093091852988
 331 32130 1774 0.05232420953279849
 332 32110 1781 0.05255082470272344
 333 32111 1784 0.05263313173034371
 334 32096 1789 0.05279622251733806
 335 32100 1793 0.0529017791284336
 336 32086 1798 0.05306339275174123
 337 32078 1804 0.05324361017649489
 338 32065 1808 0.053375845068343516
 339 32061 1812 0.053493933221149585
 340 32047 1817 0.05365579966926529
 341 32043 1826 0.05391360831438779
 342 32024 1833 0.05413946894290693
 343 32017 1842 0.05440207921084497
 344 31995 1853 0.05474474119593477
 345 31995 1858 0.05488435293770124
 346 31974 1861 0.05500221663957441
 347 31967 1869 0.05523702565315049
 348 31949 1875 0.055434011352885525
 349 31946 1878 0.05552270577105014
 350 31927 1886 0.055777363735841246
 351 31918 1894 0.056015615757719156
 352 31893 1901 0.056252589217020775
 353 31889 1907 0.056426796070540894
 354 31862 1916 0.05672331103084848
 355 31854 1923 0.05693223199218403
 356 31828 1927 0.05708783883869056
 357 31829 1937 0.05736539714505716
 358 31810 1944 0.05759317414232387
 359 31795 1951 0.05781425946778877
 360 31772 1959 0.058077139723103376
 361 31768 1964 0.05822364520336772
 362 31744 1967 0.05834890688499303
 363 31738 1970 0.05844309956093509
 364 31719 1978 0.05869958750037095
 365 31712 1984 0.05887939221272555
 366 31678 1997 0.05930215293244247
 367 31665 2000 0.059408881627803355
 368 31646 2008 0.059666012955369344
 369 31630 2019 0.06000178311391126
 370 31608 2025 0.060208723575060207
 371 31606 2032 0.06040787204946786
 372 31581 2039 0.06064842355740631
 373 31574 2041 0.06071694184143983
 374 31550 2045 0.06087215359428486
 375 31534 2052 0.061096885607098195
 376 31511 2059 0.06133452487339887
 377 31506 2063 0.06145550954749918
 378 31484 2068 0.06163567000476872
 379 31476 2077 0.06190206538908592
 380 31467 2087 0.06219824760088216
 381 31458 2097 0.062494412159141706
 382 31441 2105 0.06274965718714601
 383 31436 2115 0.06303835951238414
 384 31408 2119 0.0632027917797596
 385 31405 2133 0.06359949907567536
 386 31367 2144 0.06397899197278506
 387 31350 2150 0.06417910447761194
 388 31332 2161 0.06452094467500671
 389 31312 2166 0.06469920544835414
 390 31281 2177 0.0650666507262837
 391 31274 2185 0.0653038046564452
 392 31251 2187 0.06540462946348466
 393 31235 2194 0.06563163720123247
 394 31203 2202 0.06591827570722945
 395 31190 2204 0.06599988021800324
 396 31162 2214 0.06633509108341323
 397 31143 2227 0.0667365897512736
 398 31117 2231 0.06690056375194914
 399 31103 2234 0.0670126286108528
 400 31078 2237 0.06714693081194657
 401 31062 2247 0.0674592452490318
 402 31036 2254 0.06770802042655452
 403 31020 2263 0.06799266893008443
 404 30996 2266 0.06812578918886417
 405 30979 2269 0.06824470644850818
 406 30951 2276 0.06849851024769013
 407 30930 2281 0.06868206317184065
 408 30895 2285 0.0688667872212176
 409 30865 2290 0.0690695219423918
 410 30840 2301 0.06943061464651036
 411 30822 2314 0.06983341380975375
 412 30783 2322 0.07014046216583597
 413 30775 2332 0.07043827589331561
 414 30760 2341 0.07072293888402163
 415 30748 2352 0.07105740181268883
 416 30710 2358 0.0713076085641708
 417 30693 2364 0.07151284145566748
 418 30664 2376 0.07191283292978208
 419 30643 2382 0.07212717638152914
 420 30615 2397 0.07260996001454016
 421 30594 2407 0.0729371837217054
 422 30562 2419 0.07334525939177101
 423 30553 2422 0.07344958301743745
 424 30520 2430 0.07374810318664643
 425 30500 2440 0.07407407407407407
 426 30470 2450 0.0744228432563791
 427 30463 2460 0.074719800747198
 428 30429 2468 0.07502203848375232
 429 30415 2478 0.07533517769738242
 430 30380 2489 0.07572484712038699
 431 30360 2499 0.07605222313521409
 432 30316 2506 0.07635122783498872
 433 30304 2515 0.07663243852646333
 434 30257 2524 0.0769958207498246
 435 30241 2532 0.0772587190675251
 436 30216 2538 0.07748671917933687
 437 30196 2545 0.0777312849332641
 438 30159 2552 0.07801656934976002
 439 30142 2562 0.0783390410958904
 440 30104 2573 0.07874039844538973
 441 30084 2582 0.07904242943733546
 442 30052 2592 0.07940203406445288
 443 30035 2603 0.07975366137630982
 444 29997 2618 0.08026981450252951
 445 29977 2626 0.08054473514707236
 446 29930 2640 0.08105618667485416
 447 29909 2650 0.08139070610276729
 448 29883 2656 0.08162512677095178
 449 29851 2665 0.08195965063353426
 450 29826 2674 0.08227692307692308
 451 29806 2680 0.08249707566336267
 452 29780 2690 0.08284570372651678
 453 29763 2708 0.08339749314773182
 454 29732 2717 0.08373139387962648
 455 29709 2723 0.0839602861371485
 456 29680 2735 0.08437451797007559
 457 29675 2746 0.08469818944511273
 458 29650 2753 0.08496126901830077
 459 29624 2771 0.08553789164994598
 460 29592 2780 0.08587668355368837
 461 29562 2786 0.08612588104365031
 462 29524 2796 0.086509900990099
 463 29508 2811 0.08697670101178873
 464 29472 2821 0.08735639302635247
 465 29457 2825 0.08751006752989282
 466 29421 2836 0.08791890132374368
 467 29398 2853 0.08846237325974389
 468 29367 2863 0.08883028234564071
 469 29342 2879 0.08935166506315757
 470 29312 2886 0.08963289645319585
 471 29277 2901 0.09015476412455715
 472 29233 2915 0.09067438098793082
 473 29218 2926 0.09102787456445993
 474 29196 2940 0.09148618371919343
 475 29175 2943 0.09163086119932748
 476 29155 2955 0.09202740579258797
 477 29128 2977 0.09272698956548824
 478 29097 2997 0.09338194054963544
 479 29071 3013 0.0939097369405311
 480 29047 3025 0.0943190321776004
 481 29025 3039 0.09477919161676647
 482 28987 3047 0.09511768745707685
 483 28963 3053 0.09535857071464268
 484 28937 3064 0.09574700790600293
 485 28914 3074 0.09609853695135676
 486 28882 3086 0.09653403403403403
 487 28860 3102 0.09705275014079219
 488 28822 3118 0.0976205385097057
 489 28812 3123 0.09779239079379991
 490 28787 3133 0.0981516290726817
 491 28762 3144 0.09853945966275936
 492 28730 3153 0.09889282689834708
 493 28700 3165 0.09932527851875098
 494 28677 3175 0.0996797689313073
 495 28659 3181 0.09990577889447236
 496 28627 3198 0.10048703849175177
 497 28617 3216 0.10102723588728678
 498 28581 3226 0.10142421479548527
 499 28553 3240 0.10190922530116692
 500 28510 3255 0.10247127341413506
 501 28494 3269 0.10291849006705915
 502 28452 3282 0.1034221970126678
 503 28429 3293 0.103808082718618
 504 28391 3308 0.1043566043092842
 505 28370 3320 0.10476491006626697
 506 28349 3324 0.10494743156631832
 507 28325 3343 0.10556397625363143
 508 28285 3353 0.10598015045198811
 509 28256 3368 0.10650139134834304
 510 28218 3379 0.10694053232901858
 511 28202 3397 0.1075034020063926
 512 28172 3415 0.10811409757178586
 513 28141 3430 0.10864400874220012
 514 28103 3441 0.10908572153182855
 515 28077 3452 0.10948650448793175
 516 28046 3466 0.10998984513835999
 517 28016 3481 0.11051846207575325
 518 27983 3498 0.11111464057685588
 519 27954 3514 0.11166899707639506
 520 27922 3523 0.11203688980760057
 521 27900 3539 0.1125671936130284
 522 27870 3550 0.11298535964353915
 523 27845 3559 0.11332951216405554
 524 27809 3573 0.11385507615830731
 525 27787 3598 0.11464075195156923
 526 27753 3608 0.11504735180638373
 527 27735 3622 0.11550849889976719
 528 27703 3635 0.1159933626906631
 529 27682 3652 0.11655071168698539
 530 27651 3666 0.11706102117061021
 531 27632 3681 0.11755500910165106
 532 27612 3697 0.11808106295314447
 533 27591 3715 0.11866734811218296
 534 27561 3732 0.11925989837982935
 535 27543 3750 0.11983510689291535
 536 27511 3765 0.12037984396981712
 537 27488 3781 0.12091848156320957
 538 27446 3792 0.12139061399577437
 539 27424 3809 0.1219543431626805
 540 27391 3823 0.12247709361184084
 541 27379 3835 0.12286153649003652
 542 27348 3843 0.12320861787053958
 543 27316 3861 0.12384129326105783
 544 27284 3872 0.12427782770573886
 545 27257 3889 0.12486354588069094
 546 27230 3901 0.12530917734733868
 547 27214 3914 0.12573888460549987
 548 27185 3930 0.12630564036638278
 549 27172 3946 0.12680763545214987
 550 27138 3964 0.1274516108288856
 551 27115 3979 0.12796681031710297
 552 27096 3997 0.12854983436786416
 553 27081 4017 0.12917229403820182
 554 27046 4041 0.12999002798597484
 555 27015 4061 0.1306796241472519
 556 26990 4080 0.13131638236240747
 557 26972 4106 0.13211918398867367
 558 26935 4115 0.1325281803542673
 559 26913 4134 0.1331529616388057
 560 26886 4158 0.13393892539621183
 561 26854 4170 0.134412068076328
 562 26825 4190 0.1350959213283895
 563 26802 4215 0.13589321984718059
 564 26771 4232 0.13650291907234785
 565 26739 4252 0.13720112290665032
 566 26699 4272 0.13793548803719607
 567 26685 4288 0.1384431601717625
 568 26649 4304 0.13904952670177365
 569 26638 4324 0.1396550610425683
 570 26605 4348 0.14047103673311148
 571 26582 4366 0.14107535220369652
 572 26566 4384 0.14164781906300486
 573 26549 4406 0.14233564852204814
 574 26514 4419 0.14285714285714285
 575 26498 4433 0.14331900035563028
 576 26462 4447 0.14387395257044874
 577 26453 4469 0.14452493370415886
 578 26427 4490 0.145227544716499
 579 26398 4506 0.14580636810768832
 580 26367 4528 0.1465609321896747
 581 26343 4546 0.14717213247434363
 582 26326 4565 0.1477776698714836
 583 26314 4578 0.14819370710863655
 584 26290 4597 0.14883284229611163
 585 26266 4620 0.14958233503852877
 586 26246 4640 0.15022987761445314
 587 26231 4658 0.15079801871216292
 588 26202 4676 0.15143467841181424
 589 26182 4693 0.152
 590 26149 4703 0.1524374432775833
 591 26126 4724 0.15312803889789303
 592 26097 4740 0.1537114505302072
 593 26063 4756 0.15432038677439242
 594 26037 4776 0.1549995131924837
 595 26009 4793 0.15560677878059867
 596 25987 4808 0.156129241760026
 597 25975 4830 0.15679272845317319
 598 25950 4846 0.15735809845434473
 599 25928 4873 0.15820914905360214
 600 25902 4895 0.15894405299217457
 601 25870 4920 0.15979214030529393
 602 25844 4937 0.16039115038497775
 603 25815 4959 0.16114252290894912
 604 25777 4981 0.1619416086871708
 605 25749 4997 0.16252520653093086
 606 25714 5012 0.16311918245134413
 607 25697 5033 0.16378132118451025
 608 25671 5053 0.16446426246582477
 609 25650 5069 0.16501188189719718
 610 25634 5091 0.16569568755085434
 611 25615 5109 0.16628694180445255
 612 25590 5132 0.16704641624894212
 613 25560 5151 0.16772491940998338
 614 25534 5169 0.168354883887568
 615 25512 5190 0.16904436193081884
 616 25490 5206 0.16959864477456346
 617 25474 5219 0.17003877105528947
 618 25456 5250 0.17097635641242753
 619 25438 5268 0.17156256106298443
 620 25413 5293 0.1723767341887579
 621 25392 5315 0.17308756960953528
 622 25368 5335 0.17376152167540632
 623 25349 5360 0.17454166530984402
 624 25331 5382 0.17523524240549604
 625 25312 5397 0.1757465238203784
 626 25294 5422 0.17652038025784608
 627 25267 5445 0.1772922636103152
 628 25247 5459 0.1777828437438937
 629 25220 5475 0.17836781234728782
 630 25195 5501 0.1792090174615585
 631 25184 5518 0.17972770503550256
 632 25156 5537 0.18039943961163785
 633 25132 5560 0.18115469829271472
 634 25114 5594 0.1821675133515696
 635 25083 5614 0.18288432094341467
 636 25046 5642 0.18385036496350365
 637 25021 5660 0.18447899351390112
 638 24998 5690 0.18541449426485923
 639 24979 5715 0.18619274125236202
 640 24956 5735 0.18686259815581116
 641 24926 5756 0.1876018512482889
 642 24908 5779 0.18832078730407012
 643 24892 5806 0.189132842530458
 644 24877 5829 0.18983260600534096
 645 24855 5857 0.19070721542068247
 646 24837 5873 0.19124063822859003
 647 24830 5896 0.1918896048948773
 648 24803 5918 0.1926369584323427
 649 24785 5937 0.19324913742594882
 650 24765 5962 0.19403130797018908
 651 24742 5981 0.19467499918627737
 652 24720 6005 0.1954434499593165
 653 24699 6026 0.19612693246541904
 654 24675 6044 0.19675119632800547
 655 24649 6077 0.19778038143591747
 656 24629 6097 0.19843129597083903
 657 24613 6123 0.19921264966163457
 658 24587 6148 0.20003253619651862
 659 24571 6164 0.20055311534081666
 660 24544 6188 0.20135363790186125
 661 24525 6210 0.2020497803806735
 662 24499 6232 0.20279196902150923
 663 24469 6258 0.20366452956683048
 664 24448 6289 0.20460682564986823
 665 24421 6306 0.2052266736095291
 666 24391 6332 0.20609966474628127
 667 24359 6363 0.2071154221730356
 668 24337 6396 0.20811505547782513
 669 24313 6418 0.20884448927792781
 670 24293 6441 0.209572460467235
 671 24269 6460 0.21022486901623874
 672 24232 6476 0.2108896704441839
 673 24199 6501 0.21175895765472313
 674 24176 6532 0.21271329946593723
 675 24159 6550 0.21329252010811162
 676 24132 6585 0.21437640394569782
 677 24105 6611 0.21522984763641098
 678 24085 6643 0.21618719083571986
 679 24059 6663 0.21688041143154743
 680 24024 6693 0.2178923723019826
 681 24000 6727 0.21892797865069807
 682 23973 6744 0.21955269069245043
 683 23949 6771 0.22041015625
 684 23923 6794 0.22118045382036006
 685 23898 6822 0.2220703125
 686 23867 6845 0.22287705131544674
 687 23843 6867 0.22360794529469227
 688 23820 6878 0.22405368427910613
 689 23794 6909 0.2250268703384034
 690 23765 6936 0.22592097977264583
 691 23739 6960 0.22671748265415811
 692 23707 6986 0.2276089010523572
 693 23673 7018 0.2286663842820371
 694 23641 7050 0.22970903522205208
 695 23619 7072 0.23042585774331237
 696 23579 7092 0.23122819601578037
 697 23555 7119 0.2320858055682337
 698 23518 7144 0.23299197703998434
 699 23497 7168 0.23375183433882277
 700 23468 7189 0.23449783083798154
 701 23448 7221 0.23544947667025334
 702 23428 7248 0.23627591602555745
 703 23404 7278 0.23720748321491428
 704 23367 7302 0.2380905800645603
 705 23350 7325 0.23879380603096984
 706 23326 7345 0.23947703041961463
 707 23303 7369 0.24025169535732915
 708 23276 7403 0.2413051272857655
 709 23251 7425 0.2420458990741948
 710 23219 7454 0.2430150295047762
 711 23198 7482 0.2438722294654498
 712 23171 7500 0.24453066414528382
 713 23166 7531 0.24533342020392873
 714 23139 7574 0.2466056718653339
 715 23128 7604 0.24742938956136926
 716 23102 7632 0.2483243313594065
 717 23081 7667 0.24934955119032132
 718 23055 7698 0.25031704223978146
 719 23037 7719 0.25097541943035506
 720 23021 7741 0.25164163578440935
 721 22991 7776 0.2527383235284558
 722 22968 7806 0.2536556833690778
 723 22949 7840 0.25463639611549577
 724 22913 7863 0.2554912919157785
 725 22889 7893 0.25641608732376064
 726 22860 7923 0.2573823214111685
 727 22834 7953 0.25832331828369115
 728 22796 7986 0.25943733350659476
 729 22770 8018 0.2604261400545667
 730 22745 8045 0.2612861318609938
 731 22725 8072 0.2621034516348995
 732 22700 8101 0.26301094120320767
 733 22678 8127 0.2638208083103392
 734 22653 8147 0.26451298701298703
 735 22627 8171 0.2653094356776414
 736 22596 8203 0.2663398162277996
 737 22564 8233 0.26733123356171057
 738 22538 8257 0.2681279428478649
 739 22518 8288 0.2690384989937025
 740 22473 8325 0.27030976037405025
 741 22443 8350 0.2711655246322216
 742 22416 8386 0.27225504837348224
 743 22397 8417 0.2731550593885896
 744 22364 8450 0.27422600116830015
 745 22345 8486 0.27524245078005904
 746 22313 8516 0.27623341658827727
 747 22277 8545 0.2772370384790085
 748 22253 8570 0.27803912662622066
 749 22228 8616 0.2793412008818571
 750 22194 8638 0.2801634665282823
 751 22169 8665 0.28102095089835893
 752 22141 8694 0.2819523269012486
 753 22110 8714 0.282701790812354
 754 22085 8747 0.2836987545407369
 755 22053 8771 0.28455099922138594
 756 22022 8805 0.2856262367405197
 757 22005 8833 0.28643232375640443
 758 21985 8877 0.28763527963190977
 759 21960 8907 0.2885605986976383
 760 21939 8939 0.2894941382213874
 761 21914 8962 0.29025780541520924
 762 21877 8993 0.29131843213475866
 763 21854 9015 0.2920405584890991
 764 21822 9052 0.2931916823216946
 765 21781 9080 0.29422248144907814
 766 21757 9110 0.2951372015421
 767 21724 9140 0.2961378952825298
 768 21702 9168 0.29698736637512146
 769 21674 9203 0.2980535673802507
 770 21640 9246 0.2993589328498349
 771 21617 9282 0.3003980711349882
 772 21601 9311 0.3012098861283644
 773 21565 9341 0.3022390474341552
 774 21530 9372 0.3032813410135266
 775 21498 9408 0.30440691127936326
 776 21480 9439 0.30528154209385816
 777 21462 9479 0.30635726059274104
 778 21437 9513 0.30736672051696284
 779 21417 9549 0.30837047083898467
 780 21397 9580 0.3092617103011912
 781 21370 9616 0.3103336990899116
 782 21340 9653 0.3114574258703578
 783 21311 9681 0.3123709344346928
 784 21283 9719 0.3134959034900974
 785 21252 9756 0.31462848297213625
 786 21221 9789 0.31567236375362784
 787 21192 9812 0.3164752935105148
 788 21167 9846 0.3174797665495115
 789 21136 9870 0.31832548538992456
 790 21106 9896 0.3192052125669312
 791 21078 9920 0.3200206464933221
 792 21047 9954 0.3210864165672075
 793 21010 9984 0.32212686326385753
 794 20988 10022 0.3231860690099968
 795 20954 10050 0.3241517223584054
 796 20917 10073 0.3250403355921265
 797 20882 10107 0.3261479879957404
 798 20853 10134 0.3270403717688063
 799 20829 10162 0.32790164886579976
 800 20801 10189 0.328783478541465
 801 20771 10221 0.3297947857511616
 802 20739 10250 0.33076252863919453
 803 20710 10282 0.331763035622096
 804 20672 10320 0.3329891584925142
 805 20644 10342 0.33376363519008584
 806 20607 10385 0.3350864739287558
 807 20568 10410 0.3360449351152431
 808 20527 10441 0.337154482045983
 809 20495 10471 0.33814506232642255
 810 20475 10498 0.33894036741678235
 811 20461 10536 0.339903861664032
 812 20437 10568 0.34084825028221255
 813 20400 10601 0.34195671107383635
 814 20363 10629 0.34295947341249355
 815 20331 10668 0.34414013355269524
 816 20298 10698 0.3451413085559427
 817 20270 10729 0.3461079389657731
 818 20238 10773 0.34739286059785235
 819 20211 10803 0.3483265621977172
 820 20182 10832 0.3492616237828078
 821 20153 10858 0.35013382348199024
 822 20114 10877 0.350972863089284
 823 20095 10914 0.351962333516076
 824 20069 10944 0.35288427433656855
 825 20039 10987 0.3541223489976149
 826 19997 11015 0.35518508964271894
 827 19956 11053 0.35644490309265053
 828 19917 11082 0.35749540307751865
 829 19890 11111 0.3584077932969904
 830 19859 11143 0.3594284239726469
 831 19836 11176 0.3603766284019089
 832 19812 11207 0.36129469035107514
 833 19774 11244 0.3624991940163776
 834 19733 11273 0.3635747919757466
 835 19697 11313 0.3648178007094486
 836 19661 11343 0.36585601857824795
 837 19630 11376 0.3668967296652261
 838 19594 11407 0.3679558723912132
 839 19558 11430 0.36885245901639346
 840 19519 11456 0.3698466505246166
 841 19494 11494 0.37091777462243447
 842 19462 11518 0.37178825048418335
 843 19427 11550 0.37285728120863865
 844 19395 11584 0.3739307272668582
 845 19366 11621 0.37502823764804594
 846 19336 11651 0.37599638558105014
 847 19291 11692 0.3773682341929445
 848 19255 11722 0.3784097879071569
 849 19222 11758 0.37953518398967073
 850 19190 11790 0.38056810845706907
 851 19154 11832 0.38184986768217904
 852 19116 11853 0.3827375762859634
 853 19077 11896 0.384076453685468
 854 19046 11935 0.3852361124560214
 855 19010 11973 0.38643772391311365
 856 18978 12020 0.38776695270662626
 857 18937 12054 0.3889516311187119
 858 18909 12092 0.3900519338085868
 859 18875 12130 0.39122722141590066
 860 18841 12161 0.39226501516031226
 861 18807 12197 0.3934008515030319
 862 18777 12224 0.3943098609722267
 863 18744 12260 0.3954328473745323
 864 18714 12285 0.39630310655182427
 865 18668 12316 0.3974954815388588
 866 18632 12352 0.3986573715466047
 867 18586 12387 0.3999289703935686
 868 18553 12423 0.4010524276859504
 869 18516 12465 0.4023433717439721
 870 18480 12506 0.4036016265410185
 871 18454 12547 0.40472887971355764
 872 18403 12583 0.40608661976376426
 873 18356 12615 0.407316521907591
 874 18317 12657 0.4086330470717376
 875 18286 12691 0.4096910611098557
 876 18258 12735 0.4108992353111993
 877 18220 12769 0.41204943689696344
 878 18180 12812 0.4133970056788849
 879 18150 12851 0.41453501499951617
 880 18121 12889 0.41564011609158336
 881 18098 12922 0.4165699548678272
 882 18073 12948 0.41739466812804227
 883 18039 12993 0.4186968290796597
 884 17997 13026 0.4198820230151823
 885 17969 13056 0.4208219178082192
 886 17927 13103 0.4222687721559781
 887 17898 13144 0.42342632562334903
 888 17871 13169 0.4242590206185567
 889 17838 13212 0.4255072463768116
 890 17806 13244 0.4265378421900161
 891 17760 13282 0.4278719154693641
 892 17720 13314 0.42901334020751436
 893 17689 13357 0.43023255813953487
 894 17655 13390 0.4313093895957481
 895 17623 13428 0.4324498405848443
 896 17598 13458 0.4333462132921175
 897 17559 13498 0.4346202144444087
 898 17523 13530 0.4357066950053135
 899 17487 13560 0.43675717460624214
 900 17446 13609 0.43822250845274513
 901 17407 13649 0.43949639361154047
 902 17372 13689 0.440713434853997
 903 17340 13718 0.4416897417734561
 904 17305 13763 0.44299600875498907
 905 17271 13800 0.4441440571594091
 906 17236 13831 0.44519908584671836
 907 17198 13862 0.44629748873148745
 908 17158 13899 0.44753195736870915
 909 17117 13938 0.44881661568185477
 910 17071 13979 0.4502093397745572
 911 17038 14025 0.4515017866915623
 912 16996 14059 0.45271292867493157
 913 16938 14100 0.45428184805722016
 914 16904 14129 0.45528953049979054
 915 16879 14165 0.4562878495039299
 916 16845 14202 0.4574355010145908
 917 16811 14236 0.458530614874223
 918 16784 14274 0.4595917315989439
 919 16755 14298 0.4604386049657038
 920 16719 14332 0.46156323467843224
 921 16691 14370 0.46263803483468013
 922 16648 14397 0.4637461749073925
 923 16620 14438 0.4648721746409943
 924 16598 14474 0.46582131822863027
 925 16560 14522 0.4672157518821183
 926 16523 14564 0.4684916524592273
 927 16483 14596 0.46964188036938126
 928 16454 14620 0.47048979854540773
 929 16410 14659 0.47182078599246835
 930 16375 14700 0.47304907481898634
 931 16327 14742 0.47449225916508414
 932 16296 14782 0.47564193320033465
 933 16267 14816 0.47665926712350803
 934 16220 14854 0.4780202098217159
 935 16195 14894 0.47907620058541606
 936 16154 14945 0.4805620759509952
 937 16116 14989 0.48188394148850666
 938 16069 15019 0.4831124549665466
 939 16030 15049 0.48421763892017117
 940 15993 15089 0.485457821247024
 941 15956 15123 0.4865986679108079
 942 15926 15157 0.4876298941543609
 943 15885 15194 0.4888831686991216
 944 15859 15231 0.4899002894821486
 945 15817 15272 0.4912348419054971
 946 15784 15297 0.49216563173643063
 947 15744 15317 0.4931264286404172
 948 15699 15359 0.4945263700173868
 949 15663 15394 0.49566925330843287
 950 15617 15425 0.49690741575929387
 951 15572 15455 0.49811454539594546
 952 15539 15488 0.49917813517259163
 953 15488 15531 0.5006931235694252
 954 15441 15576 0.5021762259406132
 955 15401 15617 0.5034818492488232
 956 15358 15664 0.5049319837534653
 957 15319 15707 0.5062528202153033
 958 15279 15749 0.5075738043057884
 959 15244 15781 0.5086543110394843
 960 15214 15818 0.5097318896622841
 961 15167 15860 0.5111676926547846
 962 15123 15914 0.5127428553017367
 963 15089 15957 0.5139792565869999
 964 15053 15992 0.5151232082460944
 965 15015 16032 0.5163783940477341
 966 14987 16079 0.517575484452456
 967 14955 16122 0.5187759436239019
 968 14922 16154 0.5198223709615137
 969 14883 16191 0.5210465340799382
 970 14848 16226 0.5221728776469073
 971 14795 16276 0.5238325126323582
 972 14771 16319 0.524895464779672
 973 14738 16348 0.52589590169208
 974 14694 16382 0.5271592225511649
 975 14650 16416 0.5284233567243932
 976 14617 16466 0.5297429463050543
 977 14577 16510 0.5310901663074598
 978 14531 16556 0.532569884517644
 979 14502 16589 0.5335627673603294
 980 14450 16616 0.5348612631172343
 981 14409 16660 0.5362258199491454
 982 14373 16700 0.5374440832877417
 983 14347 16737 0.5384442156736585
 984 14304 16780 0.5398275640200746
 985 14269 16814 0.5409387768233439
 986 14225 16849 0.5422217931389586
 987 14178 16892 0.543675571290634
 988 14147 16940 0.5449223147939654
 989 14112 16971 0.545989769327285
 990 14079 17005 0.5470660146699267
 991 14036 17038 0.5483040484005921
 992 14005 17082 0.54949014057323
 993 13958 17117 0.5508286403861625
 994 13915 17146 0.55201055986607
 995 13878 17183 0.5532017642703068
 996 13840 17221 0.5544251633881717
 997 13810 17253 0.5554196310723368
 998 13754 17293 0.5569942345476213
 999 13715 17340 0.5583641925615843
 1000 13678 17375 0.5595272598460697
 1001 13640 17413 0.5607509741409847
 1002 13594 17446 0.562048969072165
 1003 13551 17481 0.5633217324052591
 1004 13513 17520 0.5645603067702124
 1005 13463 17565 0.566101585664561
 1006 13427 17602 0.5672757742756775
 1007 13383 17644 0.5686660005801398
 1008 13328 17677 0.5701338493791324
 1009 13284 17713 0.5714423976513856
 1010 13243 17755 0.572778888960578
 1011 13201 17781 0.5739138854818927
 1012 13157 17817 0.5752243817395235
 1013 13109 17847 0.5765279751905931
 1014 13054 17889 0.5781275248036712
 1015 13003 17925 0.5795719089498189
 1016 12968 17973 0.5808797388578262
 1017 12928 18008 0.5821049909490561
 1018 12882 18038 0.5833764553686934
 1019 12835 18081 0.5848427998447406
 1020 12798 18122 0.5860931435963778
 1021 12748 18158 0.5875234582281758
 1022 12706 18198 0.588855811545431
 1023 12657 18246 0.5904281137753616
 1024 12618 18271 0.5915050665285376
 1025 12587 18318 0.5927196246562045
 1026 12549 18352 0.593896637649267
 1027 12515 18393 0.5950886501876537
 1028 12475 18432 0.596369754424564
 1029 12430 18479 0.5978517583875247
 1030 12390 18518 0.5991329105733143
 1031 12354 18554 0.6002976575643846
 1032 12308 18594 0.6017086272733156
 1033 12261 18619 0.6029468911917099
 1034 12213 18671 0.6045525191037431
 1035 12180 18696 0.605518849591916
 1036 12135 18737 0.6069253692666494
 1037 12103 18774 0.6080253910677851
 1038 12056 18816 0.6094843223633065
 1039 12025 18866 0.6107280437667929
 1040 11975 18908 0.6122462196030178
 1041 11928 18948 0.6136805285658764
 1042 11890 18986 0.6149112579349657
 1043 11850 19028 0.6162316212189909
 1044 11801 19075 0.6177937556678326
 1045 11764 19116 0.6190414507772021
 1046 11722 19159 0.6204138467018555
 1047 11688 19198 0.6215761186297999
 1048 11646 19234 0.6228626943005181
 1049 11597 19282 0.6244373198613945
 1050 11556 19331 0.6258620131446887
 1051 11511 19366 0.6271982381708068
 1052 11472 19409 0.6285094394611573
 1053 11423 19456 0.630072217364552
 1054 11380 19493 0.6313931266802708
 1055 11329 19531 0.6328904731043422
 1056 11281 19574 0.6343866472208718
 1057 11240 19613 0.6356918289955595
 1058 11207 19654 0.6368555782379054
 1059 11177 19690 0.63789807885444
 1060 11133 19734 0.6393235494217125
 1061 11097 19779 0.6405946366109599
 1062 11063 19822 0.6418002266472398
 1063 11023 19852 0.6429797570850202
 1064 10981 19892 0.6443170407799695
 1065 10939 19925 0.6455741316744427
 1066 10903 19965 0.646786315925878
 1067 10873 19999 0.6478038351904638
 1068 10821 20037 0.6493291853004083
 1069 10788 20073 0.6504325848157869
 1070 10756 20104 0.6514581983149709
 1071 10722 20138 0.6525599481529488
 1072 10685 20177 0.6537813492320653
 1073 10640 20219 0.6552059366797369
 1074 10603 20261 0.6564606013478487
 1075 10563 20300 0.6577455205261964
 1076 10527 20329 0.6588345864661654
 1077 10494 20376 0.6600583090379009
 1078 10458 20410 0.6612025398470909
 1079 10414 20450 0.6625842405391394
 1080 10377 20480 0.6637067764202612
 1081 10339 20519 0.6649491217836542
 1082 10297 20562 0.6663210084578243
 1083 10258 20590 0.667466286307054
 1084 10224 20631 0.6686436558094312
 1085 10179 20670 0.6700379266750948
 1086 10136 20698 0.6712719724978919
 1087 10096 20733 0.6725161374030945
 1088 10058 20766 0.6736958214378407
 1089 10018 20798 0.6749091381100727
 1090 9976 20835 0.6762195319853299
 1091 9936 20868 0.6774444877288663
 1092 9885 20906 0.6789646325224903
 1093 9846 20948 0.6802623887770345
 1094 9808 20991 0.6815481022111107
 1095 9775 21034 0.6827225810639748
 1096 9744 21072 0.6838006230529595
 1097 9697 21096 0.6850907673821972
 1098 9666 21132 0.6861484511981297
 1099 9636 21172 0.6872240976369774
 1100 9601 21208 0.6883702814112759
 1101 9565 21250 0.6895992211585267
 1102 9535 21286 0.6906330099607411
 1103 9497 21324 0.6918659355634146
 1104 9460 21355 0.6930066526042512
 1105 9428 21390 0.6940748912972938
 1106 9387 21430 0.6953953986436058
 1107 9357 21469 0.6964575358463635
 1108 9319 21501 0.6976314081765088
 1109 9274 21537 0.6990036026094577
 1110 9244 21576 0.700064892926671
 1111 9204 21622 0.7014208784792059
 1112 9169 21659 0.7025755806409757
 1113 9149 21702 0.7034455933357103
 1114 9098 21728 0.7048595341594758
 1115 9050 21768 0.706340450386138
 1116 9016 21802 0.7074437017327536
 1117 8972 21849 0.7088997761266669
 1118 8949 21889 0.709806083403593
 1119 8920 21931 0.7108683673138634
 1120 8882 21973 0.7121374169502511
 1121 8841 22014 0.7134662129314536
 1122 8809 22063 0.7146605338170511
 1123 8773 22090 0.7157437708583093
 1124 8728 22142 0.7172659540006479
 1125 8688 22176 0.71850699844479
 1126 8652 22218 0.7197278911564626
 1127 8620 22244 0.7207102125453603
 1128 8593 22284 0.7217022379117142
 1129 8530 22324 0.7235366565113114
 1130 8502 22358 0.72449773169151
 1131 8471 22396 0.7255645187416983
 1132 8432 22428 0.7267660401814647
 1133 8402 22459 0.7277469945886393
 1134 8365 22506 0.7290337209678986
 1135 8334 22548 0.7301340586749563
 1136 8300 22588 0.7312872312872313
 1137 8262 22628 0.7325348009064422
 1138 8220 22657 0.73378242704926
 1139 8197 22705 0.7347420878907515
 1140 8153 22747 0.7361488673139158
 1141 8113 22767 0.7372733160621762
 1142 8085 22800 0.7382224380767363
 1143 8058 22839 0.7391979803864452
 1144 8022 22869 0.7403127124405167
 1145 7988 22910 0.7414719399313872
 1146 7956 22950 0.7425742574257426
 1147 7910 22997 0.7440709224447536
 1148 7876 23028 0.7451462593838986
 1149 7850 23065 0.7460779556849426
 1150 7814 23103 0.7472587896626451
 1151 7769 23144 0.7486817843625659
 1152 7730 23181 0.7499272103781826
 1153 7693 23204 0.7510114250574489
 1154 7660 23243 0.7521276251496618
 1155 7634 23274 0.7530089297269316
 1156 7601 23306 0.7540686575856602
 1157 7571 23333 0.7550155319699715
 1158 7532 23368 0.7562459546925566
 1159 7497 23398 0.7573393753034472
 1160 7472 23430 0.7582033525338165
 1161 7428 23475 0.7596349868944763
 1162 7397 23502 0.7606071393896242
 1163 7369 23538 0.7615750477238166
 1164 7335 23581 0.7627442101177384
 1165 7300 23612 0.7638457556935818
 1166 7258 23656 0.7652196415863363
 1167 7233 23676 0.7659904882073183
 1168 7210 23703 0.7667647915116618
 1169 7175 23739 0.7679045092838196
 1170 7146 23775 0.7688949257785971
 1171 7112 23805 0.7699647443154252
 1172 7074 23843 0.771193841575832
 1173 7038 23881 0.7723729745463954
 1174 6999 23919 0.7736270133902581
 1175 6975 23960 0.774527234524002
 1176 6939 23996 0.7756909649264587
 1177 6908 24020 0.7766425245732023
 1178 6882 24048 0.7774975751697382
 1179 6855 24082 0.7784206613440218
 1180 6824 24110 0.7794013060063361
 1181 6784 24134 0.7805808913901288
 1182 6761 24167 0.7813954992240041
 1183 6719 24208 0.7827464674879555
 1184 6690 24245 0.783740100210118
 1185 6659 24288 0.7848256696933467
 1186 6631 24327 0.7858065766522385
 1187 6592 24363 0.7870457115167178
 1188 6559 24404 0.7881665213319122
 1189 6536 24436 0.788970683197727
 1190 6499 24476 0.7901856335754641
 1191 6470 24515 0.7911892851379699
 1192 6442 24549 0.7921331999612791
 1193 6424 24585 0.7928343384178786
 1194 6399 24616 0.7936804771884572
 1195 6360 24648 0.794891640866873
 1196 6325 24677 0.7959809044577769
 1197 6305 24707 0.7966916032503547
 1198 6270 24754 0.7978984012377515
 1199 6241 24797 0.7989238997358077
 1200 6204 24833 0.8001095466701035
 1201 6180 24871 0.8009725934752504
 1202 6142 24894 0.8021007861837866
 1203 6108 24918 0.8031328563140592
 1204 6069 24962 0.8044213850665464
 1205 6042 24987 0.805278932611428
 1206 6004 25015 0.8064412134498211
 1207 5973 25050 0.8074654288753506
 1208 5943 25084 0.8084571502239984
 1209 5908 25113 0.8095483704587215
 1210 5880 25147 0.8104876397975956
 1211 5851 25185 0.8114769944580488
 1212 5818 25223 0.8125704713121356
 1213 5790 25257 0.8135085515508744
 1214 5754 25286 0.8146262886597938
 1215 5727 25309 0.8154723546848821
 1216 5696 25339 0.8164652811342034
 1217 5669 25373 0.8173764577024676
 1218 5652 25405 0.8180120423737
 1219 5622 25433 0.8189663500241507
 1220 5598 25463 0.8197739931103313
 1221 5566 25496 0.820809992917391
 1222 5544 25527 0.8215699526890026
 1223 5510 25564 0.822681341314282
 1224 5489 25592 0.8233969306006885
 1225 5465 25621 0.8241973878916554
 1226 5434 25666 0.8252733118971061
 1227 5400 25691 0.8263162973207681
 1228 5369 25713 0.8272633678656457
 1229 5347 25743 0.8280154390479254
 1230 5311 25776 0.8291568822980667
 1231 5284 25799 0.8300035389119454
 1232 5260 25840 0.8308681672025724
 1233 5222 25875 0.832073833488761
 1234 5200 25910 0.8328511732561877
 1235 5167 25938 0.8338852274553931
 1236 5145 25963 0.8346084608460846
 1237 5118 25985 0.8354499565958268
 1238 5091 26012 0.8363180400604443
 1239 5065 26047 0.8372010799691437
 1240 5040 26071 0.8379994214265051
 1241 5009 26104 0.839006203194806
 1242 4988 26149 0.8398047339178469
 1243 4960 26173 0.8406835190954935
 1244 4924 26214 0.841865245038217
 1245 4898 26227 0.8426345381526105
 1246 4872 26260 0.8435050751638186
 1247 4846 26295 0.8443852156321249
 1248 4823 26343 0.8452480266957582
 1249 4793 26376 0.8462254162789952
 1250 4769 26412 0.8470542958853148
 1251 4734 26445 0.8481670355046667
 1252 4718 26471 0.8487287184584309
 1253 4695 26495 0.8494709842898365
 1254 4678 26514 0.8500256476019492
 1255 4649 26550 0.8509888137440302
 1256 4617 26576 0.8519860225050492
 1257 4596 26610 0.8527206306479523
 1258 4578 26631 0.8533115447467077
 1259 4553 26665 0.8541546543660709
 1260 4525 26692 0.8550469295576129
 1261 4493 26718 0.856044343340489
 1262 4474 26741 0.8566714720486945
 1263 4454 26762 0.8573167606355715
 1264 4422 26791 0.8583282606606222
 1265 4403 26819 0.8589776439689962
 1266 4379 26840 0.8597328549921522
 1267 4361 26858 0.8603094269515359
 1268 4330 26882 0.8612713059079841
 1269 4302 26906 0.8621507305819021
 1270 4270 26943 0.8631980264633325
 1271 4247 26975 0.8639741208122478
 1272 4224 27008 0.8647540983606558
 1273 4198 27035 0.8655908814395031
 1274 4173 27075 0.8664554531490015
 1275 4151 27103 0.867185000319959
 1276 4117 27128 0.8682349175868139
 1277 4097 27162 0.8689337470808407
 1278 4072 27186 0.8697293492865826
 1279 4050 27226 0.8705077375623481
 1280 4029 27253 0.8712038872194873
 1281 4010 27276 0.8718276545419676
 1282 3990 27311 0.8725280342481071
 1283 3970 27342 0.8732115482881962
 1284 3957 27355 0.8736267245784364
 1285 3933 27376 0.8743811683541474
 1286 3906 27402 0.875239555385205
 1287 3875 27425 0.8761980830670927
 1288 3848 27448 0.8770449897750511
 1289 3831 27463 0.8775803668434844
 1290 3811 27482 0.8782155753682932
 1291 3797 27510 0.8787172197911011
 1292 3771 27531 0.8795284646348476
 1293 3742 27560 0.8804549230081145
 1294 3725 27592 0.8810550180413194
 1295 3696 27609 0.8819357930043125
 1296 3676 27631 0.882582170121698
 1297 3644 27669 0.8836266087567464
 1298 3625 27691 0.8842444756673905
 1299 3604 27716 0.8849297573435504
 1300 3588 27741 0.8854735229340228
 1301 3571 27759 0.8860197893392914
 1302 3550 27782 0.8866973062683519
 1303 3533 27813 0.8872902443692975
 1304 3521 27823 0.8876659009698826
 1305 3495 27844 0.888477615750343
 1306 3470 27856 0.889229394113516
 1307 3448 27883 0.8899492515400083
 1308 3423 27926 0.8908099141918403
 1309 3406 27948 0.8913695222300185
 1310 3387 27973 0.8919961734693878
 1311 3367 27993 0.8926339285714285
 1312 3337 28024 0.8935939542744172
 1313 3317 28056 0.894272144837918
 1314 3287 28081 0.8952116806937006
 1315 3260 28110 0.8960790564233344
 1316 3240 28125 0.896700143472023
 1317 3220 28150 0.8973541600255021
 1318 3192 28174 0.8982337562966269
 1319 3168 28199 0.8990021360028055
 1320 3148 28214 0.8996237484854283
 1321 3126 28236 0.9003252343600535
