 "time" "normal population" "cancer population" "cancer proportion"patch_inflammation:0.2
 1 10397 0 0
 2 10397 0 0
 3 10605 4 3.7703836365350174E-4
 4 10608 4 3.769317753486619E-4
 5 10770 6 5.567928730512249E-4
 6 10772 6 5.56689552792726E-4
 7 10947 9 8.214676889375684E-4
 8 10952 9 8.210929659702581E-4
 9 11123 11 9.879647925273936E-4
 10 11130 12 0.0010770059235325794
 11 11293 16 0.0014148023697939695
 12 11305 17 0.0015015015015015015
 13 11458 19 0.0016554848828090965
 14 11478 19 0.0016526050273984517
 15 11617 24 0.002061678549952753
 16 11636 26 0.0022294632138569713
 17 11775 30 0.0025412960609911056
 18 11798 30 0.002536354413256679
 19 11960 33 0.0027516051029767364
 20 11990 34 0.0028276779773785763
 21 12117 40 0.0032902854322612485
 22 12145 40 0.003282724661469019
 23 12302 42 0.0034024627349319506
 24 12334 45 0.0036351886258986993
 25 12459 47 0.0037581960658883734
 26 12499 48 0.0038256156850243086
 27 12625 53 0.004180470105694905
 28 12671 53 0.004165356806035838
 29 12793 56 0.004358315822242976
 30 12831 57 0.004422718808193668
 31 12957 60 0.00460935699469924
 32 12989 60 0.004598053490688941
 33 13103 65 0.004936208991494532
 34 13140 65 0.004922377887163953
 35 13264 67 0.00502587952891756
 36 13290 67 0.005016096428838811
 37 13385 71 0.005276456599286564
 38 13431 71 0.00525848022515183
 39 13517 75 0.00551795173631548
 40 13559 76 0.0055738907224055735
 41 13647 78 0.0056830601092896175
 42 13685 78 0.0056673690329143355
 43 13783 82 0.005914172376487559
 44 13824 83 0.005968217444452434
 45 13902 85 0.0060770715664545645
 46 13943 89 0.0063426453819840365
 47 14036 92 0.0065118912797281995
 48 14065 92 0.006498551953097407
 49 14137 92 0.006465668704757889
 50 14174 92 0.006448899481284172
 51 14252 94 0.006552349086853478
 52 14290 95 0.006604101494612443
 53 14379 100 0.006906554320049727
 54 14420 102 0.007023825919294863
 55 14517 106 0.007248854544211174
 56 14544 107 0.007303255750460719
 57 14618 112 0.007603530210454854
 58 14657 113 0.007650643195666892
 59 14741 119 0.00800807537012113
 60 14773 119 0.007990867579908675
 61 14866 121 0.008073663841996396
 62 14903 123 0.008185811260481832
 63 14975 126 0.008343818290179458
 64 15003 130 0.0085904975880526
 65 15076 135 0.008875156137006113
 66 15115 136 0.008917448036194348
 67 15177 139 0.00907547662575085
 68 15225 141 0.009176103084732526
 69 15291 144 0.009329446064139942
 70 15336 144 0.009302325581395349
 71 15425 146 0.0093764048551795
 72 15466 146 0.00935178068152703
 73 15540 147 0.009370816599732263
 74 15584 153 0.009722310478490183
 75 15668 157 0.009921011058451817
 76 15720 159 0.010013225014169657
 77 15789 162 0.010156103065638519
 78 15825 164 0.010257051723059603
 79 15913 165 0.010262470456524442
 80 15945 168 0.010426363805622788
 81 16024 171 0.010558814448903983
 82 16067 174 0.010713626008250723
 83 16146 174 0.010661764705882353
 84 16188 176 0.010755316548521144
 85 16260 178 0.010828567952305633
 86 16306 179 0.010858356081286017
 87 16395 181 0.010919401544401545
 88 16439 183 0.011009505474672122
 89 16519 186 0.011134390900927866
 90 16555 191 0.011405708825988296
 91 16621 192 0.011419734729078689
 92 16671 194 0.011503112955825675
 93 16750 196 0.01156615130414257
 94 16791 198 0.01165460003531697
 95 16871 199 0.011657879320445225
 96 16919 202 0.011798376263068747
 97 16992 205 0.011920683840204687
 98 17035 207 0.012005567799559216
 99 17115 209 0.012064188409143384
 100 17159 209 0.012033625057577154
 101 17218 211 0.012106259682138965
 102 17256 216 0.012362637362637362
 103 17331 220 0.012534898296393367
 104 17365 221 0.012566814511543274
 105 17428 223 0.012633845107925897
 106 17471 225 0.012714737793851717
 107 17539 228 0.012832779872797883
 108 17568 229 0.012867337191661516
 109 17630 231 0.01293320642741168
 110 17665 232 0.012963066435715483
 111 17730 235 0.013080990815474534
 112 17779 239 0.013264513264513264
 113 17839 242 0.013384215474807809
 114 17890 243 0.013400981635691832
 115 17944 247 0.013578143037765928
 116 17998 249 0.013646078807475202
 117 18064 250 0.013650758982199411
 118 18094 252 0.013735964242886733
 119 18160 253 0.013740292184869387
 120 18197 254 0.013766191534334182
 121 18259 257 0.013879887664722403
 122 18299 258 0.013903109338793986
 123 18354 262 0.014073914911903738
 124 18388 263 0.014101120583346737
 125 18447 266 0.014214717041628815
 126 18480 268 0.014294858118199274
 127 18521 272 0.014473474165912839
 128 18555 273 0.01449968132568515
 129 18613 279 0.014768155833156892
 130 18644 282 0.014900137377153122
 131 18697 285 0.015014224001685807
 132 18735 289 0.015191337258200169
 133 18789 293 0.01535478461377214
 134 18828 294 0.01537496077816128
 135 18870 296 0.015444015444015444
 136 18909 298 0.015515176758473474
 137 18962 301 0.015625811140528474
 138 18991 303 0.01570436405100031
 139 19032 307 0.015874657427995244
 140 19062 310 0.01600247780301466
 141 19105 313 0.016119064785250797
 142 19139 314 0.01614146918213129
 143 19181 317 0.01625807775156426
 144 19208 317 0.01623559539052497
 145 19254 318 0.01624770079705702
 146 19283 324 0.01652471056255419
 147 19323 327 0.016641221374045802
 148 19352 329 0.016716630252527818
 149 19401 333 0.01687442991790818
 150 19431 335 0.016948295052109683
 151 19486 338 0.017050040355125102
 152 19506 340 0.017131915751284893
 153 19542 341 0.017150329427148822
 154 19568 341 0.017127932091014115
 155 19611 344 0.01723878727136056
 156 19644 347 0.01735781101495673
 157 19688 349 0.017417777112342166
 158 19722 349 0.01738827163569329
 159 19771 352 0.017492421607116237
 160 19791 355 0.017621364042489825
 161 19830 359 0.017781960473525187
 162 19852 360 0.017811201266574313
 163 19891 363 0.01792238570158981
 164 19910 364 0.017954029791851633
 165 19953 365 0.017964366571512944
 166 19976 368 0.018088871411718443
 167 20014 372 0.01824781712940253
 168 20033 374 0.018327044641544568
 169 20061 378 0.018494055482166448
 170 20085 381 0.01861624157138669
 171 20113 383 0.01868657298985168
 172 20132 385 0.018764926646195838
 173 20173 387 0.01882295719844358
 174 20195 387 0.018802837430764746
 175 20219 388 0.018828553404183046
 176 20239 390 0.018905424402540113
 177 20271 391 0.01892362791598103
 178 20299 391 0.01889801836636056
 179 20327 393 0.018967181467181467
 180 20347 394 0.018996191119039583
 181 20382 397 0.019105827999422495
 182 20399 399 0.019184536974709107
 183 20427 402 0.01930001440299582
 184 20448 402 0.019280575539568346
 185 20479 406 0.01943978932248025
 186 20494 408 0.019519663190125346
 187 20526 411 0.019630319530018626
 188 20544 413 0.019707019134418094
 189 20566 414 0.01973307912297426
 190 20587 415 0.019760022854966194
 191 20614 415 0.019734652147035046
 192 20635 416 0.0197615315186927
 193 20667 417 0.01977803073420603
 194 20681 421 0.019950715571983697
 195 20712 424 0.020060560181680544
 196 20728 425 0.020091712759419466
 197 20750 431 0.02034842547566215
 198 20766 433 0.020425491768479645
 199 20791 438 0.020632154128786096
 200 20804 440 0.02071173037092826
 201 20833 443 0.020821583004324122
 202 20852 445 0.020894961731699302
 203 20876 447 0.0209632790883084
 204 20892 449 0.021039313996532496
 205 20919 454 0.021241753614373273
 206 20940 458 0.021403869520515935
 207 20959 460 0.021476259395863485
 208 20972 461 0.021508888163112957
 209 21000 465 0.02166317260656883
 210 21016 466 0.02169257983427986
 211 21034 469 0.021810910105566666
 212 21053 473 0.02197342748304376
 213 21079 477 0.022128409723510857
 214 21093 478 0.022159380649946686
 215 21117 479 0.022180033339507316
 216 21136 481 0.02225100615256511
 217 21149 485 0.02241841545715078
 218 21161 485 0.022405987249376327
 219 21180 488 0.022521690972863207
 220 21196 492 0.02268535595721136
 221 21219 493 0.022706337509211496
 222 21227 495 0.022787956910045117
 223 21256 497 0.022847423343906586
 224 21265 498 0.022882874603685155
 225 21277 499 0.02291513592946363
 226 21296 504 0.02311926605504587
 227 21311 508 0.023282460241074294
 228 21317 509 0.0233208100430679
 229 21331 509 0.023305860805860806
 230 21339 512 0.02343142190288774
 231 21356 512 0.02341320651179806
 232 21361 513 0.023452500685745635
 233 21382 518 0.023652968036529682
 234 21396 521 0.023771501574120547
 235 21417 521 0.023748746467316985
 236 21423 522 0.02378673957621326
 237 21438 524 0.02385939349785994
 238 21446 528 0.024028397196686993
 239 21460 528 0.024013098053483718
 240 21463 530 0.02409857681989724
 241 21483 533 0.02420966569767442
 242 21489 536 0.024335981838819524
 243 21503 537 0.024364791288566244
 244 21515 541 0.024528472977874503
 245 21529 542 0.02455711114131666
 246 21541 545 0.02467626550756135
 247 21559 546 0.024700294051119655
 248 21567 546 0.024691358024691357
 249 21581 546 0.024675735526732048
 250 21588 547 0.02471199457872148
 251 21597 550 0.024834063304285003
 252 21605 550 0.02482509591514331
 253 21621 550 0.024807180551170448
 254 21636 551 0.02483436246450624
 255 21649 554 0.02495158311939828
 256 21655 556 0.025032641483949396
 257 21662 557 0.02506863495206805
 258 21667 559 0.025150724376855935
 259 21677 561 0.025227088766975447
 260 21682 562 0.025265240064736558
 261 21699 564 0.025333513003638324
 262 21706 564 0.025325550067355186
 263 21721 566 0.025395970745277517
 264 21726 568 0.025477707006369428
 265 21737 573 0.025683549977588524
 266 21742 574 0.025721455457967377
 267 21753 576 0.025796049979846837
 268 21756 578 0.025879824482851258
 269 21762 579 0.02591647643346314
 270 21758 580 0.025964723789059004
 271 21768 584 0.026127415891195417
 272 21769 587 0.02625693326176418
 273 21773 589 0.02633932564171362
 274 21777 590 0.026378146376358026
 275 21789 592 0.026451007551047765
 276 21790 593 0.02649332082383952
 277 21806 595 0.026561314227043435
 278 21810 598 0.026686897536594072
 279 21818 602 0.026851025869759144
 280 21820 605 0.02697881828316611
 281 21828 608 0.02709930468889285
 282 21834 608 0.027092059531236074
 283 21837 611 0.027218460441910192
 284 21839 613 0.027302690183502582
 285 21848 614 0.027335054759148783
 286 21851 617 0.02746127826241766
 287 21863 623 0.027706128257582497
 288 21864 623 0.027704896162227065
 289 21874 625 0.027779012400551136
 290 21876 627 0.027862951606452472
 291 21880 627 0.02785799973341627
 292 21884 628 0.027896233120113717
 293 21891 630 0.02797389103503397
 294 21889 632 0.02806269703831979
 295 21894 632 0.028056468081328244
 296 21887 632 0.028065189395621474
 297 21889 636 0.02823529411764706
 298 21895 637 0.028270903603763536
 299 21900 640 0.02839396628216504
 300 21898 642 0.028482697426796804
 301 21896 644 0.02857142857142857
 302 21891 645 0.02862087326943557
 303 21893 647 0.02870452528837622
 304 21893 649 0.028790701801082424
 305 21896 653 0.02895915561665706
 306 21902 657 0.02912363136663859
 307 21908 662 0.029330970314576873
 308 21907 663 0.02937527691626052
 309 21909 663 0.029372674109516213
 310 21911 666 0.02949904770341498
 311 21915 667 0.029536799220618193
 312 21913 670 0.029668334587964397
 313 21921 672 0.02974372593281105
 314 21921 674 0.02982960832042487
 315 21924 674 0.029825648287459067
 316 21918 677 0.02996238105775614
 317 21917 679 0.030049566294919453
 318 21921 679 0.03004424778761062
 319 21921 679 0.03004424778761062
 320 21922 680 0.030085833112113974
 321 21915 685 0.030309734513274338
 322 21910 688 0.030445172139127355
 323 21911 690 0.030529622583071545
 324 21907 691 0.030577927250199134
 325 21913 692 0.030612696306126962
 326 21910 693 0.030659646949519975
 327 21912 695 0.030742690317158403
 328 21906 700 0.030965230469786782
 329 21903 703 0.031097938600371584
 330 21893 705 0.031197451101867422
 331 21888 706 0.03124723377887935
 332 21887 708 0.03133436601017924
 333 21890 710 0.031415929203539826
 334 21872 712 0.031526744597945446
 335 21872 717 0.031741112931072644
 336 21871 718 0.03178538226570455
 337 21868 723 0.03200389535655792
 338 21853 724 0.03206803383974842
 339 21846 725 0.03212086305436179
 340 21840 729 0.03230094377243121
 341 21836 731 0.03239243142641911
 342 21838 732 0.032432432432432434
 343 21841 734 0.03251384274640089
 344 21827 736 0.0326197757390418
 345 21826 739 0.03274983381342787
 346 21818 742 0.032890070921985815
 347 21813 747 0.03311170212765958
 348 21801 750 0.03325794864972728
 349 21799 752 0.033346636512793223
 350 21793 753 0.033398385522930896
 351 21784 755 0.03349749323395004
 352 21774 755 0.033512361844733454
 353 21778 758 0.033635072772452965
 354 21772 760 0.033729806497425886
 355 21767 760 0.0337372930261464
 356 21752 761 0.033802691778083774
 357 21737 765 0.03399697804639588
 358 21723 766 0.03406109653608431
 359 21719 771 0.03428190306803024
 360 21705 774 0.03443213666088349
 361 21703 775 0.03447815641961029
 362 21690 775 0.03449810816826174
 363 21678 778 0.03464552903455646
 364 21667 781 0.034791518175338564
 365 21659 784 0.03493294122889097
 366 21640 790 0.03522068658047258
 367 21638 797 0.03552484956541119
 368 21624 800 0.03567606136282554
 369 21616 803 0.03581783308800571
 370 21594 805 0.03593910442430465
 371 21596 805 0.03593589571894112
 372 21584 810 0.03617040278646066
 373 21584 814 0.03634253058308778
 374 21571 816 0.036449725286996915
 375 21566 816 0.036457867929586274
 376 21555 818 0.03656192732311268
 377 21549 820 0.036657874737359736
 378 21537 823 0.03680679785330948
 379 21515 827 0.03701548652761615
 380 21497 833 0.037304075235109715
 381 21474 837 0.03751512706736587
 382 21463 838 0.03757679027846285
 383 21459 842 0.03775615443253666
 384 21437 847 0.03800933405133728
 385 21427 849 0.038112767103609266
 386 21414 853 0.03830780976332689
 387 21404 855 0.03841142908486455
 388 21373 857 0.0385515069725596
 389 21364 860 0.03869690424766019
 390 21345 865 0.038946420531292214
 391 21333 867 0.03905405405405405
 392 21309 871 0.03926961226330027
 393 21304 873 0.039365107994769354
 394 21290 875 0.039476652379878185
 395 21283 879 0.03966248533525855
 396 21267 881 0.039777858045873214
 397 21260 881 0.039790434036403054
 398 21242 883 0.03990960451977401
 399 21234 886 0.04005424954792043
 400 21220 889 0.04020986928400199
 401 21210 891 0.04031491787701914
 402 21196 894 0.04047080126754187
 403 21202 896 0.04054665580595529
 404 21191 899 0.04069714803078316
 405 21182 902 0.04084404999094367
 406 21161 910 0.041230574056454174
 407 21152 915 0.04146463044364889
 408 21126 917 0.041600508097808825
 409 21118 917 0.04161561152711595
 410 21102 919 0.04173289133100223
 411 21092 920 0.04179538433581683
 412 21082 922 0.04190147245955281
 413 21075 925 0.042045454545454546
 414 21056 928 0.042212518195050945
 415 21045 934 0.04249510896765094
 416 21026 938 0.042706246585321433
 417 21001 941 0.04288578980949777
 418 20982 946 0.043141189346953664
 419 20977 953 0.04345645234838121
 420 20959 954 0.04353580066627116
 421 20954 954 0.04354573671718094
 422 20928 955 0.04364118265320111
 423 20912 958 0.04380429812528578
 424 20887 961 0.04398571951666056
 425 20877 964 0.04413717320635502
 426 20861 967 0.044300897929265164
 427 20848 971 0.0445024978229983
 428 20825 973 0.04463712267180475
 429 20824 977 0.04481445805238292
 430 20802 981 0.04503511912959647
 431 20787 984 0.04519774011299435
 432 20761 987 0.045383483538716206
 433 20750 988 0.045450363418897785
 434 20724 989 0.04554874959701561
 435 20715 993 0.04574350469872858
 436 20689 996 0.045930366612866036
 437 20682 998 0.04603321033210332
 438 20660 999 0.04612401311233206
 439 20645 1003 0.04633222468588322
 440 20624 1007 0.046553557394480145
 441 20610 1013 0.04684826342320677
 442 20595 1016 0.047013095183008655
 443 20586 1021 0.04725320497986764
 444 20568 1025 0.04746908720418654
 445 20558 1031 0.04775580156561212
 446 20534 1034 0.04794139465875371
 447 20522 1040 0.048233002504405896
 448 20496 1043 0.048423789405264865
 449 20495 1048 0.04864689226198765
 450 20477 1052 0.04886432254168795
 451 20461 1054 0.04898907738786893
 452 20441 1059 0.049255813953488374
 453 20430 1064 0.049502186656741415
 454 20413 1070 0.04980682400037239
 455 20408 1073 0.049951119594059866
 456 20389 1081 0.050349324639031204
 457 20384 1086 0.050582207731718676
 458 20372 1091 0.0508316637935051
 459 20366 1096 0.05106700214332308
 460 20350 1103 0.051414720551904165
 461 20342 1106 0.05156657963446475
 462 20331 1108 0.051681514996035266
 463 20325 1112 0.05187292998087419
 464 20320 1112 0.051885031728256814
 465 20318 1116 0.05206680974153215
 466 20303 1121 0.05232449589245706
 467 20284 1129 0.052724980152243965
 468 20265 1132 0.052904612796186384
 469 20252 1135 0.05306962173282835
 470 20229 1140 0.05334830829706584
 471 20231 1147 0.05365328842735523
 472 20212 1150 0.053833910682520365
 473 20206 1154 0.05402621722846442
 474 20193 1157 0.054192037470726
 475 20185 1159 0.05430097451274363
 476 20166 1163 0.054526700736087015
 477 20158 1167 0.05472450175849941
 478 20152 1172 0.054961545676233355
 479 20142 1180 0.055341900384579305
 480 20124 1181 0.055432996949072985
 481 20118 1187 0.05571462098099038
 482 20093 1190 0.05591317013578913
 483 20072 1199 0.056367824737906067
 484 20061 1200 0.05644137152532806
 485 20044 1203 0.05661975808349414
 486 20023 1206 0.056809081916246645
 487 20009 1207 0.05689102564102564
 488 19992 1212 0.05715902659875495
 489 19986 1216 0.05735307989812282
 490 19974 1218 0.057474518686296716
 491 19959 1223 0.05773770182230195
 492 19940 1228 0.05801209372637944
 493 19938 1230 0.05810657596371882
 494 19918 1235 0.0583841535479601
 495 19909 1238 0.058542582872275026
 496 19898 1244 0.05884022325229401
 497 19887 1248 0.059048970901348474
 498 19857 1249 0.059177485075334026
 499 19849 1251 0.05928909952606635
 500 19832 1258 0.05964912280701754
 501 19829 1259 0.05970220030349014
 502 19810 1265 0.06002372479240806
 503 19804 1270 0.06026383221030654
 504 19775 1271 0.0603915233298489
 505 19767 1275 0.060593099515255204
 506 19743 1277 0.06075166508087536
 507 19728 1281 0.06097386834213908
 508 19707 1285 0.061213795731707314
 509 19701 1287 0.06132075471698113
 510 19684 1292 0.06159420289855073
 511 19675 1293 0.06166539488744754
 512 19664 1295 0.06178729901235746
 513 19644 1302 0.06215983958751074
 514 19628 1311 0.06261043984908544
 515 19623 1314 0.06275970769451211
 516 19618 1316 0.06286423999235694
 517 19604 1321 0.06313022700119475
 518 19589 1328 0.0634890280632978
 519 19577 1329 0.06357026690902133
 520 19565 1336 0.06392038658437395
 521 19550 1341 0.06419032119094346
 522 19534 1349 0.06459799837188143
 523 19521 1354 0.0648622754491018
 524 19501 1360 0.06519342313407794
 525 19496 1367 0.06552269568134976
 526 19482 1377 0.06601466992665037
 527 19472 1384 0.06635980053701572
 528 19455 1391 0.06672742972272858
 529 19442 1403 0.06730630846725834
 530 19425 1408 0.06758508136130179
 531 19419 1416 0.06796256299496041
 532 19414 1421 0.06820254379649628
 533 19411 1427 0.06848066033208561
 534 19399 1434 0.06883310132962127
 535 19390 1437 0.06899697508042445
 536 19380 1439 0.06911955425332629
 537 19368 1447 0.06951717511410041
 538 19354 1455 0.0699216685088183
 539 19338 1460 0.07019905760169247
 540 19319 1463 0.0703974593398133
 541 19308 1466 0.07056898045633965
 542 19293 1472 0.07088851432699253
 543 19287 1480 0.07126691385371021
 544 19267 1487 0.07164883877806688
 545 19254 1489 0.07178325218145881
 546 19247 1495 0.07207598110114743
 547 19248 1499 0.07225140984238686
 548 19235 1503 0.07247564856784647
 549 19228 1512 0.07290260366441659
 550 19216 1518 0.07321307996527443
 551 19215 1523 0.0734400617224419
 552 19202 1533 0.073932963588136
 553 19192 1541 0.07432595379346935
 554 19185 1546 0.07457430900583667
 555 19180 1553 0.0749047412337819
 556 19172 1558 0.07515677761698022
 557 19161 1565 0.07550902248383673
 558 19134 1570 0.0758307573415765
 559 19124 1575 0.07609063239770038
 560 19110 1579 0.07632075015708831
 561 19100 1580 0.07640232108317214
 562 19095 1585 0.0766441005802708
 563 19089 1596 0.07715736040609138
 564 19080 1601 0.07741405154489628
 565 19078 1608 0.07773373295948952
 566 19063 1612 0.07796856106408706
 567 19061 1617 0.07819905213270142
 568 19045 1626 0.07866092593488462
 569 19041 1636 0.07912172945785172
 570 19034 1648 0.07968281597524417
 571 19029 1655 0.08001353703345582
 572 19021 1664 0.08044476673918298
 573 19011 1667 0.08061708095560499
 574 18996 1676 0.08107585139318886
 575 18985 1681 0.08134133359140618
 576 18970 1689 0.08175613534052956
 577 18958 1697 0.08215928346647301
 578 18952 1701 0.0823609160896722
 579 18944 1706 0.08261501210653753
 580 18936 1710 0.08282476024411509
 581 18930 1716 0.08311537343795408
 582 18909 1724 0.08355546939368973
 583 18898 1727 0.08373333333333334
 584 18888 1731 0.08395169503855666
 585 18881 1738 0.0842911877394636
 586 18873 1747 0.0847235693501455
 587 18867 1754 0.08505892051791862
 588 18859 1759 0.08531380347269377
 589 18847 1767 0.08571844377607452
 590 18835 1770 0.08590148022324678
 591 18832 1778 0.08626880155264435
 592 18825 1780 0.08638679932055326
 593 18823 1786 0.08666116745111359
 594 18805 1788 0.08682562035643179
 595 18797 1791 0.08699242277054595
 596 18781 1798 0.08737062053549735
 597 18773 1809 0.087892333106598
 598 18764 1819 0.08837390079191566
 599 18758 1825 0.0886654034883156
 600 18742 1837 0.08926575635356432
 601 18737 1845 0.08964143426294821
 602 18721 1854 0.0901093560145808
 603 18706 1860 0.09044053291840902
 604 18697 1866 0.0907455137868988
 605 18689 1872 0.09104615534263898
 606 18675 1882 0.09155032349078172
 607 18664 1886 0.09177615571776156
 608 18651 1892 0.09209949861266611
 609 18641 1901 0.09254210885016065
 610 18632 1906 0.09280358360112961
 611 18622 1911 0.0930696926898164
 612 18610 1917 0.09338919471915039
 613 18611 1923 0.09364955683257037
 614 18599 1932 0.0941016024548244
 615 18596 1939 0.09442415388361335
 616 18579 1952 0.0950757391261994
 617 18576 1959 0.0953981008035062
 618 18567 1970 0.09592442907922287
 619 18553 1975 0.09621005455962588
 620 18538 1986 0.09676476320405379
 621 18525 1999 0.09739816799844085
 622 18506 2008 0.0978843716486302
 623 18493 2014 0.09821036719169064
 624 18476 2022 0.09864377012391452
 625 18470 2027 0.09889252085671074
 626 18461 2034 0.09924371797999512
 627 18451 2043 0.09968771347711525
 628 18431 2050 0.10009276890776818
 629 18426 2058 0.10046865846514352
 630 18417 2067 0.10090802577621558
 631 18408 2079 0.1014789866744765
 632 18397 2087 0.10188439757859793
 633 18398 2097 0.10231763844840205
 634 18395 2105 0.10268292682926829
 635 18387 2110 0.1029418939356979
 636 18377 2115 0.10321100917431193
 637 18363 2126 0.1037629947776856
 638 18354 2133 0.10411480451017718
 639 18344 2144 0.10464662241311988
 640 18335 2151 0.10499853558527775
 641 18328 2160 0.10542756735650137
 642 18319 2167 0.1057795567704774
 643 18309 2177 0.10626769501122718
 644 18302 2183 0.10656577983890651
 645 18295 2185 0.106689453125
 646 18287 2188 0.10686202686202687
 647 18276 2197 0.10731206955502369
 648 18268 2206 0.10774641008107844
 649 18268 2214 0.10809491260619081
 650 18257 2221 0.10845785721261841
 651 18250 2232 0.10897373303388341
 652 18237 2241 0.10943451508936419
 653 18220 2256 0.11017776909552647
 654 18204 2264 0.11061168653507915
 655 18204 2278 0.11121960746020897
 656 18199 2288 0.1116805779274662
 657 18191 2293 0.11194102714313611
 658 18184 2304 0.11245607184693479
 659 18178 2315 0.11296540282047528
 660 18169 2321 0.1132747681795998
 661 18154 2326 0.11357421875
 662 18146 2330 0.11379175620238328
 663 18148 2344 0.11438610189342183
 664 18132 2353 0.1148645350256285
 665 18122 2367 0.11552540387525013
 666 18103 2377 0.116064453125
 667 18100 2386 0.11646978424289758
 668 18089 2395 0.11692052333528608
 669 18084 2403 0.11729389368868062
 670 18075 2412 0.1177331966612974
 671 18075 2421 0.11812060889929743
 672 18062 2432 0.11866887869620377
 673 18052 2439 0.11902786589234297
 674 18043 2449 0.11951005270349405
 675 18038 2455 0.11979700385497487
 676 18029 2468 0.12040786456554618
 677 18014 2478 0.12092523911770447
 678 18005 2486 0.12132155580498756
 679 18005 2496 0.12175015852885225
 680 17983 2504 0.12222384927026896
 681 17979 2511 0.12254758418740849
 682 17954 2524 0.12325422404531693
 683 17949 2529 0.12349838851450337
 684 17942 2535 0.12379743126434536
 685 17933 2544 0.12423694877179274
 686 17926 2554 0.12470703125
 687 17921 2565 0.12520745875231865
 688 17909 2577 0.1257932246412184
 689 17899 2589 0.12636665365091762
 690 17881 2603 0.12707479008006248
 691 17875 2610 0.12741030021967292
 692 17865 2622 0.12798359935568898
 693 17851 2626 0.12824144161742443
 694 17839 2632 0.12857212642274438
 695 17835 2645 0.129150390625
 696 17825 2654 0.1295961716880707
 697 17817 2665 0.13011424665560004
 698 17810 2675 0.13058335367341958
 699 17811 2684 0.13095877043181264
 700 17799 2696 0.13154427909246158
 701 17793 2707 0.13204878048780488
 702 17779 2719 0.13264708752073373
 703 17773 2726 0.1329820966876433
 704 17760 2732 0.1333203201249268
 705 17754 2747 0.13399346373347643
 706 17747 2756 0.1344193532653758
 707 17741 2764 0.13479639112411607
 708 17727 2770 0.13514172805776456
 709 17714 2782 0.1357338017174083
 710 17707 2793 0.1362439024390244
 711 17697 2801 0.13664747780271247
 712 17680 2812 0.1372242826468866
 713 17675 2820 0.13759453525250062
 714 17661 2827 0.1379832096837173
 715 17653 2839 0.13854186999804802
 716 17646 2852 0.13913552541711385
 717 17639 2858 0.1394350392740401
 718 17631 2867 0.13986730412723192
 719 17621 2879 0.14043902439024392
 720 17610 2897 0.14126883503194032
 721 17607 2911 0.14187542645482015
 722 17591 2918 0.1422789994636501
 723 17585 2922 0.14248793095040718
 724 17578 2933 0.1429964409341329
 725 17571 2945 0.14354650029245467
 726 17557 2955 0.1440620124804992
 727 17549 2964 0.1444937356798128
 728 17540 2975 0.1450158420667804
 729 17534 2985 0.14547492567863932
 730 17526 2997 0.14603128197631926
 731 17519 3008 0.14653870512008574
 732 17508 3020 0.14711613406079502
 733 17511 3028 0.14742684648717075
 734 17497 3037 0.1479010421739554
 735 17498 3051 0.14847437831524649
 736 17488 3065 0.14912664817788157
 737 17473 3073 0.14956682565949578
 738 17465 3084 0.15008029587814492
 739 17457 3097 0.15067626739320814
 740 17445 3110 0.1513013865239601
 741 17430 3123 0.15194862063932274
 742 17414 3130 0.15235591900311526
 743 17400 3138 0.1527899503359626
 744 17384 3146 0.15323916220165612
 745 17374 3154 0.15364380358534685
 746 17360 3157 0.15387239849880588
 747 17346 3170 0.15451355039968806
 748 17335 3181 0.15504971729381944
 749 17336 3190 0.15541264737406216
 750 17323 3200 0.15592262339813867
 751 17312 3210 0.1564175031673326
 752 17300 3221 0.15696116173675748
 753 17292 3231 0.15743312381230815
 754 17290 3244 0.15798188370507452
 755 17290 3255 0.15843270868824533
 756 17280 3260 0.1587147030185005
 757 17272 3265 0.15898135073282368
 758 17256 3276 0.15955581531268265
 759 17246 3291 0.16024735842625507
 760 17243 3300 0.16063866037092928
 761 17243 3313 0.16116948822728158
 762 17231 3320 0.16154931633497152
 763 17222 3326 0.1618649016935955
 764 17219 3335 0.1622555220395057
 765 17210 3343 0.16265265411375468
 766 17212 3356 0.1631660832360949
 767 17206 3369 0.16374240583232078
 768 17199 3390 0.16465102724755937
 769 17195 3403 0.1652102145839402
 770 17180 3415 0.1658169458606458
 771 17164 3431 0.166593833454722
 772 17150 3439 0.1670309388508427
 773 17148 3452 0.1675728155339806
 774 17146 3461 0.16795263745329256
 775 17144 3468 0.16825150397826508
 776 17128 3475 0.16866475755957872
 777 17122 3486 0.16915760869565216
 778 17111 3498 0.1697316706293367
 779 17100 3509 0.17026541802125286
 780 17084 3521 0.17088085416161125
 781 17084 3535 0.1714438139579999
 782 17078 3541 0.1717348077016344
 783 17065 3549 0.1721645483651887
 784 17048 3561 0.17278858751031104
 785 17045 3573 0.17329517896983218
 786 17030 3588 0.17402269861286254
 787 17016 3598 0.174541573687785
 788 17000 3607 0.17503760857960887
 789 16986 3616 0.17551694010290264
 790 16980 3630 0.17612809315866085
 791 16980 3646 0.1767671870454766
 792 16964 3658 0.177383376976045
 793 16965 3665 0.1776539020843432
 794 16947 3684 0.17856623527701032
 795 16939 3696 0.17911315725708749
 796 16927 3703 0.17949587978671838
 797 16915 3718 0.18019677216110114
 798 16903 3731 0.18081806726761657
 799 16900 3745 0.18139985468636474
 800 16878 3758 0.18210893584027912
 801 16873 3771 0.18266808757992636
 802 16861 3784 0.18328893194478083
 803 16848 3799 0.18399767520705188
 804 16834 3811 0.18459675466214578
 805 16821 3828 0.18538428011041697
 806 16821 3840 0.1858574125163351
 807 16810 3854 0.1865079365079365
 808 16787 3867 0.18722765565992058
 809 16773 3880 0.18786616956374377
 810 16763 3889 0.18831105946155335
 811 16756 3894 0.18857142857142858
 812 16738 3907 0.1892467909905546
 813 16733 3915 0.1896067415730337
 814 16716 3927 0.19023397761953204
 815 16715 3940 0.19075284434761558
 816 16709 3947 0.19108249419054996
 817 16704 3957 0.1915202555539422
 818 16686 3967 0.1920786326441679
 819 16669 3982 0.19282359207786548
 820 16654 3998 0.19358899864419912
 821 16634 4010 0.19424530129819803
 822 16623 4023 0.1948561464690497
 823 16619 4033 0.1952837497578927
 824 16610 4047 0.19591421794064967
 825 16602 4058 0.19641819941916747
 826 16589 4070 0.1970085676944673
 827 16582 4084 0.19761927804122714
 828 16570 4102 0.19843266253869968
 829 16559 4112 0.1989260316385274
 830 16540 4130 0.19980648282535074
 831 16531 4139 0.20024189646831156
 832 16524 4152 0.2008125362739408
 833 16514 4165 0.20141206054451377
 834 16504 4177 0.20197282529858324
 835 16493 4188 0.20250471447222088
 836 16487 4199 0.2029875277965774
 837 16481 4220 0.20385488623737982
 838 16469 4226 0.2042039139888862
 839 16455 4240 0.20488040589514375
 840 16439 4252 0.20549997583490406
 841 16428 4267 0.20618506885721188
 842 16416 4279 0.2067649190625755
 843 16403 4293 0.20743138770776962
 844 16387 4306 0.20808969216643308
 845 16375 4324 0.20889898062708342
 846 16372 4340 0.20954036307454615
 847 16361 4352 0.21010959300922127
 848 16347 4356 0.21040428923344442
 849 16341 4366 0.21084657362244652
 850 16324 4377 0.21143906091493164
 851 16313 4399 0.2123889532638084
 852 16312 4408 0.21274131274131275
 853 16296 4425 0.21355146952367163
 854 16286 4436 0.21407200077212624
 855 16279 4452 0.21475085620568232
 856 16265 4462 0.2152747623872244
 857 16250 4482 0.21618753617595987
 858 16237 4499 0.2169656635802469
 859 16220 4514 0.217710041477766
 860 16208 4536 0.21866563825684535
 861 16199 4549 0.2192500481974166
 862 16182 4561 0.21988140577544232
 863 16171 4576 0.2205620089651516
 864 16168 4600 0.22149460708782742
 865 16166 4617 0.22215272097387287
 866 16147 4634 0.2229921562966171
 867 16131 4646 0.2236126486018193
 868 16124 4661 0.22424825595381284
 869 16120 4672 0.22470180838784148
 870 16105 4683 0.22527419665191456
 871 16096 4694 0.22578162578162578
 872 16082 4704 0.22630616761281633
 873 16068 4711 0.22671928389239135
 874 16057 4725 0.22736021557116737
 875 16046 4740 0.22803810256903684
 876 16032 4753 0.2286745248977628
 877 16016 4775 0.22966668269924487
 878 16007 4782 0.23002549425176777
 879 16001 4789 0.23035113035113036
 880 15980 4801 0.23102834319811366
 881 15966 4812 0.23159110597747617
 882 15946 4829 0.2324428399518652
 883 15938 4851 0.2333445572177594
 884 15931 4862 0.23382869234838646
 885 15915 4870 0.2343035843156122
 886 15902 4882 0.2348922247882987
 887 15895 4896 0.23548650858544562
 888 15876 4908 0.2361431870669746
 889 15857 4922 0.2368737667837721
 890 15848 4938 0.2375637448282498
 891 15831 4954 0.23834496030791436
 892 15816 4974 0.23924963924963924
 893 15799 4985 0.23984795996920708
 894 15786 4997 0.24043689553962372
 895 15772 5003 0.24081829121540313
 896 15755 5025 0.24181905678537055
 897 15744 5037 0.24238487079543813
 898 15736 5049 0.24291556410873225
 899 15719 5063 0.2436242902511789
 900 15705 5081 0.24444337534879246
 901 15691 5093 0.2450442648190916
 902 15668 5103 0.24567907178277407
 903 15656 5122 0.2465107325055347
 904 15646 5140 0.24728182430482054
 905 15636 5155 0.24794382184599106
 906 15619 5173 0.24879761446710275
 907 15612 5189 0.24945916061727802
 908 15602 5206 0.2501922337562476
 909 15590 5222 0.25091293484528154
 910 15585 5240 0.25162064825930375
 911 15566 5259 0.2525330132052821
 912 15554 5268 0.25300163288829125
 913 15536 5284 0.25379442843419786
 914 15518 5296 0.25444412414720863
 915 15505 5309 0.25506870375708657
 916 15497 5328 0.25584633853541416
 917 15478 5342 0.25658021133525455
 918 15465 5361 0.25741861135119565
 919 15443 5377 0.25826128722382324
 920 15434 5395 0.25901387488597627
 921 15416 5410 0.25977143954672044
 922 15397 5420 0.26036412547437193
 923 15388 5432 0.26090297790585976
 924 15368 5446 0.2616508119534928
 925 15361 5464 0.26237695078031215
 926 15353 5479 0.2630088325652842
 927 15341 5501 0.26393820170808946
 928 15333 5511 0.26439263097294186
 929 15316 5520 0.2649260894605491
 930 15301 5536 0.2656812401017421
 931 15276 5554 0.26663466154584736
 932 15261 5568 0.2673196024773153
 933 15246 5580 0.26793431287813313
 934 15234 5598 0.26872119815668205
 935 15231 5618 0.2694613650534798
 936 15216 5629 0.2700407771647877
 937 15200 5647 0.27087830383268574
 938 15180 5662 0.2716629881969101
 939 15163 5672 0.272234221262299
 940 15141 5695 0.27332501439815704
 941 15129 5707 0.27390094067959303
 942 15115 5726 0.27474689314332323
 943 15095 5745 0.2756717850287908
 944 15088 5759 0.27625077948865545
 945 15080 5773 0.2768426605284611
 946 15063 5788 0.2775886048630761
 947 15041 5798 0.27822832189644414
 948 15033 5811 0.2787852619458837
 949 15026 5819 0.279155672823219
 950 15008 5834 0.2799155551290663
 951 14994 5846 0.28051823416506716
 952 14983 5868 0.28142535130209584
 953 14968 5883 0.282144741259412
 954 14956 5893 0.2826514461125234
 955 14936 5902 0.2832325559074767
 956 14916 5921 0.28415798819407784
 957 14903 5943 0.2850906648757555
 958 14888 5961 0.28591299342894144
 959 14868 5970 0.2864958249352145
 960 14848 5985 0.2872845965535449
 961 14833 6002 0.2880729541636669
 962 14813 6024 0.28910111820319623
 963 14800 6040 0.28982725527831094
 964 14776 6053 0.2906044457247107
 965 14764 6071 0.291384689224862
 966 14745 6085 0.29212674027844454
 967 14738 6104 0.29287016601093946
 968 14728 6124 0.2936888547861116
 969 14714 6131 0.294123290957064
 970 14708 6147 0.29474946056101653
 971 14693 6164 0.29553627079637534
 972 14688 6176 0.2960122699386503
 973 14674 6192 0.29675069491038053
 974 14663 6206 0.2973788873448656
 975 14642 6224 0.2982842902329148
 976 14618 6232 0.2988968824940048
 977 14594 6246 0.29971209213051825
 978 14589 6259 0.300220644666155
 979 14575 6276 0.30099275814109633
 980 14553 6299 0.30208133512372914
 981 14540 6314 0.3027716505226815
 982 14527 6332 0.3035620116017067
 983 14513 6354 0.3044999281161643
 984 14499 6372 0.3053040103492885
 985 14485 6399 0.30640681861712316
 986 14460 6415 0.30730538922155687
 987 14441 6436 0.30828184126071756
 988 14421 6456 0.30923983330938354
 989 14404 6469 0.3099219086858621
 990 14393 6481 0.31048193925457507
 991 14373 6504 0.3115390142261819
 992 14357 6518 0.3122395209580838
 993 14347 6529 0.3127514849588044
 994 14336 6543 0.31337707744623783
 995 14314 6564 0.314397930836287
 996 14295 6583 0.31530797969154134
 997 14278 6602 0.3161877394636015
 998 14255 6620 0.317125748502994
 999 14233 6641 0.31814697710069945
 1000 14210 6660 0.3191183517010062
 1001 14186 6676 0.32000766944684117
 1002 14173 6705 0.3211514512884376
 1003 14160 6727 0.3220663570642026
 1004 14148 6749 0.3229650189022348
 1005 14134 6770 0.32386146192116344
 1006 14116 6789 0.32475484333891413
 1007 14093 6812 0.32585505859842145
 1008 14078 6831 0.32670142044095846
 1009 14059 6847 0.32751363245001436
 1010 14041 6867 0.32843887507174285
 1011 14024 6889 0.32941232726055564
 1012 14004 6906 0.3302725968436155
 1013 13992 6926 0.3311023998470217
 1014 13970 6948 0.3321541256334258
 1015 13957 6969 0.33303067953741755
 1016 13942 6987 0.33384299297625303
 1017 13928 7001 0.33451192125758517
 1018 13906 7016 0.3353407895994647
 1019 13891 7030 0.33602600258113857
 1020 13872 7046 0.3368390859546802
 1021 13846 7068 0.33795543654967963
 1022 13818 7088 0.33904142351478045
 1023 13793 7103 0.33992151607963245
 1024 13772 7123 0.3408949509452022
 1025 13752 7144 0.34188361408882084
 1026 13732 7162 0.34277783095625536
 1027 13714 7173 0.3434193517498923
 1028 13699 7194 0.3443258507634136
 1029 13677 7213 0.34528482527525134
 1030 13652 7227 0.3461372671104938
 1031 13643 7247 0.3469123982766874
 1032 13619 7265 0.3478739705037349
 1033 13597 7282 0.3487714928875904
 1034 13582 7297 0.34948991809952584
 1035 13566 7312 0.350225117348405
 1036 13550 7328 0.3509914742791455
 1037 13525 7346 0.3519716352834076
 1038 13504 7364 0.3528847996933103
 1039 13486 7382 0.35374736438566223
 1040 13466 7402 0.3547057695993866
 1041 13440 7423 0.35579734458131623
 1042 13424 7439 0.3565642525044337
 1043 13407 7467 0.3577177349813165
 1044 13382 7478 0.35848513902205176
 1045 13355 7495 0.35947242206235014
 1046 13336 7514 0.36038369304556356
 1047 13322 7533 0.36120834332294416
 1048 13310 7555 0.36208962377186676
 1049 13299 7572 0.36280005749604716
 1050 13274 7603 0.3641806773003784
 1051 13257 7626 0.36517741703778195
 1052 13237 7635 0.3658010732081257
 1053 13216 7654 0.3667465261140393
 1054 13205 7672 0.3674857498682761
 1055 13189 7693 0.36840340963509244
 1056 13170 7718 0.36949444657219455
 1057 13155 7746 0.3706042773073059
 1058 13132 7761 0.37146412674101376
 1059 13113 7784 0.37249365937694406
 1060 13096 7803 0.3733671467534332
 1061 13080 7827 0.3743722198306787
 1062 13061 7846 0.37528100636150574
 1063 13041 7864 0.3761779478593638
 1064 13012 7881 0.3772076772124635
 1065 12995 7895 0.37793202489229294
 1066 12976 7913 0.3788118148307722
 1067 12963 7927 0.3794638583054093
 1068 12944 7959 0.3807587427641965
 1069 12933 7978 0.38152168715030366
 1070 12897 7999 0.3828005359877488
 1071 12878 8015 0.3836213085722491
 1072 12868 8033 0.3843356777187694
 1073 12848 8048 0.38514548238897395
 1074 12829 8072 0.3862016171475049
 1075 12813 8087 0.3869377990430622
 1076 12793 8109 0.3879533059037413
 1077 12774 8126 0.38880382775119615
 1078 12757 8142 0.3895880185654816
 1079 12735 8161 0.3905532159264931
 1080 12721 8177 0.3912814623408939
 1081 12704 8198 0.39221127164864605
 1082 12676 8220 0.39337672281776415
 1083 12661 8242 0.39429746926278525
 1084 12626 8263 0.39556704485614436
 1085 12610 8279 0.3963329982287328
 1086 12591 8301 0.3973291211947157
 1087 12564 8322 0.398448721631715
 1088 12542 8348 0.3996170416467209
 1089 12511 8366 0.4007280739569862
 1090 12484 8383 0.4017347965687449
 1091 12461 8395 0.4025220560030687
 1092 12448 8416 0.40337423312883436
 1093 12431 8435 0.40424614204926673
 1094 12408 8448 0.4050632911392405
 1095 12386 8468 0.4060611873021962
 1096 12364 8488 0.40705927488969884
 1097 12350 8510 0.40795781399808245
 1098 12324 8530 0.4090342380358684
 1099 12309 8544 0.40972521939289314
 1100 12289 8567 0.41076908323743766
 1101 12269 8588 0.41175624490578705
 1102 12238 8610 0.4129892555640829
 1103 12216 8625 0.41384770404491145
 1104 12208 8640 0.41442824251726784
 1105 12192 8665 0.415448051014048
 1106 12174 8682 0.416283084004603
 1107 12152 8699 0.41719821591290585
 1108 12129 8724 0.41835707092504676
 1109 12113 8734 0.41895716410035017
 1110 12092 8752 0.41988102091729035
 1111 12075 8769 0.42069660333909037
 1112 12060 8784 0.4214162348877375
 1113 12037 8816 0.42276890615259194
 1114 12017 8835 0.4237003644734318
 1115 11999 8860 0.424756699745913
 1116 11979 8871 0.42546762589928055
 1117 11950 8901 0.4268860006714306
 1118 11926 8922 0.42795471987720646
 1119 11903 8945 0.4290579432079816
 1120 11891 8969 0.42996164908916584
 1121 11873 8988 0.4308518287713916
 1122 11856 9009 0.43177570093457945
 1123 11834 9030 0.4328029141104294
 1124 11813 9050 0.433782294013325
 1125 11787 9061 0.4346220260936301
 1126 11764 9082 0.43567111196392594
 1127 11756 9103 0.4364063473800278
 1128 11732 9118 0.43731414868105517
 1129 11709 9136 0.43828256176541136
 1130 11679 9162 0.4396142219663164
 1131 11652 9183 0.44074874010079196
 1132 11627 9202 0.44178789188151135
 1133 11602 9225 0.4429346521342488
 1134 11571 9243 0.4440761026232344
 1135 11545 9267 0.4452719584854891
 1136 11522 9289 0.44635048772283886
 1137 11495 9309 0.447462026533359
 1138 11481 9337 0.4485061004899606
 1139 11445 9360 0.44989185291997114
 1140 11427 9380 0.45080982361705196
 1141 11411 9400 0.451684205468262
 1142 11391 9417 0.4525663206459054
 1143 11364 9437 0.4536801115330994
 1144 11338 9460 0.4548514280219252
 1145 11323 9472 0.455494109160856
 1146 11307 9497 0.45649875024033837
 1147 11279 9519 0.4576882392537744
 1148 11264 9537 0.45848757271285034
 1149 11236 9556 0.45959984609465176
 1150 11210 9576 0.4606946983546618
 1151 11186 9596 0.4617457415070734
 1152 11159 9617 0.4628898729303042
 1153 11129 9640 0.4641533054070971
 1154 11101 9663 0.46537276054710075
 1155 11075 9687 0.4665735478277623
 1156 11053 9710 0.4676588161633675
 1157 11024 9727 0.46874849404847957
 1158 11002 9750 0.469834232845027
 1159 10976 9769 0.47090865268739457
 1160 10953 9795 0.47209369577790633
 1161 10935 9818 0.4730882282079699
 1162 10910 9845 0.4743435316791135
 1163 10889 9860 0.47520362427104923
 1164 10864 9886 0.47643373493975905
 1165 10848 9917 0.47758247050325064
 1166 10832 9943 0.478604091456077
 1167 10810 9960 0.4795377948964853
 1168 10785 9980 0.480616421863713
 1169 10766 9995 0.48143153027310825
 1170 10748 10013 0.48229854053272964
 1171 10732 10029 0.4830692163190598
 1172 10712 10057 0.4842313062737734
 1173 10688 10076 0.4852629551146215
 1174 10666 10096 0.4862729987477122
 1175 10641 10120 0.48745243485381246
 1176 10614 10140 0.4885805145995953
 1177 10591 10160 0.4896149583152619
 1178 10583 10176 0.49019702297798545
 1179 10555 10200 0.4914478438930378
 1180 10528 10220 0.4925775978407557
 1181 10513 10246 0.4935690543860494
 1182 10494 10275 0.49472771919687997
 1183 10476 10298 0.49571579859439685
 1184 10458 10310 0.4964368258859784
 1185 10432 10330 0.4975435892495906
 1186 10411 10352 0.4985792033906468
 1187 10397 10375 0.49947044097823995
 1188 10374 10400 0.5006257822277848
 1189 10354 10410 0.5013484877672896
 1190 10327 10426 0.5023851973208693
 1191 10305 10459 0.5037083413600463
 1192 10274 10480 0.5049628987183193
 1193 10254 10500 0.5059265683723619
 1194 10231 10518 0.5069159959516121
 1195 10210 10536 0.5078569362768727
 1196 10186 10562 0.5090611143242723
 1197 10159 10582 0.5101971939636469
 1198 10136 10609 0.5114003374307062
 1199 10119 10633 0.5123843484965305
 1200 10102 10651 0.5132270033248205
 1201 10085 10666 0.5139993253337188
 1202 10063 10680 0.5148724871040833
 1203 10032 10697 0.5160403299725023
 1204 9997 10715 0.5173329470838162
 1205 9975 10735 0.518348623853211
 1206 9958 10755 0.5192391251870806
 1207 9943 10781 0.5202181046130091
 1208 9916 10811 0.5215901963622328
 1209 9889 10835 0.522823779193206
 1210 9867 10854 0.5238164181265383
 1211 9839 10879 0.5250989477748818
 1212 9816 10904 0.5262548262548262
 1213 9793 10929 0.5274104816137438
 1214 9776 10956 0.5284584217634575
 1215 9747 10983 0.5298118668596238
 1216 9731 11008 0.5307874053715222
 1217 9703 11027 0.5319343945972022
 1218 9671 11044 0.5331402365435675
 1219 9650 11065 0.5341539946898383
 1220 9627 11091 0.535331595713872
 1221 9611 11100 0.5359470812611655
 1222 9597 11115 0.5366454229432214
 1223 9571 11132 0.5376998502632468
 1224 9537 11154 0.5390749601275917
 1225 9515 11186 0.5403603690642964
 1226 9483 11203 0.5415740114086822
 1227 9457 11219 0.5426097891274908
 1228 9436 11245 0.5437357961413858
 1229 9416 11262 0.5446368120707998
 1230 9398 11278 0.5454633391371638
 1231 9380 11301 0.5464435955708138
 1232 9353 11321 0.5475960143175003
 1233 9324 11355 0.5491077905121138
 1234 9313 11380 0.5499444256511864
 1235 9297 11395 0.5506959211289387
 1236 9270 11423 0.5520224230416083
 1237 9240 11440 0.5531914893617021
 1238 9215 11459 0.5542710651059302
 1239 9194 11483 0.5553513565797746
 1240 9162 11496 0.5564914318907929
 1241 9137 11514 0.5575516924119898
 1242 9122 11529 0.5582780494891288
 1243 9104 11554 0.5592990608965049
 1244 9078 11573 0.5604086969154036
 1245 9062 11597 0.5613534052955128
 1246 9040 11614 0.5623123850101676
 1247 9019 11647 0.563582696216007
 1248 9003 11667 0.5644412191582003
 1249 8982 11687 0.5654361604334994
 1250 8953 11713 0.5667763476241169
 1251 8928 11733 0.5678815158995209
 1252 8909 11747 0.5686967467079783
 1253 8897 11771 0.5695277724017805
 1254 8885 11800 0.5704616872129562
 1255 8856 11815 0.5715737022882299
 1256 8834 11840 0.5727000096739866
 1257 8812 11868 0.5738878143133462
 1258 8787 11891 0.5750556146629268
 1259 8760 11912 0.5762383900928792
 1260 8734 11936 0.5774552491533623
 1261 8717 11964 0.5785020066727915
 1262 8696 11983 0.5794767638667246
 1263 8676 11995 0.5802815538677374
 1264 8653 12015 0.5813334623572672
 1265 8629 12035 0.5824138598528843
 1266 8618 12057 0.5831680773881499
 1267 8591 12080 0.5843935948913938
 1268 8570 12105 0.5854897218863362
 1269 8547 12130 0.5866421627895729
 1270 8527 12150 0.5876094210959036
 1271 8500 12175 0.5888754534461911
 1272 8475 12190 0.5898862811517058
 1273 8449 12207 0.5909663051897753
 1274 8423 12225 0.592067028283611
 1275 8394 12243 0.5932548335513883
 1276 8368 12268 0.5944950571816243
 1277 8347 12291 0.5955518945634267
 1278 8324 12317 0.5967249648757328
 1279 8300 12336 0.5977902694320605
 1280 8279 12364 0.5989439519449692
 1281 8258 12388 0.6000193742129226
 1282 8239 12415 0.6010942190374746
 1283 8225 12436 0.6019069744930061
 1284 8206 12454 0.6028073572120038
 1285 8178 12475 0.6040284704401297
 1286 8153 12490 0.6050477159327617
 1287 8127 12504 0.6060782317871165
 1288 8105 12527 0.6071636293136875
 1289 8078 12563 0.6086429921030958
 1290 8043 12594 0.6102631196394824
 1291 8017 12628 0.6116735286994429
 1292 7992 12653 0.6128844756599661
 1293 7976 12678 0.6138278299602983
 1294 7952 12698 0.6149152542372881
 1295 7929 12728 0.6161591712252505
 1296 7915 12750 0.6169852407452214
 1297 7894 12766 0.6179090029041626
 1298 7863 12786 0.6192067412465495
 1299 7837 12800 0.6202451906769395
 1300 7821 12830 0.621277419979662
 1301 7789 12847 0.6225528203140144
 1302 7768 12866 0.6235339730541825
 1303 7742 12886 0.6246848943184021
 1304 7713 12907 0.6259456838021339
 1305 7687 12927 0.6270980886775978
 1306 7667 12953 0.628176527643065
 1307 7647 12974 0.6291644440133844
 1308 7630 12998 0.6301144076013186
 1309 7604 13018 0.6312675783144215
 1310 7579 13033 0.6323015718998641
 1311 7544 13059 0.6338397320778527
 1312 7526 13081 0.6347842965982433
 1313 7505 13106 0.6358740478385329
 1314 7488 13128 0.6367869615832363
 1315 7457 13150 0.6381326733634202
 1316 7438 13171 0.6390897180843321
 1317 7413 13200 0.6403725804104206
 1318 7384 13227 0.6417446994323419
 1319 7359 13253 0.6429749660392005
 1320 7338 13278 0.6440628637951106
 1321 7326 13302 0.6448516579406631
 1322 7300 13331 0.6461635403034269
 1323 7283 13365 0.6472781867493219
 1324 7260 13382 0.6482898943900784
 1325 7235 13403 0.6494330846012211
 1326 7219 13422 0.6502591928685626
 1327 7198 13439 0.6512089935552648
 1328 7174 13466 0.6524224806201551
 1329 7159 13492 0.6533339789840685
 1330 7142 13510 0.6541739298857253
 1331 7121 13535 0.6552575522850503
 1332 7084 13550 0.6566831443249006
 1333 7061 13574 0.6578143930215653
 1334 7036 13597 0.6589928754907187
 1335 7015 13622 0.6600765615157241
 1336 6992 13645 0.6611910645927218
 1337 6978 13669 0.6620332251658837
 1338 6960 13704 0.6631823461091754
 1339 6935 13732 0.6644408961145788
 1340 6909 13751 0.6655856727976767
 1341 6893 13779 0.6665537925696594
 1342 6878 13802 0.6674081237911025
 1343 6853 13827 0.6686170212765957
 1344 6839 13849 0.6694218870843001
 1345 6817 13876 0.6705649253370705
 1346 6804 13902 0.6713995943204868
 1347 6778 13933 0.6727342957848487
 1348 6757 13949 0.6736694677871149
 1349 6737 13970 0.6746510841744338
 1350 6720 13987 0.6754720625875308
 1351 6695 14006 0.6765856721897493
 1352 6667 14027 0.6778293225089398
 1353 6641 14049 0.6790236829386177
 1354 6615 14064 0.6801102567822429
 1355 6595 14086 0.6811082636236159
 1356 6580 14109 0.6819565952921842
 1357 6553 14130 0.6831697529371948
 1358 6532 14145 0.6840934371523916
 1359 6517 14168 0.6849407783417936
 1360 6499 14194 0.685932440922051
 1361 6471 14210 0.6871041052173492
 1362 6447 14233 0.6882495164410058
 1363 6430 14258 0.6891918020108275
 1364 6412 14280 0.6901217861975643
 1365 6399 14292 0.6907351022183558
 1366 6382 14320 0.6917206067046662
 1367 6362 14347 0.6927905741465064
 1368 6340 14374 0.6939268127836246
 1369 6309 14392 0.6952321143906092
 1370 6295 14414 0.6960258824665604
 1371 6265 14443 0.6974599188719336
 1372 6251 14472 0.6983544853544371
 1373 6227 14491 0.6994401003957911
 1374 6199 14516 0.7007482500603427
 1375 6170 14531 0.7019467658567219
 1376 6150 14563 0.7030850190701492
 1377 6132 14591 0.7040968971673985
 1378 6111 14614 0.7051387213510253
 1379 6095 14632 0.7059391132339461
 1380 6074 14655 0.7069805586376574
 1381 6052 14680 0.7080841211653482
 1382 6035 14700 0.7089462261876055
 1383 6018 14722 0.7098360655737705
 1384 5999 14737 0.7106963734567902
 1385 5979 14755 0.7116330664608855
 1386 5957 14782 0.7127633926418825
 1387 5938 14792 0.7135552339604438
 1388 5919 14804 0.714375331756985
 1389 5900 14824 0.7153059254970083
 1390 5886 14847 0.7161047605266966
 1391 5869 14868 0.7169793123402614
 1392 5854 14895 0.7178659212492168
 1393 5827 14929 0.7192619001734438
 1394 5812 14952 0.7200924677326141
 1395 5791 14969 0.7210500963391137
 1396 5773 14984 0.7218769571710748
 1397 5752 15001 0.7228352527345444
 1398 5730 15027 0.7239485474779592
 1399 5714 15045 0.7247458933474638
 1400 5687 15055 0.7258220036640632
 1401 5665 15074 0.7268431457640194
 1402 5645 15098 0.7278600009641807
 1403 5618 15110 0.7289656503280587
 1404 5596 15121 0.7298836704156008
 1405 5575 15136 0.7308193713485588
 1406 5556 15150 0.7316719791364822
 1407 5532 15174 0.7328310634598667
 1408 5505 15200 0.7341221927070756
 1409 5492 15223 0.7348781076514603
 1410 5476 15241 0.7356760148670174
 1411 5449 15256 0.736826853417049
 1412 5418 15278 0.7382102821801314
 1413 5393 15297 0.7393426776220396
 1414 5375 15322 0.7403005266463739
 1415 5355 15341 0.7412543486664089
 1416 5338 15357 0.7420633003140855
 1417 5313 15374 0.7431720404118528
 1418 5293 15394 0.7441388311499976
 1419 5271 15422 0.7452761803508433
 1420 5254 15437 0.7460731719104925
 1421 5234 15452 0.7469786328918109
 1422 5214 15484 0.7480916030534351
 1423 5192 15515 0.7492635340706042
 1424 5171 15537 0.7502897430944563
 1425 5147 15558 0.7514127022458343
 1426 5120 15577 0.7526211528240808
 1427 5107 15594 0.7532969421767064
 1428 5091 15616 0.754141111701357
 1429 5074 15634 0.7549739231214989
 1430 5062 15658 0.7556949806949806
 1431 5048 15691 0.7565938569844255
 1432 5027 15707 0.7575479888106492
 1433 5003 15724 0.7586240169826796
 1434 4981 15740 0.7596158486559529
 1435 4963 15761 0.7605192047867207
 1436 4946 15790 0.7614776234567902
 1437 4922 15818 0.7626808100289296
 1438 4904 15845 0.7636512603017013
 1439 4884 15865 0.7646151621764904
 1440 4860 15888 0.7657605552342395
 1441 4847 15909 0.7664771632299094
 1442 4831 15925 0.767248024667566
 1443 4815 15938 0.7679853515154436
 1444 4780 15951 0.7694274275239978
 1445 4760 15978 0.770469669206288
 1446 4736 15998 0.7715829073020161
 1447 4718 16028 0.7725826665381278
 1448 4697 16054 0.7736494626764975
 1449 4670 16064 0.7747660846918105
 1450 4654 16091 0.7756567847674138
 1451 4635 16116 0.7766372704929883
 1452 4614 16139 0.7776706982123066
 1453 4597 16164 0.7785752131400222
 1454 4575 16181 0.7795818076700713
 1455 4555 16212 0.7806616266191554
 1456 4541 16232 0.7813989313050594
 1457 4524 16255 0.782280186726984
 1458 4501 16283 0.7834391839876829
 1459 4484 16310 0.7843608733288449
 1460 4465 16334 0.7853262176066157
 1461 4439 16353 0.786504424778761
 1462 4420 16369 0.7873875607292318
 1463 4404 16380 0.7881062355658198
 1464 4388 16395 0.7888659000144349
 1465 4374 16419 0.7896407444813158
 1466 4356 16434 0.7904761904761904
 1467 4343 16444 0.7910713426660894
 1468 4324 16461 0.7919653596343517
 1469 4305 16475 0.7928296438883542
 1470 4284 16488 0.7937608318890814
 1471 4267 16497 0.7945000963205548
 1472 4250 16530 0.7954764196342637
 1473 4230 16557 0.7965074325299466
 1474 4211 16581 0.7974701808387842
 1475 4194 16603 0.798336298504592
 1476 4182 16621 0.7989713022160265
 1477 4164 16643 0.7998750420531552
 1478 4150 16663 0.8006053908614809
 1479 4126 16661 0.8015105594842931
 1480 4108 16674 0.8023289385044751
 1481 4085 16698 0.8034451234181783
 1482 4061 16721 0.8045905110191511
 1483 4041 16734 0.8054873646209386
 1484 4022 16763 0.8064950685590571
 1485 4000 16778 0.8074886899605351
 1486 3986 16798 0.8082178598922248
 1487 3974 16813 0.8088228219560302
 1488 3955 16833 0.8097460073119107
 1489 3932 16854 0.8108342153372462
 1490 3915 16872 0.811661134362823
 1491 3895 16886 0.8125691737644964
 1492 3875 16911 0.8135764456845954
 1493 3852 16925 0.8146026856620301
 1494 3831 16937 0.8155335130970724
 1495 3815 16961 0.8163746630727763
 1496 3795 16971 0.8172493498988732
 1497 3782 16995 0.8179717957356692
 1498 3761 17017 0.8189912407353932
 1499 3750 17031 0.8195467013137
 1500 3731 17045 0.8204177897574124
 1501 3715 17062 0.821196515377581
 1502 3701 17080 0.8219046244165343
 1503 3685 17090 0.8226233453670276
 1504 3669 17100 0.8233424815831287
 1505 3659 17131 0.824001924001924
 1506 3631 17142 0.8252057959851731
 1507 3613 17164 0.8261057900563122
 1508 3603 17172 0.8265703971119134
 1509 3594 17181 0.8270036101083033
 1510 3581 17202 0.8276957128422269
 1511 3560 17221 0.8286896684471392
 1512 3542 17237 0.8295394388565378
 1513 3524 17256 0.8304138594802695
 1514 3513 17265 0.83092694195784
 1515 3495 17280 0.8317689530685921
 1516 3475 17295 0.832691381800674
 1517 3451 17317 0.8338308936825886
 1518 3429 17332 0.8348345455421222
 1519 3409 17349 0.8357741593602467
 1520 3394 17366 0.8365125240847784
 1521 3386 17384 0.8369764082811748
 1522 3373 17410 0.8377038926045326
 1523 3360 17428 0.8383682893977294
 1524 3349 17452 0.8389981250901399
 1525 3328 17471 0.8399923073224674
 1526 3316 17488 0.8406075754662565
 1527 3295 17499 0.841540829085313
 1528 3282 17517 0.8422039521130824
 1529 3264 17523 0.8429787848174339
 1530 3250 17526 0.8435695032730073
 1531 3237 17536 0.8441727242093101
 1532 3220 17554 0.8449985558871667
 1533 3207 17562 0.8455871731908132
 1534 3191 17580 0.8463723460594098
 1535 3179 17603 0.8470310845924358
 1536 3167 17621 0.8476524918222051
 1537 3148 17637 0.8485446235265817
 1538 3137 17648 0.8490738513350974
 1539 3127 17666 0.8496128504785264
 1540 3116 17686 0.8502067108931833
 1541 3105 17700 0.8507570295602018
 1542 3095 17706 0.8512090764867074
 1543 3080 17719 0.8519159574979567
 1544 3063 17734 0.8527191421839688
 1545 3049 17749 0.8533993653235888
 1546 3033 17764 0.8541616579314324
 1547 3020 17775 0.8547727819187305
 1548 3010 17784 0.8552467057805136
 1549 2995 17799 0.85596806771184
 1550 2985 17822 0.8565386648723987
 1551 2976 17826 0.8569368329968272
 1552 2954 17842 0.8579534525870359
 1553 2945 17843 0.8583317298441409
 1554 2933 17865 0.8589768246946822
 1555 2919 17878 0.859643217771794
 1556 2911 17898 0.8601086068528041
 1557 2892 17909 0.8609682226816019
 1558 2877 17923 0.8616826923076923
 1559 2862 17946 0.8624567474048442
 1560 2851 17956 0.8629788052097852
 1561 2840 17973 0.8635468216979773
 1562 2834 17986 0.86388088376561
 1563 2822 18004 0.8644963026985499
 1564 2805 18017 0.8652867159734896
 1565 2793 18030 0.8658694712577438
 1566 2781 18042 0.8664457570955194
 1567 2776 18065 0.8668010172256609
 1568 2763 18078 0.8674247876781345
 1569 2755 18087 0.8678149889645907
 1570 2745 18103 0.8683326937835764
 1571 2735 18107 0.8687745897706554
 1572 2719 18113 0.8694796466973886
 1573 2709 18129 0.8699971206449755
 1574 2697 18148 0.8706164547853202
 1575 2678 18171 0.8715525924504772
 1576 2669 18183 0.8720026855937081
 1577 2656 18198 0.8726383427639781
 1578 2638 18213 0.873483286173325
 1579 2621 18222 0.8742503478386029
 1580 2610 18240 0.874820143884892
 1581 2597 18253 0.8754436450839329
 1582 2588 18266 0.8758991080847799
 1583 2568 18282 0.8768345323741007
 1584 2555 18306 0.877522649920905
 1585 2541 18316 0.8781703984273865
 1586 2530 18325 0.8786861663869575
 1587 2524 18346 0.8790608528988979
 1588 2513 18372 0.8796744074694757
 1589 2502 18380 0.880183890431951
 1590 2488 18392 0.8808429118773946
 1591 2474 18404 0.8815020595842513
 1592 2463 18414 0.8820232792067826
 1593 2450 18421 0.8826122370753677
 1594 2435 18428 0.8832862004505584
 1595 2422 18447 0.883942690114524
 1596 2416 18457 0.8842523834618886
 1597 2404 18476 0.8848659003831417
 1598 2390 18498 0.885580237456913
 1599 2378 18512 0.8861656294877932
 1600 2364 18513 0.8867653398476792
 1601 2354 18529 0.8872767322702677
 1602 2342 18537 0.8878298769098137
 1603 2331 18549 0.8883620689655173
 1604 2321 18563 0.8888622869182149
 1605 2306 18582 0.8896016851780927
 1606 2299 18581 0.8898946360153257
 1607 2287 18586 0.8904326162985675
 1608 2274 18606 0.8910919540229885
 1609 2261 18625 0.8917456669539404
 1610 2248 18647 0.8924144532184733
 1611 2234 18657 0.8930639988511799
 1612 2222 18676 0.8936740357928988
 1613 2214 18690 0.8940872560275546
 1614 2202 18703 0.8946663477636929
 1615 2190 18715 0.8952403731164793
 1616 2183 18725 0.8955902047063325
 1617 2173 18732 0.8960535756995934
 1618 2160 18751 0.8967050834489025
 1619 2146 18753 0.8973156610364132
 1620 2140 18762 0.8976174528753229
 1621 2126 18781 0.8983115702874636
 1622 2118 18785 0.898674831363919
 1623 2109 18803 0.8991488140780414
 1624 2095 18812 0.8997943272588128
 1625 2083 18825 0.9003730629424144
