 "time" "normal population" "cancer population" "cancer proportion"patch_inflammation:0.1
 1 10394 0 0
 2 10394 0 0
 3 10557 8 7.572172266919072E-4
 4 10558 8 7.571455612341472E-4
 5 10711 12 0.0011190898069570084
 6 10716 13 0.001211669307484388
 7 10884 20 0.001834189288334556
 8 10892 21 0.001924310455420141
 9 11060 25 0.0022552999548940008
 10 11066 25 0.00225407988459111
 11 11209 28 0.0024917682655513037
 12 11211 28 0.0024913248509653885
 13 11342 32 0.002813434148056972
 14 11356 32 0.0028099754127151387
 15 11484 36 0.003125
 16 11507 36 0.00311877328250888
 17 11609 38 0.0032626427406199023
 18 11625 38 0.003258166852439338
 19 11722 40 0.0034007821799013774
 20 11738 40 0.0033961623365596876
 21 11823 42 0.0035398230088495575
 22 11843 42 0.00353386621792175
 23 11922 45 0.0037603409375783405
 24 11935 45 0.0037562604340567614
 25 12005 45 0.0037344398340248964
 26 12031 45 0.0037263994700231866
 27 12085 46 0.0037919380100568793
 28 12108 46 0.0037847622181997696
 29 12169 48 0.003928951461078824
 30 12195 48 0.0039206076941926
 31 12241 49 0.0039869812855980475
 32 12267 49 0.003978564468983436
 33 12307 54 0.00436857859396489
 34 12333 54 0.004359409057883265
 35 12381 55 0.0044226439369572206
 36 12405 55 0.004414125200642055
 37 12450 57 0.004557447829215639
 38 12482 57 0.004545817050801499
 39 12541 57 0.0045245277028099695
 40 12570 57 0.004514136374435733
 41 12613 57 0.004498816101026046
 42 12633 58 0.004570167835473958
 43 12668 59 0.00463581362457767
 44 12692 59 0.004627088071523802
 45 12721 60 0.004694468351459197
 46 12753 61 0.004760418292492586
 47 12791 62 0.004823776550221738
 48 12812 63 0.004893203883495146
 49 12846 65 0.00503446673379289
 50 12865 65 0.005027068832173241
 51 12911 65 0.0050092478421701605
 52 12933 65 0.005000769349130635
 53 12966 65 0.004988105287391605
 54 12992 66 0.005054372798284576
 55 13035 66 0.005037783375314861
 56 13057 67 0.005105150868637611
 57 13098 67 0.005089251804025826
 58 13121 67 0.00508037609948438
 59 13151 68 0.005144110749678493
 60 13166 69 0.005213449187759728
 61 13200 69 0.005200090436355415
 62 13228 71 0.005338747274231145
 63 13267 71 0.00532313690208427
 64 13281 71 0.005317555422408628
 65 13319 71 0.005302464525765497
 66 13333 72 0.005371130175307721
 67 13368 73 0.005431143516107432
 68 13387 73 0.005423476968796434
 69 13413 73 0.005413020910573929
 70 13436 73 0.005403804870826856
 71 13468 75 0.005537916266706047
 72 13483 79 0.0058250995428402895
 73 13515 79 0.005811387376783875
 74 13528 79 0.005805835231865951
 75 13557 80 0.005866392901664589
 76 13570 83 0.006079249981689006
 77 13601 83 0.006065477930429699
 78 13629 84 0.006125574272588055
 79 13646 84 0.006117989803350328
 80 13669 85 0.006180020357714119
 81 13699 85 0.006166569936157864
 82 13724 85 0.006155405894706351
 83 13758 86 0.006212077434267552
 84 13776 87 0.006275697900887254
 85 13801 90 0.006479015189691167
 86 13820 91 0.006541585795413701
 87 13857 93 0.006666666666666667
 88 13879 94 0.006727259715164961
 89 13910 98 0.006996002284408909
 90 13924 99 0.00705983027882764
 91 13950 99 0.007046764894298526
 92 13970 101 0.007177883590363158
 93 13994 104 0.007376932898283444
 94 14008 104 0.007369614512471655
 95 14033 104 0.007356582018815873
 96 14040 105 0.007423117709437964
 97 14069 106 0.007477954144620811
 98 14092 107 0.007535741953658709
 99 14114 107 0.007524084100977428
 100 14134 108 0.00758320460609465
 101 14162 109 0.007637867003013103
 102 14171 109 0.007633053221288515
 103 14198 110 0.007688006709533128
 104 14218 110 0.007677275265214964
 105 14238 112 0.007804878048780488
 106 14251 112 0.007797813827194876
 107 14279 113 0.007851584213451918
 108 14292 113 0.007844498438042346
 109 14318 115 0.007967851451534677
 110 14331 117 0.008098006644518272
 111 14350 119 0.00822447992259313
 112 14362 120 0.008286148322054964
 113 14380 122 0.008412632740311681
 114 14388 123 0.008476328302666942
 115 14412 127 0.008735126212256689
 116 14430 128 0.008792416540733617
 117 14458 132 0.009047292666209733
 118 14477 132 0.009035526045588336
 119 14504 133 0.009086561453849833
 120 14526 134 0.009140518417462483
 121 14544 135 0.009196811771919068
 122 14555 136 0.009257368456878362
 123 14579 136 0.009242269792728509
 124 14593 138 0.009367999456927567
 125 14624 138 0.009348326784988484
 126 14636 139 0.009407783417935703
 127 14654 141 0.009530246704967894
 128 14667 141 0.009521880064829822
 129 14688 141 0.009508395711106616
 130 14699 141 0.009501347708894879
 131 14717 141 0.009489837124781263
 132 14735 142 0.009544935134771795
 133 14756 146 0.009797342638572003
 134 14772 146 0.009786834696339992
 135 14797 146 0.009770461085458074
 136 14808 146 0.009763274040390532
 137 14826 146 0.009751536200908363
 138 14834 147 0.009812429076830652
 139 14855 147 0.00979869350753233
 140 14868 148 0.009856153436334577
 141 14887 149 0.00990955041234371
 142 14906 151 0.010028558145712957
 143 14926 151 0.01001525502420906
 144 14939 152 0.010072228480551322
 145 14951 152 0.010064225650533007
 146 14963 152 0.010056235527621568
 147 14980 153 0.010110354853631136
 148 14990 153 0.010103678267186158
 149 15011 154 0.010154962083745467
 150 15021 155 0.010213494992092778
 151 15041 155 0.010200052645433009
 152 15055 155 0.010190664036817882
 153 15073 156 0.01024361415720008
 154 15081 156 0.010238235873203386
 155 15098 157 0.01029170763684038
 156 15110 157 0.01028361826161001
 157 15125 159 0.010403035854488353
 158 15135 160 0.010460934946060804
 159 15144 161 0.010519438092126757
 160 15160 161 0.010508452450884408
 161 15188 162 0.010553745928338762
 162 15196 163 0.010612670095709357
 163 15215 163 0.010599557809858239
 164 15225 166 0.010785524007536872
 165 15240 168 0.010903426791277258
 166 15252 168 0.010894941634241245
 167 15264 168 0.01088646967340591
 168 15276 168 0.010878010878010878
 169 15299 168 0.0108618348742484
 170 15309 169 0.01091872334926993
 171 15331 170 0.010967034384878395
 172 15337 170 0.010962790997613981
 173 15351 170 0.01095290251916758
 174 15358 172 0.01107533805537669
 175 15372 172 0.011065362840967576
 176 15384 172 0.01105682694780149
 177 15407 173 0.01110397946084724
 178 15416 173 0.011097568798511771
 179 15435 175 0.011210762331838564
 180 15445 175 0.01120358514724712
 181 15465 176 0.011252477463077809
 182 15474 177 0.01130918152194748
 183 15490 177 0.011297631965277334
 184 15496 178 0.011356386372336354
 185 15510 179 0.011409267639747594
 186 15519 181 0.011528662420382165
 187 15543 182 0.011573926868044515
 188 15550 182 0.011568777015001272
 189 15567 183 0.011619047619047619
 190 15580 185 0.011734855692990803
 191 15594 185 0.011724443881107802
 192 15606 185 0.011715534165030714
 193 15630 185 0.011697755295605438
 194 15635 185 0.011694058154235146
 195 15642 185 0.01168888608074809
 196 15656 185 0.011678555646739473
 197 15676 186 0.011726137939730173
 198 15683 186 0.011720965404247274
 199 15688 189 0.011904012092964666
 200 15697 191 0.012021651560926485
 201 15713 191 0.012009557344064387
 202 15719 191 0.012005028284098052
 203 15730 193 0.012120831501601457
 204 15737 195 0.012239517951292996
 205 15745 195 0.012233375156838143
 206 15745 195 0.012233375156838143
 207 15757 196 0.01228609039052216
 208 15767 198 0.012402129658628249
 209 15781 198 0.012391263533387572
 210 15787 200 0.01251016450866329
 211 15804 201 0.012558575445173383
 212 15813 203 0.012674825174825174
 213 15826 206 0.012849301397205588
 214 15832 206 0.012844494325975807
 215 15847 207 0.012893982808022923
 216 15848 208 0.012954658694569009
 217 15860 210 0.013067828251400125
 218 15870 210 0.013059701492537313
 219 15882 211 0.013111290623252345
 220 15886 212 0.013169337805938626
 221 15895 215 0.01334574798261949
 222 15908 217 0.01345736434108527
 223 15917 218 0.013511000929656028
 224 15922 220 0.013629042250030974
 225 15929 220 0.013623134559415443
 226 15929 220 0.013623134559415443
 227 15942 220 0.013612176710803118
 228 15942 220 0.013612176710803118
 229 15950 220 0.013605442176870748
 230 15958 220 0.013598714303374953
 231 15966 220 0.013591993080439886
 232 15979 221 0.013641975308641975
 233 15988 221 0.013634400641618853
 234 15996 223 0.01374930636907331
 235 16004 223 0.013742527885622727
 236 16007 225 0.01386150813208477
 237 16015 226 0.013915399298072778
 238 16023 226 0.013908548218351899
 239 16037 228 0.01401782969566554
 240 16043 230 0.014133841332268174
 241 16050 231 0.014188317670904735
 242 16054 232 0.01424536411641901
 243 16067 232 0.014234002086017546
 244 16070 232 0.014231382652435284
 245 16078 233 0.014284838452578014
 246 16087 234 0.014337356779609093
 247 16096 235 0.01438981078929643
 248 16104 235 0.014382765163106678
 249 16109 236 0.014438666258794738
 250 16109 236 0.014438666258794738
 251 16116 238 0.014553014553014554
 252 16115 239 0.014614161672985203
 253 16117 243 0.014853300733496333
 254 16121 243 0.014849670007333171
 255 16126 246 0.015025653554849744
 256 16131 247 0.015081206496519721
 257 16144 251 0.015309545593168649
 258 16147 252 0.01536679065796695
 259 16157 252 0.015357425802913036
 260 16158 252 0.015356489945155392
 261 16167 252 0.015348072355198247
 262 16170 253 0.015405224380442064
 263 16177 254 0.01545858438317814
 264 16178 257 0.015637359294189232
 265 16187 258 0.015688659166920037
 266 16191 259 0.01574468085106383
 267 16194 259 0.015741810004254543
 268 16197 261 0.015858549033904483
 269 16198 261 0.015857585515523423
 270 16204 262 0.015911575367423783
 271 16200 264 0.016034985422740525
 272 16202 266 0.016152538256011657
 273 16209 268 0.016265096801602232
 274 16208 270 0.016385483675203302
 275 16213 270 0.016380513256082023
 276 16211 271 0.016442179347166606
 277 16221 271 0.016432209556148436
 278 16227 273 0.016545454545454544
 279 16230 274 0.0166020358700921
 280 16236 274 0.016596002422774075
 281 16243 274 0.016588968941090996
 282 16240 275 0.016651528913109295
 283 16245 276 0.01670601053205012
 284 16253 276 0.01669792485933813
 285 16257 276 0.01669388495735801
 286 16262 277 0.01674829191607715
 287 16270 277 0.016740194597207953
 288 16275 278 0.016794538754304356
 289 16275 278 0.016794538754304356
 290 16273 279 0.016855969067182213
 291 16276 280 0.016912297656438754
 292 16281 282 0.017025901104872305
 293 16290 282 0.017016654598117305
 294 16286 284 0.017139408569704286
 295 16291 284 0.0171342383107089
 296 16283 284 0.017142512223094104
 297 16288 285 0.01719664514571894
 298 16282 286 0.017262192177691937
 299 16284 287 0.01731941343310603
 300 16282 287 0.017321504013519222
 301 16279 287 0.017324640830616925
 302 16278 287 0.01732568668880169
 303 16285 287 0.01731836833212648
 304 16285 288 0.017377662463042298
 305 16293 289 0.017428536967796407
 306 16288 291 0.017552325230713553
 307 16281 294 0.017737556561085974
 308 16273 295 0.01780540801545147
 309 16277 295 0.017801110306541152
 310 16271 295 0.0178075576481951
 311 16272 296 0.017865765330758086
 312 16277 299 0.018038127413127412
 313 16285 300 0.01808863430810974
 314 16285 300 0.01808863430810974
 315 16287 300 0.018086453246518357
 316 16278 303 0.018273927989867923
 317 16275 304 0.018336449725556425
 318 16265 305 0.018406759203379603
 319 16269 306 0.018461538461538463
 320 16264 307 0.01852634119847927
 321 16265 310 0.01870286576168929
 322 16265 310 0.01870286576168929
 323 16267 310 0.018700609277915184
 324 16262 311 0.018765461895854704
 325 16265 313 0.018880443961877186
 326 16265 314 0.0189396224138971
 327 16263 317 0.019119420989143546
 328 16255 321 0.01936534749034749
 329 16245 322 0.01943622864731092
 330 16242 322 0.019439748852934074
 331 16238 323 0.019503653161041
 332 16231 324 0.019571126547870733
 333 16226 326 0.01969550507491542
 334 16222 328 0.019818731117824773
 335 16224 329 0.019875551259590406
 336 16215 330 0.019945602901178604
 337 16214 330 0.0199468085106383
 338 16206 334 0.02019347037484885
 339 16206 334 0.02019347037484885
 340 16205 335 0.020253929866989116
 341 16196 337 0.02038347547329583
 342 16192 338 0.02044767090139141
 343 16188 339 0.020511889635142493
 344 16174 341 0.020647895852255526
 345 16171 341 0.020651647286821704
 346 16160 343 0.0207840998606314
 347 16159 345 0.020904023267086767
 348 16157 345 0.020906556780996243
 349 16155 346 0.020968426155990545
 350 16147 347 0.02103795319510125
 351 16146 347 0.02103922876371794
 352 16142 348 0.02110369921164342
 353 16139 350 0.02122627206016132
 354 16131 350 0.02123657545051878
 355 16125 350 0.021244309559939303
 356 16121 352 0.02136829964183816
 357 16119 353 0.021430305973773676
 358 16108 355 0.02156350604385592
 359 16101 357 0.02169157856361648
 360 16091 358 0.02176424098729406
 361 16091 360 0.02188316819646222
 362 16089 361 0.02194528875379939
 363 16091 363 0.02206150480126413
 364 16080 365 0.022195196108239588
 365 16074 367 0.022322243172556412
 366 16063 367 0.022337188070602556
 367 16060 370 0.02251978088861838
 368 16052 371 0.022590269743652195
 369 16043 371 0.022602656269038627
 370 16035 373 0.0227328132618235
 371 16026 375 0.022864459484177795
 372 16009 376 0.022947818126335062
 373 16006 377 0.023011658426417628
 374 15995 379 0.023146451691706364
 375 15991 380 0.02321177692260705
 376 15978 381 0.023289932147441777
 377 15972 381 0.02329847734360668
 378 15958 382 0.023378212974296205
 379 15958 384 0.02349773589523926
 380 15946 385 0.02357479639948564
 381 15950 392 0.02398727205972341
 382 15940 392 0.024001959343619886
 383 15935 392 0.024009309732345194
 384 15924 392 0.02402549644520716
 385 15924 393 0.024085309799595514
 386 15920 394 0.02415103592006865
 387 15918 395 0.024213817201005332
 388 15910 397 0.02434537315263384
 389 15903 399 0.024475524475524476
 390 15895 400 0.0245474071801166
 391 15896 401 0.02460575566055102
 392 15891 401 0.024613307144610852
 393 15888 402 0.024677716390423574
 394 15876 402 0.024695908588278657
 395 15868 404 0.024827925270403145
 396 15858 406 0.024963108706345303
 397 15849 409 0.025156845860499447
 398 15838 411 0.02529386423779925
 399 15837 412 0.025355406486553017
 400 15821 414 0.02550046196489067
 401 15823 414 0.025497320933670013
 402 15806 415 0.025584119351457987
 403 15799 416 0.025655257477644158
 404 15785 417 0.025737563263794592
 405 15784 418 0.02579928403900753
 406 15770 420 0.025941939468807906
 407 15760 420 0.02595797280593325
 408 15756 420 0.02596439169139466
 409 15754 423 0.02614823514866786
 410 15747 423 0.026159554730983303
 411 15741 424 0.02622950819672131
 412 15732 426 0.02636464909023394
 413 15733 427 0.026423267326732672
 414 15719 428 0.026506471790425465
 415 15711 428 0.026519610880475865
 416 15705 430 0.02665013944840409
 417 15695 431 0.02672702468063996
 418 15683 433 0.02686770910896004
 419 15679 434 0.026934773164525538
 420 15672 436 0.027067295753662776
 421 15668 436 0.027074018877297566
 422 15667 437 0.02713611525086935
 423 15655 439 0.027277246178700136
 424 15641 440 0.02736148249486972
 425 15644 440 0.02735637901019647
 426 15629 443 0.027563464410154306
 427 15625 443 0.027570326114015435
 428 15599 445 0.027736225380204437
 429 15595 447 0.027864356065328513
 430 15591 448 0.02793191595486003
 431 15578 450 0.0280758672323434
 432 15569 451 0.028152309612983772
 433 15561 452 0.028227065509273716
 434 15547 454 0.028373226673332915
 435 15535 457 0.028576788394197097
 436 15530 457 0.028585725902295616
 437 15536 457 0.028575001563183895
 438 15530 459 0.028707236224904623
 439 15527 461 0.028834125594195646
 440 15511 461 0.028863010267968947
 441 15502 465 0.029122565290912505
 442 15490 467 0.02926615278561133
 443 15487 471 0.02951497681413711
 444 15478 473 0.02965331327189518
 445 15477 474 0.029716005266127516
 446 15470 475 0.029789902790843526
 447 15466 476 0.02985823610588383
 448 15451 477 0.029947262682069313
 449 15447 479 0.030076604294863744
 450 15437 484 0.030400100496199987
 451 15435 486 0.030525720746184284
 452 15428 488 0.03066097009298819
 453 15415 491 0.030868854520306802
 454 15406 491 0.03088633075423036
 455 15403 491 0.03089216056373474
 456 15393 493 0.03103361450333627
 457 15380 495 0.031181102362204723
 458 15380 499 0.031425152717425534
 459 15379 499 0.031427131880589494
 460 15369 503 0.03169102822580645
 461 15366 506 0.03188004032258065
 462 15360 506 0.0318920963065675
 463 15359 507 0.031955124164880874
 464 15347 508 0.032040365815200256
 465 15348 510 0.03216042376087779
 466 15336 513 0.03236797274275979
 467 15331 515 0.03250031553704405
 468 15331 516 0.032561368082286865
 469 15325 516 0.032573701155230096
 470 15321 518 0.03270408485384178
 471 15311 521 0.03290803436078828
 472 15289 524 0.033137292101435525
 473 15284 526 0.033270082226438964
 474 15275 529 0.033472538597823336
 475 15260 530 0.03356554781507283
 476 15252 531 0.033643793955521764
 477 15253 533 0.03376409476751552
 478 15246 534 0.03384030418250951
 479 15237 538 0.03410459587955626
 480 15233 539 0.034174486431651024
 481 15228 540 0.03424657534246575
 482 15223 542 0.03437995559784333
 483 15210 545 0.03459219295461758
 484 15196 546 0.03468428408080295
 485 15193 549 0.034874857070257906
 486 15186 551 0.03501302662515092
 487 15186 553 0.03513565029544444
 488 15179 556 0.03533523991102638
 489 15179 562 0.035702941363318724
 490 15164 562 0.03573699605748442
 491 15159 565 0.035932332739760875
 492 15158 569 0.0361798181471355
 493 15151 573 0.03644110913253625
 494 15144 575 0.03657993511037598
 495 15145 576 0.0366388906558107
 496 15133 579 0.03685081466395112
 497 15127 581 0.03698752228163993
 498 15124 583 0.037117208887757054
 499 15112 588 0.03745222929936306
 500 15104 591 0.037655304237018156
 501 15097 594 0.03785609585112485
 502 15087 599 0.03818691827106974
 503 15088 602 0.03836838750796686
 504 15083 606 0.03862578876920135
 505 15084 607 0.03868459626537506
 506 15069 610 0.03890554244530901
 507 15063 612 0.039043062200956935
 508 15059 614 0.03917565239583998
 509 15060 616 0.0392957387088543
 510 15048 617 0.03938716884774976
 511 15042 621 0.039647577092511016
 512 15035 621 0.039665304036791006
 513 15026 623 0.03981085053358042
 514 15008 625 0.039979530480394036
 515 15003 628 0.04017657219627663
 516 14992 630 0.040327742926641916
 517 14993 630 0.04032516162068745
 518 14989 633 0.040519779797721166
 519 14986 634 0.04058898847631242
 520 14982 638 0.04084507042253521
 521 14975 642 0.04110904783249023
 522 14969 644 0.04124767821687056
 523 14965 650 0.041626641050272174
 524 14955 652 0.04177612609726405
 525 14955 654 0.041898904478185665
 526 14945 655 0.041987179487179484
 527 14940 656 0.04206206719671711
 528 14929 659 0.04227610982807287
 529 14919 661 0.04242618741976893
 530 14918 661 0.042428910713139485
 531 14913 665 0.04268840672743613
 532 14903 667 0.04283879254977521
 533 14902 668 0.04290301862556198
 534 14897 670 0.043039763602492453
 535 14895 673 0.043229701952723534
 536 14886 677 0.04350061042215511
 537 14888 681 0.043740766908600424
 538 14880 685 0.04400899453902987
 539 14879 686 0.044073241246386126
 540 14870 687 0.044160185125666905
 541 14860 688 0.04425006431695395
 542 14853 688 0.04426999549578534
 543 14849 691 0.04446589446589447
 544 14844 693 0.044603205251979146
 545 14847 694 0.04465607103789975
 546 14837 697 0.04486931891335136
 547 14838 698 0.04492790937178167
 548 14838 702 0.04517374517374517
 549 14833 706 0.04543406911641676
 550 14829 709 0.045630068219848115
 551 14823 712 0.04583199227550692
 552 14819 716 0.046089475378178306
 553 14815 720 0.046346958480849694
 554 14810 721 0.04642328246732342
 555 14814 725 0.046656799021816076
 556 14802 726 0.046754250386398764
 557 14793 728 0.046904194317376455
 558 14778 728 0.04694956790919644
 559 14781 732 0.04718623090311352
 560 14772 733 0.0472750725572396
 561 14772 737 0.04752079437745825
 562 14762 743 0.04792002579812964
 563 14756 748 0.04824561403508772
 564 14747 756 0.04876475520866929
 565 14740 758 0.04890953671441476
 566 14731 763 0.04924486898154124
 567 14722 765 0.04939626783754116
 568 14717 768 0.049596383597029385
 569 14721 771 0.04976762199845081
 570 14713 775 0.05003873966942149
 571 14708 778 0.05023892548107969
 572 14700 782 0.05051026999095724
 573 14690 784 0.05066563267416311
 574 14676 787 0.05089568647739766
 575 14670 788 0.05097684047095355
 576 14664 790 0.05111945127475087
 577 14661 791 0.051190784364483564
 578 14648 792 0.05129533678756477
 579 14654 794 0.0513982392542724
 580 14642 799 0.05174535328022797
 581 14643 801 0.051864801864801864
 582 14641 805 0.05211705295869481
 583 14634 808 0.05232482839010491
 584 14626 810 0.05247473438714693
 585 14625 811 0.05253951800984711
 586 14626 815 0.05278155559873065
 587 14617 818 0.052996436669906055
 588 14613 822 0.0532555879494655
 589 14604 828 0.053654743390357695
 590 14595 829 0.05374740663900415
 591 14591 832 0.0539454062115023
 592 14588 834 0.054078589028660355
 593 14589 836 0.05419773095623987
 594 14579 836 0.05423289004216672
 595 14574 837 0.05431185516838622
 596 14566 841 0.05458557798403323
 597 14564 844 0.054776739356178605
 598 14550 849 0.05513345022404052
 599 14547 851 0.05526691778153007
 600 14538 857 0.055667424488470285
 601 14542 860 0.0558369042981431
 602 14530 863 0.05606444487754174
 603 14529 865 0.056190723658568274
 604 14524 869 0.05645423244331839
 605 14525 874 0.05675693226832911
 606 14514 880 0.0571651292711446
 607 14517 882 0.05727644652250146
 608 14508 883 0.05737119095575336
 609 14509 889 0.05773477074944798
 610 14499 892 0.05795594828146319
 611 14500 894 0.05807457450954918
 612 14497 895 0.058147089397089395
 613 14498 896 0.05820449525789269
 614 14486 900 0.05849473547380736
 615 14478 903 0.05870879656719329
 616 14474 906 0.05890767230169051
 617 14474 909 0.05909120457648053
 618 14468 913 0.059358949353097976
 619 14469 915 0.059477379095163804
 620 14461 919 0.059752925877763326
 621 14460 923 0.060001300136514335
 622 14447 928 0.060357723577235775
 623 14438 931 0.060576485132409395
 624 14433 934 0.06077959263356543
 625 14428 940 0.06116605934409162
 626 14423 946 0.06155247576289934
 627 14422 950 0.06180067655477491
 628 14415 953 0.06201197293076523
 629 14419 954 0.06205685292395759
 630 14414 960 0.062443085729153115
 631 14408 964 0.06271142336716107
 632 14408 967 0.06289430894308944
 633 14406 971 0.06314625739741171
 634 14403 978 0.06358494246147844
 635 14397 980 0.06373154711582234
 636 14395 987 0.06416590820439474
 637 14399 990 0.06433166547533953
 638 14396 992 0.06446581752014557
 639 14392 997 0.06478653583728637
 640 14387 1001 0.06505068884845334
 641 14393 1002 0.06508606690483923
 642 14380 1003 0.06520184619385036
 643 14377 1004 0.06527533970483064
 644 14372 1009 0.06560041609778298
 645 14374 1013 0.06583479560668097
 646 14371 1020 0.06627249691378079
 647 14372 1024 0.06651078202130424
 648 14360 1028 0.06680530283337666
 649 14359 1034 0.06717339050217631
 650 14363 1036 0.06727709591531918
 651 14361 1039 0.06746753246753247
 652 14356 1046 0.06791325801843916
 653 14354 1051 0.06822460240181759
 654 14347 1056 0.06855807310264234
 655 14341 1057 0.06864527860761138
 656 14329 1059 0.0688198596308812
 657 14324 1065 0.06920527649619858
 658 14315 1069 0.06948777951118044
 659 14322 1073 0.06969795388113023
 660 14316 1075 0.06984601390422975
 661 14318 1080 0.07013897908819328
 662 14310 1083 0.07035665562268564
 663 14307 1087 0.07061192672469793
 664 14305 1090 0.07080220850925625
 665 14296 1097 0.07126615994283116
 666 14295 1100 0.07145177005521273
 667 14297 1103 0.07162337662337662
 668 14285 1104 0.0717395542270453
 669 14286 1110 0.0720966484801247
 670 14275 1115 0.07244964262508122
 671 14279 1121 0.0727922077922078
 672 14277 1124 0.07298227387831958
 673 14284 1128 0.07318972229431611
 674 14279 1129 0.0732736240913811
 675 14276 1138 0.07382898663552614
 676 14274 1142 0.0740788790866632
 677 14275 1144 0.07419417601660289
 678 14269 1149 0.07452328447269425
 679 14267 1154 0.07483301990791777
 680 14255 1155 0.07495133030499676
 681 14264 1158 0.07508753728439892
 682 14260 1162 0.07534690701595124
 683 14257 1163 0.07542153047989623
 684 14253 1166 0.07562098709384525
 685 14255 1172 0.07597070071951773
 686 14254 1174 0.07609541094114597
 687 14254 1177 0.0762750307821917
 688 14248 1180 0.07648431423386051
 689 14246 1181 0.0765540934724833
 690 14242 1184 0.07675353299624012
 691 14241 1187 0.07693803474202748
 692 14235 1191 0.07720731232983274
 693 14238 1194 0.07737169517884915
 694 14238 1201 0.07779001230649653
 695 14243 1205 0.0780036250647333
 696 14242 1207 0.07812803417696938
 697 14232 1212 0.07847707847707848
 698 14230 1213 0.07854691445962572
 699 14233 1218 0.07882984920069898
 700 14233 1222 0.07906826269815594
 701 14231 1226 0.07931681438830303
 702 14225 1229 0.07952633622363142
 703 14228 1231 0.07962998900316967
 704 14223 1238 0.08007244033374297
 705 14223 1245 0.08048875096974399
 706 14208 1251 0.08092373374733165
 707 14209 1253 0.08103738196869745
 708 14198 1255 0.08121400375331651
 709 14200 1260 0.0815006468305304
 710 14194 1267 0.08194812754673049
 711 14194 1271 0.08218558034270934
 712 14195 1272 0.0822396069050236
 713 14194 1279 0.08266011762424869
 714 14191 1282 0.08285400374846506
 715 14188 1285 0.08304788987268144
 716 14182 1290 0.08337642192347466
 717 14189 1294 0.08357553445714655
 718 14182 1300 0.08396847952460923
 719 14189 1305 0.0842261520588615
 720 14185 1309 0.08448431650961663
 721 14183 1313 0.08473154362416108
 722 14180 1315 0.08486608583414004
 723 14186 1318 0.08501031991744067
 724 14178 1321 0.08523130524549971
 725 14178 1326 0.08552631578947369
 726 14177 1328 0.08564979039019671
 727 14173 1333 0.08596672255900942
 728 14169 1337 0.08622468721785115
 729 14169 1339 0.08634253288625225
 730 14163 1347 0.08684719535783365
 731 14161 1351 0.08709386281588448
 732 14159 1354 0.08728163475794495
 733 14165 1359 0.08754187065189384
 734 14163 1362 0.08772946859903381
 735 14162 1370 0.08820499613700747
 736 14151 1371 0.0883262466177039
 737 14151 1381 0.08891321143445789
 738 14145 1387 0.08929951068761267
 739 14143 1391 0.08954551306810866
 740 14141 1395 0.08979145211122554
 741 14142 1395 0.08978567290982815
 742 14133 1398 0.09001352134440796
 743 14133 1402 0.09024782748632121
 744 14126 1409 0.09069842291599614
 745 14121 1417 0.09119577809241859
 746 14118 1423 0.09156424940480021
 747 14112 1427 0.09183345131604351
 748 14099 1438 0.09255325996009525
 749 14103 1442 0.0927629462849791
 750 14092 1446 0.0930621701634702
 751 14086 1451 0.0933899723241295
 752 14077 1458 0.09385259092372063
 753 14075 1467 0.09438939647407026
 754 14062 1473 0.09481815255873834
 755 14062 1481 0.09528405069806344
 756 14056 1487 0.09567007656179631
 757 14045 1490 0.09591245574509173
 758 14037 1496 0.09631107963690208
 759 14035 1499 0.09649800437749453
 760 14021 1500 0.09664325752206687
 761 14019 1506 0.0970048309178744
 762 14012 1512 0.09739757794382892
 763 14010 1516 0.09764266391858817
 764 14004 1520 0.0979129090440608
 765 13994 1527 0.09838283615746408
 766 13988 1530 0.09859517979121021
 767 13988 1531 0.09865326374122044
 768 13985 1536 0.09896269570259648
 769 13989 1541 0.09922730199613651
 770 13994 1546 0.09948519948519949
 771 13999 1552 0.09980065590637258
 772 13994 1556 0.10006430868167203
 773 13990 1561 0.10037939682335541
 774 13987 1562 0.1004566210045662
 775 13985 1571 0.10098997171509386
 776 13982 1574 0.10118282334790435
 777 13980 1580 0.10154241645244216
 778 13972 1587 0.10199884311331063
 779 13980 1592 0.10223478037503211
 780 13971 1594 0.1024092515258593
 781 13971 1598 0.10263986126276575
 782 13966 1602 0.10290339157245632
 783 13956 1604 0.10308483290488432
 784 13951 1607 0.10329091142820414
 785 13951 1610 0.103463787674314
 786 13944 1615 0.10379844463011761
 787 13945 1622 0.10419477098991456
 788 13941 1626 0.10445172480246676
 789 13942 1631 0.10473254992615424
 790 13939 1638 0.10515503627142582
 791 13938 1641 0.10533410360100134
 792 13931 1645 0.10561119671289163
 793 13935 1646 0.10564148642577498
 794 13933 1654 0.10611406941682171
 795 13935 1658 0.10632976335535176
 796 13929 1665 0.10677183532127742
 797 13924 1671 0.10714972747675537
 798 13917 1673 0.10731237973059654
 799 13908 1676 0.10754620123203286
 800 13895 1679 0.10780788493643252
 801 13890 1686 0.10824345146379044
 802 13891 1692 0.10857986267085927
 803 13885 1696 0.10885052307297349
 804 13875 1699 0.10909207653781944
 805 13877 1706 0.10947827761021627
 806 13872 1720 0.11031298101590559
 807 13872 1722 0.1104270873412851
 808 13865 1728 0.11081895722439557
 809 13852 1729 0.11096848726012451
 810 13847 1735 0.11134642536259787
 811 13845 1740 0.11164581328200192
 812 13841 1748 0.11213034832253511
 813 13834 1754 0.11252245316910443
 814 13828 1759 0.11285045229999359
 815 13826 1765 0.1132063369892887
 816 13820 1773 0.11370486756878086
 817 13819 1776 0.11388265469701828
 818 13811 1781 0.1142252437147255
 819 13811 1785 0.1144524236983842
 820 13799 1790 0.11482455577650907
 821 13797 1794 0.1150663844525688
 822 13794 1798 0.11531554643406876
 823 13789 1809 0.11597640723169637
 824 13782 1816 0.11642518271573278
 825 13781 1820 0.11665918851355682
 826 13781 1824 0.11688561358538929
 827 13776 1830 0.11726259131103421
 828 13773 1834 0.11751137310181328
 829 13764 1840 0.1179184824403999
 830 13753 1845 0.11828439543531222
 831 13750 1849 0.11853323931021219
 832 13735 1852 0.1188169628536601
 833 13724 1854 0.11901399409423546
 834 13719 1859 0.11933495955835152
 835 13710 1866 0.11979969183359014
 836 13705 1869 0.12000770514960832
 837 13705 1875 0.12034659820282413
 838 13699 1881 0.12073170731707317
 839 13690 1884 0.12097084885064852
 840 13682 1888 0.12125883108542068
 841 13670 1895 0.12174751044008994
 842 13667 1901 0.12210945529290854
 843 13664 1904 0.1223021582733813
 844 13659 1909 0.12262332990750258
 845 13658 1913 0.1228565923832766
 846 13655 1918 0.12316188274577795
 847 13653 1922 0.12340288924558587
 848 13646 1927 0.12373980607461632
 849 13634 1936 0.12434168272318562
 850 13628 1948 0.1250642013353878
 851 13614 1950 0.12528912875867387
 852 13613 1954 0.12552193743174664
 853 13608 1956 0.12567463377023902
 854 13598 1960 0.12598020311093971
 855 13601 1972 0.1266294227188082
 856 13596 1980 0.1271186440677966
 857 13587 1985 0.12747238633444644
 858 13589 1992 0.1278480200243887
 859 13578 2000 0.12838618564642446
 860 13570 2003 0.12862004751814038
 861 13561 2013 0.1292538846795942
 862 13544 2022 0.1298984967236284
 863 13545 2024 0.1300019269060312
 864 13542 2031 0.13041803120785975
 865 13534 2038 0.13087593115848958
 866 13529 2041 0.1310854206807964
 867 13519 2047 0.13150456122317872
 868 13517 2059 0.13219054956343093
 869 13520 2064 0.1324435318275154
 870 13515 2070 0.13282001924927817
 871 13513 2074 0.1330596009495092
 872 13508 2078 0.13332477864750417
 873 13510 2087 0.13380778354811823
 874 13510 2098 0.13441824705279343
 875 13511 2104 0.13474223503041946
 876 13504 2110 0.13513513513513514
 877 13502 2116 0.13548469714432065
 878 13492 2118 0.13568225496476619
 879 13490 2126 0.13614241803278687
 880 13485 2133 0.13657318478678449
 881 13484 2139 0.1369135249311912
 882 13471 2145 0.13735911885245902
 883 13477 2151 0.1376375735858715
 884 13473 2154 0.13783835669034364
 885 13471 2163 0.1383523090699757
 886 13466 2171 0.13883737289761464
 887 13456 2177 0.1392567005693085
 888 13444 2185 0.13980421012220873
 889 13442 2192 0.14020724062939746
 890 13437 2199 0.1406369915579432
 891 13432 2206 0.14106663256170865
 892 13420 2210 0.1413947536788228
 893 13412 2216 0.14179677501919632
 894 13405 2220 0.14208
 895 13407 2227 0.1424459511321479
 896 13399 2233 0.14284800409416581
 897 13395 2241 0.1433231005372218
 898 13389 2244 0.14354250623680676
 899 13389 2251 0.14392583120204602
 900 13386 2251 0.143953443755196
 901 13386 2254 0.14411764705882352
 902 13381 2259 0.1444373401534527
 903 13376 2262 0.14464765315257705
 904 13362 2267 0.1450508669780536
 905 13357 2274 0.14548013562791887
 906 13354 2281 0.14589062999680205
 907 13353 2288 0.14628220702001152
 908 13343 2294 0.146703331841146
 909 13333 2297 0.14696097248880358
 910 13321 2301 0.14729228011778261
 911 13307 2308 0.14780659622158182
 912 13297 2316 0.1483379235252674
 913 13291 2323 0.1487767388241322
 914 13287 2327 0.14903291917509928
 915 13283 2334 0.14945251969008133
 916 13274 2336 0.14964766175528507
 917 13270 2343 0.15006725164926663
 918 13262 2345 0.1502530915614788
 919 13263 2351 0.15057000128090176
 920 13249 2359 0.15114044079958996
 921 13246 2368 0.15165876777251186
 922 13240 2371 0.15188008455576196
 923 13232 2384 0.1526639344262295
 924 13224 2388 0.15295926210607225
 925 13221 2395 0.1533683401639344
 926 13213 2397 0.1535554131966688
 927 13202 2402 0.15393488849013073
 928 13199 2409 0.15434392619169657
 929 13195 2413 0.1546002050230651
 930 13192 2417 0.15484656288038953
 931 13188 2421 0.15510282529310013
 932 13177 2429 0.15564526464180442
 933 13174 2436 0.15605381165919283
 934 13171 2445 0.1565701844262295
 935 13174 2450 0.15681003584229392
 936 13160 2457 0.15732855221873598
 937 13149 2468 0.1580329128513799
 938 13136 2475 0.15854205368009736
 939 13135 2480 0.15882164585334616
 940 13124 2486 0.1592568866111467
 941 13112 2493 0.15975648830503045
 942 13102 2498 0.16012820512820514
 943 13094 2509 0.16080240979298852
 944 13089 2514 0.1611228609882715
 945 13084 2523 0.16165823028128404
 946 13074 2530 0.16213791335554986
 947 13068 2541 0.16279069767441862
 948 13056 2546 0.1631842071529291
 949 13053 2552 0.16353732777955785
 950 13041 2557 0.163931273240159
 951 13036 2567 0.16451964365827085
 952 13028 2574 0.16497884886553005
 953 13021 2584 0.1655879525793015
 954 13016 2590 0.16596180956042547
 955 13005 2599 0.16655985644706486
 956 12990 2601 0.16682701558591495
 957 12985 2606 0.1671477134244115
 958 12978 2612 0.16754329698524695
 959 12978 2621 0.16802359125584973
 960 12969 2623 0.16822729604925604
 961 12966 2634 0.16884615384615384
 962 12952 2643 0.16947739660147484
 963 12946 2653 0.1700750048080005
 964 12931 2660 0.17061125008017447
 965 12929 2665 0.17089906374246505
 966 12925 2669 0.1711555726561498
 967 12923 2679 0.17170875528778362
 968 12915 2682 0.17195614541257934
 969 12902 2690 0.17252437147255004
 970 12889 2694 0.17288070333055253
 971 12888 2700 0.17321016166281755
 972 12886 2708 0.1736565345645761
 973 12884 2717 0.17415550285238127
 974 12881 2722 0.17445363071204256
 975 12884 2731 0.17489593339737433
 976 12877 2742 0.17555541327869903
 977 12872 2749 0.17598105114909418
 978 12858 2759 0.17666645322405072
 979 12850 2770 0.17733674775928296
 980 12842 2776 0.17774362914585734
 981 12838 2782 0.17810499359795134
 982 12831 2793 0.17876344086021506
 983 12822 2798 0.17912932138284252
 984 12819 2802 0.1793739197234492
 985 12811 2808 0.17978103591779243
 986 12799 2812 0.18012939593876112
 987 12794 2819 0.1805546659834753
 988 12789 2822 0.18076996989302416
 989 12789 2827 0.18103227459016394
 990 12787 2833 0.18137003841229193
 991 12773 2841 0.18195209427436915
 992 12767 2849 0.18244108606557377
 993 12767 2862 0.1831211209930258
 994 12763 2867 0.1834293026231606
 995 12757 2877 0.18402200332608418
 996 12741 2883 0.18452380952380953
 997 12734 2892 0.18507615512607192
 998 12732 2901 0.18556898867779698
 999 12723 2912 0.1862488007675088
 1000 12711 2923 0.18696430855827043
 1001 12703 2933 0.1875799437196214
 1002 12694 2942 0.18815553850089536
 1003 12683 2955 0.18896278296457347
 1004 12676 2967 0.1896695007351531
 1005 12665 2973 0.1901138252973526
 1006 12664 2982 0.19059184456091013
 1007 12655 2987 0.19096023526403275
 1008 12648 3000 0.19171779141104295
 1009 12647 3011 0.19229786690509643
 1010 12640 3019 0.19279647487068138
 1011 12633 3024 0.19314044836175512
 1012 12627 3032 0.1936266683696277
 1013 12630 3037 0.1938469394268207
 1014 12621 3043 0.1942671092951992
 1015 12614 3049 0.19466258060397115
 1016 12603 3057 0.19521072796934866
 1017 12605 3071 0.19590456749170707
 1018 12593 3080 0.19651630192050024
 1019 12588 3087 0.1969377990430622
 1020 12584 3092 0.19724419494769074
 1021 12571 3101 0.19786881061766207
 1022 12564 3111 0.1984688995215311
 1023 12556 3118 0.19892816128620647
 1024 12552 3121 0.19913226567983155
 1025 12544 3125 0.1994383815176463
 1026 12532 3134 0.20005106600280864
 1027 12530 3140 0.200382897255903
 1028 12517 3146 0.20085551937687543
 1029 12500 3155 0.2015330565314596
 1030 12486 3168 0.20237638942123418
 1031 12475 3182 0.20323178131187328
 1032 12470 3189 0.20365285139536368
 1033 12466 3197 0.20411160058737152
 1034 12458 3207 0.2047239067985956
 1035 12446 3222 0.20564207301506254
 1036 12443 3228 0.20598557845702253
 1037 12442 3238 0.20650510204081632
 1038 12437 3246 0.2069757061786648
 1039 12430 3253 0.2074220493528024
 1040 12417 3266 0.2082509723904865
 1041 12406 3275 0.20885147630890888
 1042 12396 3284 0.2094387755102041
 1043 12387 3291 0.20991197856869498
 1044 12379 3303 0.21062364494324703
 1045 12372 3308 0.21096938775510204
 1046 12367 3316 0.21143913792004082
 1047 12362 3322 0.21180821219076768
 1048 12348 3327 0.2122488038277512
 1049 12341 3332 0.2125949084412684
 1050 12331 3342 0.21323294838256876
 1051 12322 3349 0.21370684704230744
 1052 12318 3358 0.21421280939015055
 1053 12297 3368 0.215001595914459
 1054 12290 3374 0.21539836567926454
 1055 12279 3382 0.21595045016282485
 1056 12272 3385 0.2161972280768985
 1057 12271 3393 0.21661133810010214
 1058 12266 3403 0.21718041993745613
 1059 12264 3411 0.21760765550239233
 1060 12256 3422 0.21826763617808395
 1061 12248 3428 0.21867823424342944
 1062 12232 3434 0.21920081705604494
 1063 12227 3441 0.2196196068419709
 1064 12214 3449 0.22020047245099916
 1065 12205 3456 0.2206755635016921
 1066 12193 3467 0.22139208173690933
 1067 12192 3470 0.2215553569148257
 1068 12179 3482 0.2223357384585914
 1069 12172 3487 0.22268344083274794
 1070 12163 3498 0.22335738458591406
 1071 12156 3508 0.22395301327885597
 1072 12149 3511 0.22420178799489143
 1073 12136 3520 0.22483392948390393
 1074 12124 3528 0.22540250447227192
 1075 12108 3542 0.2263258785942492
 1076 12104 3553 0.2269272529858849
 1077 12090 3563 0.2276240976170702
 1078 12077 3575 0.22840531561461794
 1079 12071 3582 0.22883792244298218
 1080 12061 3591 0.22942754919499106
 1081 12052 3603 0.2301501117853721
 1082 12044 3612 0.23071027082268777
 1083 12040 3615 0.23091664005110188
 1084 12034 3625 0.23149626412925475
 1085 12025 3635 0.23212005108556832
 1086 12016 3649 0.23293967443345037
 1087 12009 3655 0.23333758937691523
 1088 12011 3667 0.23389462941701747
 1089 12003 3676 0.2344537279163212
 1090 11987 3683 0.23503509891512445
 1091 11978 3695 0.23575575831047024
 1092 11966 3706 0.2364726901480347
 1093 11957 3719 0.237241643276346
 1094 11940 3723 0.23769392836621336
 1095 11931 3728 0.2380739510824446
 1096 11917 3734 0.23857900453645134
 1097 11908 3739 0.23895954496069535
 1098 11891 3749 0.23970588235294119
 1099 11877 3754 0.24016377710958992
 1100 11865 3766 0.24093148231079264
 1101 11859 3781 0.24175191815856778
 1102 11842 3793 0.24259673808762391
 1103 11836 3806 0.24331926863572434
 1104 11826 3812 0.24376518736411307
 1105 11818 3823 0.24442171216674125
 1106 11807 3836 0.24522150482643995
 1107 11798 3843 0.24570040278754554
 1108 11784 3853 0.24640276267826308
 1109 11779 3862 0.24691515887730964
 1110 11760 3872 0.24769703172978505
 1111 11745 3877 0.24817564972474715
 1112 11730 3890 0.24903969270166454
 1113 11717 3895 0.24948757366128618
 1114 11713 3905 0.2500320143424254
 1115 11701 3914 0.2506564201088697
 1116 11690 3931 0.251648421996031
 1117 11679 3941 0.25230473751600513
 1118 11672 3950 0.25284854692100883
 1119 11662 3961 0.2535364526659412
 1120 11649 3970 0.2541776042000128
 1121 11638 3980 0.2548341657062364
 1122 11629 3989 0.2554104238698937
 1123 11617 3996 0.2559405623518862
 1124 11611 3999 0.25618193465727096
 1125 11605 4009 0.25675675675675674
 1126 11604 4013 0.2569635653454569
 1127 11587 4020 0.25757672839110657
 1128 11578 4033 0.25834347575427585
 1129 11573 4045 0.2589960302215393
 1130 11563 4058 0.259778503296844
 1131 11556 4067 0.2603213211291045
 1132 11545 4073 0.26078883339736203
 1133 11534 4087 0.26163497855450996
 1134 11520 4095 0.2622478386167147
 1135 11511 4103 0.26277699500448315
 1136 11502 4113 0.2634005763688761
 1137 11485 4123 0.2641594054331112
 1138 11465 4135 0.26506410256410257
 1139 11455 4145 0.2657051282051282
 1140 11447 4153 0.26621794871794874
 1141 11446 4165 0.2667990519505477
 1142 11430 4171 0.26735465675277226
 1143 11422 4174 0.2676327263400872
 1144 11405 4185 0.2684413085311097
 1145 11400 4193 0.26890271275572375
 1146 11383 4202 0.269618222649984
 1147 11374 4214 0.2703361560174493
 1148 11360 4222 0.2709536644846618
 1149 11353 4230 0.27144965667714815
 1150 11346 4237 0.2718988641468267
 1151 11336 4247 0.27254058910351026
 1152 11328 4257 0.27314725697786335
 1153 11322 4267 0.2737186477644493
 1154 11306 4273 0.27427947878554465
 1155 11297 4286 0.27504331643457613
 1156 11294 4290 0.275282340862423
 1157 11273 4300 0.2761189237783343
 1158 11265 4312 0.27681838608204407
 1159 11255 4324 0.27755311637460683
 1160 11246 4335 0.2782234773121109
 1161 11239 4347 0.27890414474528424
 1162 11221 4357 0.27968930543073567
 1163 11211 4369 0.28042362002567395
 1164 11199 4376 0.2809630818619583
 1165 11181 4390 0.2819343651660137
 1166 11172 4393 0.2822357854159974
 1167 11164 4406 0.2829800899165061
 1168 11157 4416 0.2835677133500289
 1169 11152 4425 0.28407267124606794
 1170 11146 4432 0.28450378739247656
 1171 11139 4444 0.2851825707501765
 1172 11129 4451 0.2856867779204108
 1173 11119 4470 0.28674065045865677
 1174 11112 4484 0.287509617850731
 1175 11107 4497 0.28819533452960777
 1176 11091 4512 0.28917515862334164
 1177 11080 4525 0.2899711630887536
 1178 11074 4530 0.29031017687772365
 1179 11068 4541 0.29092190402972645
 1180 11051 4554 0.29182954181352133
 1181 11038 4566 0.2926172776211228
 1182 11031 4577 0.29324705279343927
 1183 11022 4593 0.2941402497598463
 1184 11012 4600 0.2946451447604407
 1185 11010 4611 0.29517956596888806
 1186 10997 4621 0.29587655269560764
 1187 10988 4629 0.29640776077351605
 1188 10982 4646 0.297286920911185
 1189 10964 4658 0.2981692484957112
 1190 10955 4675 0.2991042866282789
 1191 10943 4688 0.29991683193653634
 1192 10932 4701 0.3007100364613318
 1193 10921 4709 0.3012795905310301
 1194 10904 4722 0.30218865992576477
 1195 10890 4733 0.30295077769954554
 1196 10877 4749 0.30391654934084217
 1197 10865 4757 0.30450646524132635
 1198 10855 4768 0.3051910644562504
 1199 10844 4776 0.3057618437900128
 1200 10838 4780 0.3060571135868869
 1201 10836 4788 0.3064516129032258
 1202 10827 4802 0.307249344167893
 1203 10816 4817 0.3081302373184929
 1204 10793 4833 0.30929220529886087
 1205 10779 4845 0.31009984639016897
 1206 10770 4854 0.3106758832565284
 1207 10755 4866 0.3115037449587094
 1208 10744 4880 0.31233998975934457
 1209 10730 4886 0.3128842213114754
 1210 10710 4894 0.3136375288387593
 1211 10700 4903 0.314234442094469
 1212 10693 4920 0.3151220137065266
 1213 10672 4930 0.3159851301115242
 1214 10655 4940 0.31676819493427383
 1215 10645 4952 0.31749695454254023
 1216 10643 4962 0.31797500801025314
 1217 10623 4974 0.31890748220811693
 1218 10616 4983 0.3194435540739791
 1219 10603 4990 0.3200153915218367
 1220 10586 5002 0.32088786245830125
 1221 10573 5015 0.3217218373107519
 1222 10561 5021 0.3222307791040945
 1223 10543 5033 0.32312532100667696
 1224 10531 5046 0.3239391410412788
 1225 10523 5052 0.3243659711075441
 1226 10513 5064 0.32509469089041537
 1227 10495 5078 0.32607718487125154
 1228 10480 5087 0.3267810111132524
 1229 10469 5094 0.32731478506714645
 1230 10459 5117 0.3285182331792501
 1231 10443 5125 0.32920092497430625
 1232 10433 5135 0.32984326824254884
 1233 10424 5147 0.33055038212060883
 1234 10413 5164 0.3315144122745073
 1235 10399 5180 0.33249887669298417
 1236 10384 5193 0.33337613147589396
 1237 10370 5203 0.3341038977717845
 1238 10363 5209 0.33451066015926023
 1239 10355 5223 0.33528052381563744
 1240 10345 5236 0.33605031769462806
 1241 10333 5248 0.3368204864899557
 1242 10325 5264 0.33767400089806915
 1243 10319 5281 0.33852564102564103
 1244 10306 5289 0.33914716255210003
 1245 10280 5299 0.34013736440079595
 1246 10276 5311 0.34073266183357925
 1247 10260 5321 0.34150567999486553
 1248 10237 5335 0.34260210634472127
 1249 10227 5350 0.3434550940489183
 1250 10217 5362 0.34418126965787277
 1251 10208 5372 0.344801026957638
 1252 10202 5388 0.3456061577934573
 1253 10195 5401 0.34630674531931266
 1254 10192 5409 0.34670854432408177
 1255 10175 5430 0.3479653957065043
 1256 10159 5443 0.3488655300602487
 1257 10150 5452 0.34944237918215615
 1258 10128 5466 0.3505194305502116
 1259 10115 5480 0.35139467778134015
 1260 10097 5490 0.3522165907487008
 1261 10088 5507 0.3531260019236935
 1262 10067 5523 0.354265554842848
 1263 10060 5536 0.35496281097717364
 1264 10044 5545 0.35569953172108537
 1265 10031 5561 0.35665726013340177
 1266 10022 5569 0.357193252517478
 1267 10007 5582 0.35807300019244337
 1268 9997 5599 0.35900230828417545
 1269 9984 5616 0.36
 1270 9971 5625 0.3606694024108746
 1271 9958 5638 0.3615029494742242
 1272 9947 5642 0.36192186798383474
 1273 9942 5657 0.3626514520161549
 1274 9929 5669 0.36344403128606234
 1275 9919 5681 0.3641666666666667
 1276 9907 5689 0.3647730187227494
 1277 9890 5695 0.3654154635867822
 1278 9881 5711 0.366277578245254
 1279 9859 5718 0.3670796687423766
 1280 9845 5731 0.3679378531073446
 1281 9834 5748 0.36888717751251443
 1282 9822 5757 0.3695359137300212
 1283 9803 5772 0.37059390048154095
 1284 9788 5790 0.3716780074463988
 1285 9778 5808 0.37264211471833697
 1286 9764 5822 0.3735403567303991
 1287 9755 5837 0.3743586454592098
 1288 9731 5851 0.3754973687588243
 1289 9716 5862 0.37629991012967007
 1290 9700 5870 0.37700706486833657
 1291 9681 5877 0.3777477824913228
 1292 9661 5888 0.37867386970223166
 1293 9645 5905 0.3797427652733119
 1294 9628 5918 0.38067670140229
 1295 9612 5931 0.3815865662999421
 1296 9596 5943 0.38245704356779714
 1297 9578 5953 0.38329792028845533
 1298 9568 5967 0.38410041841004183
 1299 9546 5983 0.38527915512911326
 1300 9530 5998 0.3862699639361154
 1301 9517 6011 0.387107161257084
 1302 9503 6026 0.388048167943847
 1303 9487 6038 0.38892109500805155
 1304 9483 6042 0.38917874396135266
 1305 9468 6059 0.39022348167707865
 1306 9452 6081 0.39148908774866414
 1307 9440 6092 0.39222250836981715
 1308 9422 6106 0.39322514167954664
 1309 9408 6124 0.3942827710533093
 1310 9396 6153 0.39571676635153386
 1311 9388 6158 0.3961147562073845
 1312 9375 6175 0.3971061093247588
 1313 9364 6188 0.39789094650205764
 1314 9348 6205 0.3989584003086221
 1315 9332 6224 0.4001028542041656
 1316 9318 6235 0.40088728862598855
 1317 9300 6252 0.4020061728395062
 1318 9282 6271 0.4032019546068283
 1319 9266 6285 0.4041540736930101
 1320 9256 6292 0.40468227424749165
 1321 9239 6311 0.40585209003215433
 1322 9229 6325 0.40664780763790664
 1323 9221 6335 0.40723836461815377
 1324 9217 6343 0.4076478149100257
 1325 9197 6361 0.40885717958606504
 1326 9175 6374 0.40992989902887644
 1327 9163 6389 0.410815329218107
 1328 9154 6401 0.41150755384120863
 1329 9144 6413 0.41222600758501
 1330 9128 6429 0.4132544835122453
 1331 9114 6443 0.4141543999485762
 1332 9093 6453 0.41509069857197994
 1333 9073 6467 0.41615186615186617
 1334 9060 6481 0.41702593140724536
 1335 9047 6496 0.41793733513478737
 1336 9032 6513 0.4189771630749437
 1337 9024 6527 0.4197157739052151
 1338 9016 6542 0.4204910656896773
 1339 9001 6551 0.42123199588477367
 1340 8979 6562 0.42223795122578983
 1341 8972 6581 0.42313380055294797
 1342 8964 6588 0.4236111111111111
 1343 8958 6602 0.424293059125964
 1344 8945 6623 0.4254239465570401
 1345 8932 6634 0.4261852756006681
 1346 8918 6650 0.427158273381295
 1347 8907 6661 0.4278648509763618
 1348 8894 6674 0.42869989722507706
 1349 8882 6682 0.42932408121305576
 1350 8876 6695 0.4299659623659367
 1351 8865 6716 0.431037802451704
 1352 8853 6725 0.4316985492361022
 1353 8842 6734 0.432331792501284
 1354 8831 6750 0.433219947371799
 1355 8817 6762 0.4340458309262469
 1356 8810 6770 0.4345314505776637
 1357 8792 6782 0.43546937203030694
 1358 8778 6799 0.43647685690441035
 1359 8765 6816 0.437455875746101
 1360 8742 6828 0.43853564547206164
 1361 8730 6842 0.43937837143591063
 1362 8706 6856 0.44056033928800925
 1363 8699 6873 0.4413691240688415
 1364 8681 6883 0.4422384991004883
 1365 8668 6899 0.44318108819939617
 1366 8659 6910 0.44383068919005714
 1367 8650 6927 0.444694100276048
 1368 8634 6941 0.44565008025682185
 1369 8618 6955 0.44660630578565463
 1370 8603 6972 0.44764044943820225
 1371 8596 6994 0.4486209108402822
 1372 8578 7006 0.4495636550308008
 1373 8566 7018 0.45033367556468173
 1374 8554 7034 0.4512445470875032
 1375 8537 7047 0.4521945585215606
 1376 8523 7057 0.45295250320924263
 1377 8502 7071 0.4540550953573493
 1378 8486 7084 0.45497752087347465
 1379 8480 7101 0.45574738463513254
 1380 8469 7111 0.45641848523748396
 1381 8454 7117 0.4570676257144692
 1382 8438 7129 0.4579559324211473
 1383 8420 7145 0.4590427240603919
 1384 8407 7152 0.4596696445787004
 1385 8389 7174 0.4609651095547131
 1386 8370 7181 0.46177094720596745
 1387 8360 7195 0.46255223400835743
 1388 8354 7215 0.4634209005074186
 1389 8341 7232 0.4643935015732357
 1390 8318 7243 0.46545851809009703
 1391 8294 7252 0.4664865560272739
 1392 8279 7268 0.46748568855727796
 1393 8265 7293 0.4687620516775935
 1394 8261 7305 0.4692920467685982
 1395 8245 7327 0.4705240174672489
 1396 8231 7342 0.47145700892570475
 1397 8209 7358 0.4726665381897604
 1398 8197 7370 0.473437399627417
 1399 8182 7381 0.47426588703977385
 1400 8171 7404 0.47537720706260034
 1401 8151 7429 0.4768292682926829
 1402 8143 7441 0.4774768993839836
 1403 8134 7455 0.4782218230803772
 1404 8115 7470 0.4793070259865255
 1405 8107 7479 0.4798537148723213
 1406 8095 7497 0.48082349923037454
 1407 8081 7515 0.48185432162092845
 1408 8073 7529 0.48256633764901935
 1409 8060 7546 0.48353197488145583
 1410 8043 7558 0.48445612460739695
 1411 8025 7579 0.4857087926172776
 1412 8004 7591 0.4867585764668163
 1413 7994 7604 0.48749839723041416
 1414 7973 7625 0.4888447236825234
 1415 7957 7641 0.48987049621746376
 1416 7944 7657 0.49080187167489264
 1417 7930 7669 0.4916340791076351
 1418 7913 7677 0.4924310455420141
 1419 7905 7686 0.49297671733692516
 1420 7893 7700 0.49381132559481816
 1421 7880 7709 0.4945153633972673
 1422 7860 7723 0.4956041840467176
 1423 7846 7739 0.49656721206288096
 1424 7833 7749 0.4973045822102426
 1425 7816 7764 0.4983311938382542
 1426 7801 7777 0.49922968288612146
 1427 7788 7790 0.5000641930928232
 1428 7778 7807 0.50093038177735
 1429 7758 7816 0.5018620778220111
 1430 7745 7824 0.5025370929411009
 1431 7735 7836 0.5032432085286751
 1432 7726 7851 0.5040123258650575
 1433 7702 7862 0.5051400668208686
 1434 7690 7876 0.5059745599383271
 1435 7669 7892 0.5071653492706124
 1436 7652 7915 0.5084473565876534
 1437 7627 7934 0.5098644046012467
 1438 7620 7943 0.5103771766368952
 1439 7594 7967 0.5119850909324594
 1440 7573 7986 0.5132720611864515
 1441 7549 8004 0.5146274030733621
 1442 7538 8016 0.5153658222965154
 1443 7522 8031 0.5163634025589918
 1444 7506 8049 0.5174541947926712
 1445 7482 8060 0.5185947754471754
 1446 7470 8084 0.5197376880545197
 1447 7457 8103 0.520758354755784
 1448 7445 8124 0.5218061532532596
 1449 7435 8133 0.522417780061665
 1450 7426 8141 0.5229652469968523
 1451 7417 8163 0.5239409499358152
 1452 7398 8174 0.5249165168250707
 1453 7391 8182 0.5253965196172863
 1454 7379 8202 0.5264103716064438
 1455 7368 8215 0.527177051915549
 1456 7357 8226 0.5278829493679009
 1457 7336 8236 0.5288980220909324
 1458 7319 8244 0.5297179207093748
 1459 7307 8259 0.5305794680714377
 1460 7284 8268 0.5316358024691358
 1461 7269 8284 0.5326303607021153
 1462 7255 8294 0.5334105087143868
 1463 7244 8311 0.5342976534876246
 1464 7233 8326 0.5351243653191079
 1465 7219 8335 0.5358750160730359
 1466 7202 8343 0.5366999035059504
 1467 7186 8361 0.5377886408953496
 1468 7163 8382 0.5392087487938244
 1469 7155 8395 0.5398713826366559
 1470 7135 8407 0.5409213743404967
 1471 7123 8425 0.5418703370208386
 1472 7099 8448 0.5433845758024056
 1473 7083 8458 0.5442378225339425
 1474 7073 8464 0.5447641114758319
 1475 7062 8483 0.5457060147957543
 1476 7051 8494 0.5464136378256674
 1477 7033 8512 0.5475715664200708
 1478 7016 8533 0.548781272107531
 1479 7002 8540 0.5494788315532106
 1480 6988 8552 0.5503217503217503
 1481 6974 8569 0.551309271054494
 1482 6957 8581 0.5522589779894452
 1483 6938 8598 0.5534243048403708
 1484 6919 8612 0.5545038954349366
 1485 6910 8633 0.5554268802676446
 1486 6894 8642 0.5562564366632338
 1487 6882 8659 0.5571713531947751
 1488 6876 8673 0.5577850665637661
 1489 6864 8678 0.5583579976836958
 1490 6847 8694 0.5594234605237758
 1491 6826 8708 0.560576799279001
 1492 6821 8732 0.5614350929081207
 1493 6799 8745 0.562596500257334
 1494 6780 8766 0.5638749517560787
 1495 6769 8776 0.5645545191379865
 1496 6755 8790 0.5654551302669669
 1497 6737 8807 0.5665851775604734
 1498 6723 8819 0.5674301891648437
 1499 6696 8825 0.5685844984214935
 1500 6681 8837 0.5694677149117154
 1501 6671 8850 0.5701952193801946
 1502 6665 8860 0.5706924315619968
 1503 6656 8879 0.5715481171548117
 1504 6637 8892 0.5726060918281924
 1505 6616 8907 0.5737937254396702
 1506 6603 8922 0.5746859903381643
 1507 6584 8936 0.5757731958762886
 1508 6577 8948 0.5763607085346216
 1509 6554 8971 0.577842190016103
 1510 6546 8988 0.578601776747779
 1511 6533 9007 0.5796010296010295
 1512 6522 9025 0.5804978452434554
 1513 6503 9039 0.5815853815467765
 1514 6482 9060 0.5829365590014155
 1515 6476 9067 0.5833494177443223
 1516 6458 9079 0.5843470425436056
 1517 6442 9101 0.5855368976388085
 1518 6421 9120 0.5868348240138987
 1519 6410 9129 0.5874895424415986
 1520 6393 9143 0.5885041194644696
 1521 6379 9147 0.5891407960839882
 1522 6363 9168 0.5903032644388642
 1523 6354 9181 0.5909880914065014
 1524 6335 9188 0.5918958964117761
 1525 6323 9205 0.5928001030396702
 1526 6297 9226 0.5943438768279328
 1527 6277 9236 0.595371623799394
 1528 6264 9256 0.5963917525773196
 1529 6255 9262 0.5968937294580138
 1530 6241 9276 0.5977959657150222
 1531 6223 9287 0.5987749838813669
 1532 6208 9289 0.5994063367103311
 1533 6187 9303 0.6005810200129116
 1534 6168 9321 0.6017819097423979
 1535 6156 9341 0.6027618248693295
 1536 6146 9358 0.6035861713106295
 1537 6135 9371 0.6043467045014833
 1538 6125 9390 0.6052207541089268
 1539 6107 9404 0.6062794146089872
 1540 6098 9421 0.6070623107158967
 1541 6092 9440 0.6077774916301828
 1542 6075 9457 0.6088720061807881
 1543 6065 9474 0.6096917433554283
 1544 6051 9488 0.6105927022330909
 1545 6045 9506 0.611279017426532
 1546 6031 9519 0.6121543408360128
 1547 6006 9524 0.6132646490663233
 1548 5990 9534 0.6141458387013656
 1549 5984 9553 0.6148548625860848
 1550 5969 9566 0.6157708400386225
 1551 5961 9580 0.6164339489093366
 1552 5947 9596 0.6173840313967702
 1553 5940 9606 0.6179081435739097
 1554 5920 9624 0.6191456510550695
 1555 5912 9645 0.6199781448865462
 1556 5896 9659 0.6209578913532626
 1557 5878 9674 0.6220421810699589
 1558 5871 9677 0.6223951633650631
 1559 5865 9690 0.6229508196721312
 1560 5856 9707 0.6237229325965431
 1561 5844 9732 0.6248073959938367
 1562 5829 9739 0.6255781089414183
 1563 5817 9752 0.6263729205472414
 1564 5809 9767 0.6270544427324088
 1565 5797 9780 0.6278487513641908
 1566 5786 9797 0.628697940062889
 1567 5765 9819 0.6300693018480493
 1568 5751 9839 0.6311096856959589
 1569 5728 9857 0.6324671158164902
 1570 5717 9878 0.6334081436357807
 1571 5707 9892 0.6341432143086095
 1572 5693 9906 0.6350407077376755
 1573 5676 9928 0.6362471161240707
 1574 5665 9938 0.6369287957444081
 1575 5650 9956 0.6379597590670255
 1576 5629 9966 0.6390509778775249
 1577 5603 9976 0.6403491880094999
 1578 5592 9990 0.641124374278013
 1579 5578 10009 0.6421376788349266
 1580 5566 10024 0.6429762668377165
 1581 5558 10045 0.6437864513234635
 1582 5543 10056 0.6446567087633822
 1583 5532 10066 0.6453391460443647
 1584 5512 10079 0.6464627028413829
 1585 5491 10088 0.64753835291097
 1586 5474 10095 0.6484038795041428
 1587 5465 10106 0.6490270374413974
 1588 5449 10130 0.6502342897490211
 1589 5430 10144 0.6513419802234494
 1590 5422 10151 0.6518333012264818
 1591 5399 10180 0.6534437383657488
 1592 5380 10200 0.6546854942233633
 1593 5369 10224 0.6556788302443404
 1594 5353 10230 0.6564846306872875
 1595 5337 10242 0.657423454650491
 1596 5325 10258 0.6582814605660015
 1597 5307 10280 0.6595239622762559
 1598 5290 10309 0.6608756971600743
 1599 5280 10323 0.661603537781196
 1600 5274 10334 0.6620963608405945
 1601 5258 10352 0.6631646380525305
 1602 5243 10373 0.6642546106557377
 1603 5228 10391 0.6652794673154492
 1604 5219 10415 0.6661762824613023
 1605 5204 10432 0.6671783064722435
 1606 5187 10450 0.6682867557715675
 1607 5165 10467 0.6695880245649949
 1608 5147 10492 0.6708868853507257
 1609 5131 10508 0.6719099686680734
 1610 5124 10515 0.672357567619413
 1611 5113 10522 0.6729772945314998
 1612 5096 10531 0.6738977410891406
 1613 5085 10544 0.6746432913174227
 1614 5075 10552 0.6752415690791579
 1615 5055 10573 0.6765421039160481
 1616 5041 10584 0.677376
 1617 5019 10594 0.6785371165054762
 1618 5006 10611 0.6794518793622335
 1619 4993 10611 0.6800179441168931
 1620 4983 10629 0.6808224442736357
 1621 4975 10642 0.6814368956905936
 1622 4964 10652 0.6821209016393442
 1623 4949 10668 0.6831017480950247
 1624 4928 10688 0.6844262295081968
 1625 4908 10698 0.6855055747789311
 1626 4890 10709 0.6865183665619591
 1627 4877 10729 0.6874919902601564
 1628 4857 10747 0.688733658036401
 1629 4832 10764 0.6901769684534496
 1630 4817 10774 0.6910397023924059
 1631 4812 10794 0.6916570549788543
 1632 4803 10809 0.6923520368946964
 1633 4783 10834 0.6937311903694692
 1634 4772 10846 0.6944551158919195
 1635 4761 10864 0.695296
 1636 4741 10884 0.696576
 1637 4727 10893 0.6973751600512164
 1638 4712 10903 0.6982388728786423
 1639 4701 10921 0.6990782230188196
 1640 4691 10935 0.6997952131063612
 1641 4684 10948 0.7003582395087001
 1642 4661 10954 0.701504963176433
 1643 4646 10969 0.7024655779699007
 1644 4628 10977 0.7034283883370714
 1645 4611 10992 0.7044799077100558
 1646 4594 11003 0.7054561774700263
 1647 4583 11014 0.7061614413028147
 1648 4572 11023 0.7068291118948381
 1649 4563 11034 0.7074437391806117
 1650 4545 11048 0.7085230552170846
 1651 4542 11067 0.7090140303670959
 1652 4528 11078 0.7098551839036268
 1653 4518 11088 0.7104959630911188
 1654 4502 11100 0.7114472503525189
 1655 4482 11112 0.712581762216237
 1656 4477 11127 0.713086388105614
 1657 4465 11136 0.7138003974104224
 1658 4444 11155 0.7151099429450606
 1659 4426 11179 0.7163729573854534
 1660 4410 11185 0.717217056748958
 1661 4409 11206 0.7176432917066923
 1662 4397 11214 0.7183396323105502
 1663 4382 11237 0.7194442665983738
 1664 4365 11254 0.7205326845508675
 1665 4350 11265 0.7214217098943324
 1666 4335 11276 0.7223111908269809
 1667 4329 11291 0.7228553137003841
 1668 4319 11298 0.7234424025100852
 1669 4309 11315 0.7242063492063492
 1670 4291 11331 0.7253232620663167
 1671 4276 11329 0.7259852611342519
 1672 4263 11338 0.7267482853663226
 1673 4250 11348 0.7275291704064624
 1674 4239 11359 0.7282343890242339
 1675 4231 11370 0.728799435933594
 1676 4222 11393 0.7296189561319244
 1677 4208 11396 0.7303255575493464
 1678 4194 11405 0.7311366113212385
 1679 4186 11416 0.7317010639661582
 1680 4172 11420 0.7324268855823499
 1681 4162 11429 0.7330511192354564
 1682 4156 11434 0.7334188582424631
 1683 4146 11439 0.7339749759384023
 1684 4123 11447 0.7351958895311497
 1685 4117 11453 0.7355812459858703
 1686 4103 11460 0.7363618839555356
 1687 4088 11471 0.737258178546179
 1688 4077 11487 0.7380493446414803
 1689 4062 11500 0.7389795656085336
 1690 4055 11515 0.73956326268465
 1691 4047 11533 0.7402439024390244
 1692 4046 11542 0.7404413651526816
 1693 4032 11564 0.7414721723518851
 1694 4019 11575 0.7422726689752469
 1695 4007 11587 0.7430421957163011
 1696 3996 11601 0.743796884016157
 1697 3985 11611 0.7444857655809182
 1698 3978 11632 0.7451633568225496
 1699 3962 11644 0.7461232859156735
 1700 3944 11656 0.7471794871794872
 1701 3935 11668 0.7478049093123117
 1702 3926 11693 0.7486394775593828
 1703 3914 11701 0.7493435798911303
 1704 3906 11715 0.7499519877088535
 1705 3895 11732 0.7507519037563192
 1706 3881 11745 0.7516318955586843
 1707 3867 11755 0.7524644731788503
 1708 3854 11768 0.7532966329535271
 1709 3848 11781 0.7537910294964489
 1710 3841 11785 0.7541917317291693
 1711 3830 11804 0.755021107841883
 1712 3818 11813 0.7557417951506622
 1713 3810 11826 0.7563315425940138
 1714 3799 11843 0.7571282444700166
 1715 3788 11854 0.7578314793504667
 1716 3781 11862 0.7582944447995908
 1717 3770 11879 0.7590900377020896
 1718 3768 11885 0.7592793713665112
 1719 3748 11909 0.7606182538161844
 1720 3730 11918 0.7616308793456033
 1721 3717 11932 0.7624768355805482
 1722 3707 11947 0.7631915165452919
 1723 3695 11953 0.7638675869120655
 1724 3687 11961 0.7643788343558282
 1725 3670 11964 0.7652552129973136
 1726 3661 11976 0.7658758073799322
 1727 3654 11984 0.7663384064458371
 1728 3639 12005 0.7673868575811813
 1729 3627 12006 0.7679907887161773
 1730 3619 12013 0.7684877175025588
 1731 3609 12021 0.7690978886756238
 1732 3599 12039 0.7698554802404399
 1733 3581 12056 0.7709918782375136
 1734 3567 12073 0.7719309462915601
 1735 3556 12082 0.7726051924798567
 1736 3547 12107 0.7734125463140411
 1737 3537 12119 0.7740802248339295
 1738 3521 12128 0.775001597546169
 1739 3509 12134 0.7756824138592342
 1740 3494 12135 0.7764412310448525
 1741 3481 12145 0.7772302572635351
 1742 3472 12164 0.7779483243796368
 1743 3456 12177 0.7789291882556131
 1744 3440 12190 0.7799104286628279
 1745 3424 12212 0.781018163213098
 1746 3412 12221 0.7817437472014329
 1747 3403 12240 0.782458607683948
 1748 3388 12256 0.7834313474814626
 1749 3373 12264 0.7842936624672252
 1750 3359 12280 0.7852164460643264
 1751 3354 12290 0.7856047046791103
 1752 3346 12299 0.7861297539149888
 1753 3338 12315 0.7867501437424136
 1754 3334 12329 0.7871416714550213
 1755 3326 12347 0.7877879155235118
 1756 3307 12362 0.788946327142766
 1757 3301 12379 0.7894770408163265
 1758 3286 12388 0.7903534515758581
 1759 3275 12406 0.7911485236910911
 1760 3265 12417 0.7917995153679378
 1761 3252 12431 0.7926417139577887
 1762 3235 12445 0.7936862244897959
 1763 3221 12458 0.7945659799732125
 1764 3209 12478 0.7954357110983618
 1765 3197 12480 0.7960706767876506
 1766 3188 12494 0.7967096033669175
 1767 3173 12507 0.797640306122449
 1768 3165 12526 0.7982920145306226
 1769 3157 12541 0.7988915785450376
 1770 3143 12551 0.7997323818019625
 1771 3128 12558 0.8005865102639296
 1772 3114 12570 0.8014537107880643
 1773 3100 12578 0.8022706977930859
 1774 3086 12591 0.8031511130956178
 1775 3076 12593 0.8036888123045504
 1776 3061 12606 0.8046211782728027
 1777 3053 12611 0.8050944841675178
 1778 3037 12619 0.8060168625447113
 1779 3022 12630 0.8069256325070279
 1780 3010 12647 0.8077537203806604
 1781 2992 12665 0.8089033659066233
 1782 2984 12678 0.8094751628144554
 1783 2977 12685 0.8099221044566467
 1784 2964 12700 0.8107763023493361
 1785 2954 12710 0.811414708886619
 1786 2946 12715 0.8118894068067173
 1787 2934 12722 0.8125958099131323
 1788 2929 12734 0.8129987869501373
 1789 2910 12738 0.8140337423312883
 1790 2894 12749 0.8149971233139424
 1791 2883 12758 0.8156767470110606
 1792 2871 12772 0.8164674295211916
 1793 2857 12775 0.8172338792221086
 1794 2849 12782 0.8177339901477833
 1795 2840 12789 0.8182865186512253
 1796 2834 12796 0.8186820217530391
 1797 2821 12804 0.819456
 1798 2808 12805 0.8201498751040799
 1799 2804 12821 0.820544
 1800 2782 12839 0.8219064080404583
 1801 2767 12841 0.8227191184008201
 1802 2758 12859 0.8233975795607351
 1803 2748 12862 0.823959000640615
 1804 2740 12865 0.8244152515219481
 1805 2729 12879 0.8251537672988212
 1806 2716 12886 0.825919753877708
 1807 2712 12894 0.8262206843521722
 1808 2704 12902 0.8267333077021658
 1809 2694 12914 0.8273962070732958
 1810 2680 12920 0.8282051282051283
 1811 2672 12933 0.8287728292214034
 1812 2668 12945 0.8291167616729649
 1813 2662 12954 0.8295338114754098
 1814 2649 12959 0.8302793439261917
 1815 2635 12962 0.8310572546002436
 1816 2624 12973 0.831762518433032
 1817 2615 12986 0.8323825395807961
 1818 2594 12991 0.8335579082451074
 1819 2584 13006 0.8342527261064785
 1820 2573 13017 0.8349583066067993
 1821 2566 13028 0.8354495318712325
 1822 2558 13036 0.8359625496986021
 1823 2553 13052 0.8363985901954502
 1824 2543 13059 0.8370080758877068
 1825 2532 13071 0.8377235147087099
 1826 2521 13078 0.8383870760946215
 1827 2496 13086 0.8398151713515595
 1828 2483 13097 0.8406290115532734
 1829 2472 13107 0.8413248603889851
 1830 2462 13120 0.8419971762289822
 1831 2447 13142 0.8430303419077555
 1832 2436 13155 0.8437560130844718
 1833 2423 13160 0.8445100429955721
 1834 2419 13170 0.8448264802104047
 1835 2413 13180 0.8452510741999615
 1836 2406 13193 0.8457593435476634
 1837 2400 13195 0.846104520679705
 1838 2390 13205 0.8467457518435396
 1839 2376 13218 0.8476337052712581
 1840 2368 13220 0.8480882730305364
 1841 2362 13229 0.8485023410942211
 1842 2353 13232 0.8490214950272698
 1843 2346 13239 0.8494706448508181
 1844 2342 13250 0.8497947665469472
 1845 2335 13264 0.8503109173664979
 1846 2322 13273 0.8511061237576146
 1847 2313 13286 0.8517212641836015
 1848 2304 13294 0.8522887549685857
 1849 2297 13300 0.8527280887350132
 1850 2286 13315 0.8534709313505544
 1851 2278 13327 0.8540211470682474
 1852 2272 13340 0.854470919805278
 1853 2262 13356 0.8551671148674607
 1854 2257 13369 0.8555612440803788
 1855 2250 13383 0.8560736902705814
 1856 2238 13386 0.8567588325652842
 1857 2228 13399 0.8574262494400716
 1858 2218 13396 0.8579479953887537
 1859 2213 13411 0.8583589349718382
 1860 2207 13414 0.8587158312528007
 1861 2199 13417 0.8591828893442623
 1862 2189 13427 0.8598232581967213
 1863 2179 13444 0.8605261473468604
 1864 2168 13454 0.861221354500064
 1865 2158 13455 0.861781848459617
 1866 2147 13459 0.8624247084454697
 1867 2137 13468 0.8630567125921179
 1868 2120 13481 0.8641112749182744
 1869 2114 13490 0.8645219174570623
 1870 2109 13505 0.8649289099526066
 1871 2104 13513 0.8652750208106551
 1872 2101 13528 0.8655704139740227
 1873 2093 13547 0.8661764705882353
 1874 2081 13554 0.8669011832427247
 1875 2075 13560 0.8672849376399104
 1876 2072 13584 0.8676545733265202
 1877 2066 13584 0.8679872204472844
 1878 2055 13587 0.8686229382431914
 1879 2050 13599 0.8690012141350885
 1880 2043 13607 0.8694568690095846
 1881 2037 13622 0.869915064818954
 1882 2030 13619 0.870279251070356
 1883 2017 13620 0.8710110635032295
 1884 2011 13633 0.8714523139861928
 1885 2001 13636 0.8720342776747458
 1886 1992 13637 0.8725446285750847
 1887 1984 13644 0.8730483747120553
 1888 1977 13646 0.8734558023426998
 1889 1964 13651 0.8742235030419468
 1890 1957 13660 0.8746878401741692
 1891 1948 13668 0.8752561475409836
 1892 1941 13683 0.875768049155146
 1893 1932 13692 0.8763440860215054
 1894 1922 13693 0.8769132244636567
 1895 1916 13701 0.8773131843503874
 1896 1905 13721 0.8780878023806477
 1897 1897 13727 0.878584229390681
 1898 1885 13734 0.8793136564440746
 1899 1873 13749 0.88010498015619
 1900 1870 13754 0.8803123399897593
 1901 1861 13765 0.8809036221681812
 1902 1856 13775 0.8812615955473099
 1903 1850 13791 0.8817211175756026
 1904 1846 13799 0.8820070310003196
 1905 1845 13799 0.8820634108923548
 1906 1831 13811 0.8829433576269019
 1907 1824 13801 0.883264
 1908 1821 13811 0.8835081883316275
 1909 1806 13817 0.8844012033540293
 1910 1804 13817 0.884514435695538
 1911 1793 13837 0.8852847088931541
 1912 1788 13854 0.8856923667050249
 1913 1778 13861 0.8863098663597416
 1914 1769 13870 0.8868853507257497
 1915 1753 13873 0.887815179828491
 1916 1744 13882 0.8883911429668501
 1917 1737 13886 0.8888177686743903
 1918 1723 13891 0.88965031382093
 1919 1718 13902 0.8900128040973111
 1920 1709 13906 0.8905539545308998
 1921 1704 13933 0.8910276907335166
 1922 1698 13935 0.8913836115908654
 1923 1690 13937 0.8918538427081334
 1924 1685 13958 0.8922840887297833
 1925 1681 13968 0.8925809955907725
 1926 1671 13989 0.8932950191570881
 1927 1660 14002 0.8940109819946367
 1928 1647 14017 0.8948544433094995
 1929 1642 14022 0.8951736465781409
 1930 1636 14017 0.8954832939372644
 1931 1627 14015 0.8959851681370669
 1932 1621 14013 0.896315722144045
 1933 1611 14012 0.8968828009985278
 1934 1604 14014 0.8972979894992957
 1935 1594 14019 0.8979055914942676
 1936 1592 14032 0.8981054787506401
 1937 1582 14052 0.8988102852756812
 1938 1575 14060 0.8992644707387272
 1939 1568 14069 0.899725011191405
 1940 1557 14066 0.9003392434231582
