 "time" "normal population" "cancer population" "cancer proportion"patch_inflammation:0.4
 1 10394 0 0
 2 10394 0 0
 3 10570 5 4.7281323877068556E-4
 4 10573 5 4.7267914539610514E-4
 5 10748 8 7.437709185570844E-4
 6 10755 8 7.43287187587104E-4
 7 10937 12 0.0010959905014156545
 8 10953 12 0.001094391244870041
 9 11137 16 0.0014345915897068053
 10 11153 16 0.0014325364849136
 11 11354 17 0.0014950312197695892
 12 11377 17 0.0014920133403545726
 13 11557 19 0.0016413268832066344
 14 11578 19 0.0016383547469173063
 15 11759 23 0.001952130368358513
 16 11781 23 0.0019484920365977635
 17 11956 25 0.002086637175527919
 18 11986 26 0.0021645021645021645
 19 12189 27 0.0022102161100196463
 20 12201 28 0.0022896393817973667
 21 12373 28 0.002257882428836384
 22 12405 28 0.0022520711011019064
 23 12597 33 0.0026128266033254156
 24 12621 33 0.0026078710289236607
 25 12810 37 0.002880049817077917
 26 12834 39 0.0030295968305756233
 27 13021 43 0.003291488058787508
 28 13055 48 0.0036632832175837594
 29 13253 50 0.0037585507028489815
 30 13270 52 0.003903317820147125
 31 13455 59 0.004365842829658132
 32 13474 61 0.004506834133727373
 33 13648 63 0.004594850849682737
 34 13673 64 0.004658950280264978
 35 13848 69 0.00495796507868075
 36 13873 72 0.005163140910720688
 37 14068 76 0.0053733031674208145
 38 14097 78 0.005502645502645503
 39 14293 80 0.0055659917901621095
 40 14315 83 0.005764689540213919
 41 14498 85 0.005828704656106425
 42 14520 88 0.006024096385542169
 43 14669 92 0.006232640065036244
 44 14692 93 0.006290158944876564
 45 14887 103 0.0068712474983322214
 46 14912 103 0.00685980685980686
 47 15060 108 0.007120253164556962
 48 15078 111 0.0073079202054118116
 49 15264 114 0.0074131876706984
 50 15281 117 0.007598389401220938
 51 15451 120 0.007706634127544795
 52 15474 124 0.007949737145787922
 53 15799 130 0.008161215393307804
 54 15830 135 0.00845599749451926
 55 16209 144 0.008805723720418272
 56 16260 150 0.009140767824497258
 57 16659 161 0.00957193816884661
 58 16710 161 0.009543002785845535
 59 17156 168 0.009697529438928654
 60 17211 172 0.00989472473105908
 61 17670 184 0.010305813823232889
 62 17736 192 0.0107095046854083
 63 18150 205 0.011168618904930537
 64 18226 209 0.011337130458367236
 65 18642 218 0.011558854718981973
 66 18704 223 0.011782110212923337
 67 19128 235 0.012136549088467697
 68 19215 243 0.012488436632747455
 69 19649 254 0.012761895191679647
 70 19698 261 0.013076807455283331
 71 20091 271 0.013309105195953247
 72 20156 279 0.013653046244188892
 73 20554 285 0.013676280051825904
 74 20610 290 0.013875598086124402
 75 21008 296 0.013894104393541119
 76 21079 300 0.014032461761541699
 77 21476 315 0.014455509155155798
 78 21558 320 0.014626565499588629
 79 21936 333 0.014953522834433517
 80 22012 337 0.015078974450758424
 81 22407 344 0.015120214496066106
 82 22481 348 0.015243768890446362
 83 22857 355 0.01529381354471825
 84 22932 359 0.015413679103516379
 85 23259 368 0.015575401024251916
 86 23338 374 0.015772604588394062
 87 23649 383 0.015937083888149135
 88 23720 390 0.016175860638739114
 89 24029 403 0.016494760969220694
 90 24098 406 0.016568723473718575
 91 24410 418 0.01683583051393588
 92 24468 428 0.017191516709511568
 93 24719 438 0.0174106610486147
 94 24784 445 0.017638431963216933
 95 25050 458 0.017955151325074487
 96 25113 462 0.01806451612903226
 97 25356 471 0.018236729004530144
 98 25422 477 0.01841769952507819
 99 25669 485 0.018544008564655504
 100 25732 490 0.01868659903897491
 101 25960 500 0.01889644746787604
 102 26016 511 0.019263392015682137
 103 26207 517 0.019345906301451877
 104 26263 522 0.0194885196938585
 105 26413 528 0.019598381648788094
 106 26457 531 0.019675411293908405
 107 26580 538 0.01983922118150306
 108 26623 544 0.020024294180439505
 109 26764 551 0.020172066630056745
 110 26810 558 0.02038877521192634
 111 26949 566 0.020570597855715064
 112 26996 568 0.020606588303584385
 113 27135 573 0.020679948029449977
 114 27168 580 0.020902407380712123
 115 27280 582 0.020888665566003876
 116 27308 587 0.021043197705682023
 117 27427 595 0.021233316679751625
 118 27466 607 0.02162219926619884
 119 27578 617 0.021883312644085832
 120 27602 621 0.022003330616872763
 121 27705 631 0.022268492377188028
 122 27730 637 0.022455670321147814
 123 27845 646 0.022673826822505353
 124 27870 649 0.022756758652126653
 125 27974 661 0.023083638903439847
 126 28004 668 0.023297991071428572
 127 28089 679 0.02360261401557286
 128 28118 683 0.023714454359223636
 129 28207 691 0.023911689390269223
 130 28226 695 0.024030980948099998
 131 28323 700 0.024118802329187197
 132 28348 704 0.02423241084951122
 133 28442 714 0.02448895596103718
 134 28469 722 0.024733650782775514
 135 28540 727 0.024840263778316874
 136 28566 734 0.025051194539249148
 137 28641 736 0.025053613371004528
 138 28657 741 0.02520579631267433
 139 28730 748 0.025374855824682813
 140 28754 749 0.02538724875436396
 141 28831 751 0.025387059698465282
 142 28857 760 0.025660937974811764
 143 28934 765 0.02575844304522038
 144 28960 773 0.025998049305485486
 145 29026 777 0.026071200885816864
 146 29053 781 0.026178185962324865
 147 29131 787 0.02630523430710609
 148 29155 791 0.026414212248714354
 149 29228 795 0.026479698897511908
 150 29247 797 0.026527759286379977
 151 29300 800 0.026578073089700997
 152 29324 807 0.026783047359861936
 153 29382 812 0.026892760151023383
 154 29408 812 0.026869622766379882
 155 29463 817 0.026981505944517835
 156 29489 825 0.02721514811638187
 157 29539 832 0.027394554015343586
 158 29558 836 0.027505428703033494
 159 29610 843 0.027682001773224312
 160 29622 847 0.0277987462666973
 161 29668 852 0.027916120576671036
 162 29685 857 0.02805972103987951
 163 29753 869 0.028378290118215663
 164 29777 872 0.028451172958334693
 165 29835 876 0.0285239816352447
 166 29851 882 0.028698792828555624
 167 29905 887 0.02880618342426604
 168 29919 890 0.028887662695965464
 169 29971 897 0.029059219904107814
 170 29987 904 0.029264186980026544
 171 30039 905 0.02924638055842813
 172 30059 908 0.029321535828462558
 173 30105 912 0.0294032304865074
 174 30120 916 0.029514112643381878
 175 30157 926 0.029791204195219252
 176 30172 929 0.029870422172920484
 177 30218 936 0.030044296077550235
 178 30229 943 0.03025150776337739
 179 30263 948 0.03037390663548108
 180 30278 956 0.03060767112761734
 181 30333 962 0.030739734781914045
 182 30355 971 0.030996616229330268
 183 30393 976 0.031113519716917976
 184 30404 984 0.031349560341531794
 185 30454 991 0.03151534425186834
 186 30473 994 0.03158864842533448
 187 30510 999 0.031705227077977724
 188 30527 1004 0.03184167961688497
 189 30568 1011 0.032014946641755596
 190 30586 1013 0.03205797651824425
 191 30620 1016 0.032115311670249086
 192 30635 1019 0.032191824098060276
 193 30682 1025 0.03232724634938657
 194 30698 1029 0.03243294354965802
 195 30740 1035 0.03257277734067663
 196 30758 1041 0.032736878518192396
 197 30795 1044 0.0327899745595025
 198 30809 1050 0.03295771995354531
 199 30852 1058 0.03315575054841743
 200 30862 1067 0.03341789595665383
 201 30891 1072 0.03353877921346557
 202 30899 1077 0.033681511133350016
 203 30923 1083 0.03383740548647129
 204 30931 1089 0.03400999375390381
 205 30963 1094 0.03412671179461584
 206 30981 1099 0.03425810473815461
 207 31016 1106 0.034431230932071476
 208 31028 1110 0.034538552492376626
 209 31069 1113 0.03458455036977192
 210 31079 1120 0.03478368893443896
 211 31113 1130 0.03504636665322706
 212 31125 1135 0.0351828890266584
 213 31151 1138 0.03524420081142185
 214 31165 1143 0.035378234493004826
 215 31194 1146 0.035435992578849725
 216 31205 1154 0.03566241231187614
 217 31243 1158 0.03573963766550415
 218 31253 1161 0.035817856481767135
 219 31284 1165 0.03590249314308607
 220 31293 1169 0.03601133633171092
 221 31325 1178 0.03624280835615174
 222 31332 1184 0.03641284290810678
 223 31352 1191 0.036597732231201795
 224 31368 1197 0.03675725472132658
 225 31393 1204 0.03693591434794613
 226 31408 1209 0.03706656038262256
 227 31437 1215 0.03721058434399118
 228 31448 1219 0.037315945755655555
 229 31478 1222 0.037370030581039757
 230 31483 1228 0.03754088838616979
 231 31510 1231 0.03759811856693442
 232 31526 1237 0.0377560052498245
 233 31552 1247 0.03801945181255526
 234 31561 1253 0.03818492107027488
 235 31595 1255 0.03820395738203958
 236 31606 1259 0.038308230640499014
 237 31642 1267 0.038500106353884955
 238 31656 1273 0.03865893285553767
 239 31680 1276 0.03871829105473965
 240 31689 1283 0.0389118039548708
 241 31703 1286 0.038982691200097
 242 31710 1291 0.039120026665858613
 243 31728 1298 0.03930236783140556
 244 31729 1304 0.039475675839312205
 245 31755 1307 0.039531788760510556
 246 31763 1310 0.039609349015813505
 247 31783 1313 0.039672467971960355
 248 31792 1315 0.03971969674087051
 249 31811 1319 0.03981285843646242
 250 31816 1328 0.04006758387641805
 251 31838 1337 0.04030143180105501
 252 31843 1342 0.04043995781226458
 253 31861 1349 0.04062029509183981
 254 31868 1356 0.040813869491933545
 255 31895 1362 0.04095378416573954
 256 31901 1367 0.04109053745340868
 257 31915 1372 0.04121729203592994
 258 31921 1374 0.04126745757621265
 259 31938 1378 0.04136150798415176
 260 31943 1384 0.04152789029915684
 261 31962 1391 0.04170539381764759
 262 31969 1393 0.04175409148132606
 263 31990 1397 0.041842633360289934
 264 31993 1400 0.04192495433174617
 265 32011 1404 0.04201705820739189
 266 32011 1412 0.04224635729886605
 267 32035 1420 0.04244507547451801
 268 32036 1421 0.04247242729473653
 269 32058 1426 0.04258750447975152
 270 32059 1429 0.042672001911132344
 271 32075 1432 0.04273733846658907
 272 32083 1433 0.042755698770736365
 273 32101 1438 0.0428754584215391
 274 32107 1442 0.0429819070613133
 275 32128 1444 0.04301203383772191
 276 32136 1446 0.04305878149008397
 277 32153 1450 0.04315090914501681
 278 32151 1452 0.04321042764038925
 279 32173 1460 0.04340974638004341
 280 32171 1463 0.04349765118629958
 281 32186 1470 0.04367720465890183
 282 32188 1476 0.04384505703422053
 283 32200 1480 0.043942992874109264
 284 32196 1486 0.04411852027789324
 285 32216 1489 0.044177421747515204
 286 32212 1497 0.04440950488000237
 287 32224 1502 0.04453537330249659
 288 32231 1506 0.04463941666419658
 289 32242 1509 0.04470978637669995
 290 32247 1518 0.04495779653487339
 291 32255 1524 0.045116788537256876
 292 32251 1525 0.0451504026527712
 293 32273 1530 0.04526225482945301
 294 32274 1536 0.045430346051464066
 295 32291 1538 0.045463951047917464
 296 32296 1544 0.04562647754137116
 297 32309 1547 0.045693525519848774
 298 32304 1552 0.045841209829867675
 299 32308 1557 0.045976672080318914
 300 32304 1562 0.046122955176282995
 301 32303 1571 0.046377752848792586
 302 32295 1574 0.04647317606070448
 303 32307 1578 0.0465692784417884
 304 32299 1585 0.046777239995278004
 305 32308 1591 0.04693353786247382
 306 32305 1600 0.047190679840731456
 307 32310 1604 0.04729610190481807
 308 32295 1607 0.04740133325467524
 309 32304 1615 0.047613431999764144
 310 32299 1622 0.047816986527519825
 311 32303 1624 0.0478674801780293
 312 32297 1628 0.04798820928518791
 313 32303 1630 0.04803583532254737
 314 32292 1633 0.04813559322033898
 315 32300 1638 0.04826448229123696
 316 32291 1641 0.04836142873983261
 317 32300 1644 0.04843271270327598
 318 32293 1650 0.04861090651975371
 319 32305 1656 0.048761815023114746
 320 32296 1660 0.048886794675462364
 321 32297 1664 0.048997379346897914
 322 32287 1664 0.04901181113958352
 323 32300 1672 0.049217002237136466
 324 32294 1677 0.04936563539489565
 325 32299 1680 0.04944230259866388
 326 32291 1684 0.04956585724797646
 327 32290 1695 0.04987494482860085
 328 32272 1698 0.04998528113040918
 329 32271 1703 0.05012656737505151
 330 32266 1713 0.05041349068542335
 331 32265 1723 0.05069436271625279
 332 32245 1727 0.05083598257388437
 333 32250 1736 0.051079856411463544
 334 32238 1745 0.05134920401377159
 335 32228 1754 0.05161556117944794
 336 32220 1762 0.05185097993055147
 337 32226 1770 0.05206494881750794
 338 32203 1772 0.05215599705665931
 339 32199 1773 0.05219003885552808
 340 32193 1776 0.0522829638788307
 341 32201 1786 0.05254950422220261
 342 32193 1790 0.05267339552129006
 343 32193 1792 0.052729145211122555
 344 32179 1798 0.052918150513582715
 345 32174 1803 0.05306530888542249
 346 32161 1811 0.053308607088190275
 347 32156 1818 0.05351150880084771
 348 32134 1820 0.0536019320256818
 349 32131 1829 0.05385747938751472
 350 32116 1841 0.054215625644197074
 351 32110 1849 0.054448010836597074
 352 32081 1856 0.05468957185372897
 353 32085 1860 0.0547945205479452
 354 32069 1865 0.054959627512229624
 355 32066 1872 0.05515940833284224
 356 32045 1877 0.05533282235717234
 357 32036 1882 0.05548676219116693
 358 32015 1885 0.0556047197640118
 359 32018 1892 0.05579475081097022
 360 31993 1902 0.05611447116093819
 361 31981 1907 0.05627360717658168
 362 31962 1912 0.05644447068548149
 363 31947 1916 0.05658092903759265
 364 31921 1921 0.0567637846462975
 365 31911 1924 0.056864193882074775
 366 31879 1932 0.05714116707580373
 367 31881 1938 0.057305065200035483
 368 31857 1939 0.05737365368682684
 369 31843 1942 0.05748113067929555
 370 31818 1950 0.057746979388770436
 371 31811 1956 0.05792637782450321
 372 31794 1964 0.058178802061733516
 373 31780 1970 0.05837037037037037
 374 31751 1973 0.058504329261060375
 375 31735 1980 0.05872756933115824
 376 31718 1985 0.05889683410972317
 377 31704 1988 0.05900510506945269
 378 31689 1994 0.05919900246415106
 379 31686 2001 0.05939976845667468
 380 31652 2005 0.05957156015093443
 381 31645 2010 0.05972366661714455
 382 31619 2017 0.0599655131406826
 383 31616 2025 0.06019440563597991
 384 31591 2032 0.060434821402016475
 385 31578 2038 0.06062589243217516
 386 31552 2051 0.06103621700443413
 387 31535 2057 0.061234817813765184
 388 31503 2064 0.06148896237375994
 389 31485 2072 0.06174568644396102
 390 31461 2077 0.06192975132685312
 391 31448 2085 0.06217755643694271
 392 31412 2092 0.06244030563514804
 393 31400 2099 0.06265858682348727
 394 31381 2110 0.06300200053745783
 395 31367 2115 0.06316826951794995
 396 31344 2124 0.06346360702760846
 397 31326 2128 0.06360973276738208
 398 31300 2145 0.06413514725669009
 399 31280 2155 0.06445341707791237
 400 31263 2163 0.06471010590558247
 401 31255 2173 0.06500538470743089
 402 31220 2182 0.06532542961499312
 403 31203 2192 0.0656385686480012
 404 31171 2206 0.06609341762291399
 405 31152 2214 0.06635497212731523
 406 31115 2225 0.0667366526694661
 407 31101 2230 0.06690468332783295
 408 31065 2232 0.06703306604198576
 409 31047 2237 0.06720947001562312
 410 31006 2243 0.06746067550903787
 411 30983 2251 0.0677318408858398
 412 30960 2260 0.06803130644190247
 413 30944 2266 0.0682324601023788
 414 30911 2279 0.06866526062066887
 415 30893 2283 0.0688148058837714
 416 30861 2292 0.06913401502126504
 417 30839 2301 0.06943270971635486
 418 30816 2309 0.0697056603773585
 419 30794 2317 0.06997674488840566
 420 30764 2328 0.07034932914299528
 421 30749 2334 0.07054982921742285
 422 30720 2345 0.07092091335248753
 423 30700 2355 0.07124489487218273
 424 30673 2359 0.07141559699685154
 425 30647 2366 0.07166873655832551
 426 30601 2378 0.07210649201006701
 427 30581 2381 0.07223469449669316
 428 30535 2395 0.07273003340419071
 429 30515 2406 0.07308404969472374
 430 30487 2415 0.0733997933256337
 431 30464 2420 0.07359202043547014
 432 30424 2427 0.07387902955769991
 433 30403 2436 0.07418009074575961
 434 30375 2447 0.07455365303759673
 435 30359 2456 0.07484382142312966
 436 30320 2466 0.07521503080583175
 437 30297 2475 0.07552178689124862
 438 30258 2483 0.07583763476986043
 439 30248 2491 0.07608662451510431
 440 30218 2499 0.07638230889140202
 441 30195 2510 0.07674667482036386
 442 30162 2513 0.07690895179801072
 443 30146 2521 0.07717268191140907
 444 30112 2531 0.07753576570780872
 445 30095 2539 0.07780229208800638
 446 30072 2550 0.07816810741217584
 447 30054 2557 0.0784091257551133
 448 30027 2568 0.07878508973768983
 449 30011 2575 0.0790216657460259
 450 29991 2584 0.07932463545663852
 451 29971 2596 0.07971259250161206
 452 29934 2612 0.0802556381736619
 453 29915 2618 0.08047213598499985
 454 29882 2624 0.08072355872761952
 455 29864 2632 0.08099458394879369
 456 29828 2641 0.08133912347161908
 457 29800 2651 0.08169239776894395
 458 29770 2656 0.0819095787331154
 459 29747 2665 0.08222263359249661
 460 29701 2675 0.08262293056585125
 461 29683 2689 0.08306561225750649
 462 29648 2699 0.08343895879061428
 463 29627 2712 0.08386159126750982
 464 29593 2722 0.08423332817576977
 465 29565 2732 0.08458989999071122
 466 29531 2745 0.08504771347130995
 467 29507 2752 0.08530952602374531
 468 29461 2760 0.08565842152633375
 469 29435 2769 0.0859831076884859
 470 29395 2779 0.08637409088083546
 471 29377 2790 0.08673485248857525
 472 29344 2799 0.08707961297949787
 473 29335 2814 0.08752993872282186
 474 29298 2825 0.08794321825483299
 475 29270 2832 0.08821880256681827
 476 29234 2840 0.08854523913450146
 477 29211 2849 0.0888646288209607
 478 29182 2861 0.08928627157257435
 479 29171 2874 0.08968637853019192
 480 29133 2886 0.09013398294762484
 481 29122 2903 0.09064793130366901
 482 29079 2914 0.09108242428031132
 483 29063 2932 0.09163931864353805
 484 29034 2941 0.09197810789679436
 485 29003 2959 0.09257868719103936
 486 28970 2965 0.09284484108345076
 487 28952 2974 0.09315291611852408
 488 28920 2978 0.09336008527180388
 489 28899 2988 0.09370589895568728
 490 28869 3001 0.09416379039849389
 491 28839 3012 0.0945653197701799
 492 28804 3022 0.09495381134921134
 493 28774 3036 0.0954416850047155
 494 28737 3052 0.09600805310012897
 495 28727 3064 0.09637947846874902
 496 28691 3074 0.09677317802612939
 497 28676 3080 0.09698954528278121
 498 28647 3090 0.09736269968806126
 499 28629 3104 0.09781615353102449
 500 28589 3122 0.09845164138626974
 501 28572 3135 0.09887406566373357
 502 28533 3157 0.0996213316503629
 503 28513 3180 0.10033761398416054
 504 28480 3193 0.10081141666403562
 505 28464 3209 0.10131657878950526
 506 28435 3221 0.10175006317917615
 507 28408 3237 0.1022910412387423
 508 28385 3255 0.10287610619469026
 509 28367 3273 0.10344500632111252
 510 28345 3285 0.1038570976920645
 511 28334 3303 0.10440307235199292
 512 28310 3322 0.10502023267577137
 513 28286 3339 0.10558102766798419
 514 28251 3345 0.10586783137105962
 515 28230 3363 0.10644763080429209
 516 28198 3380 0.10703654442966622
 517 28178 3391 0.10741550254996991
 518 28150 3403 0.10785028364973219
 519 28137 3410 0.10809268710178464
 520 28107 3423 0.10856327307326356
 521 28092 3443 0.10918027588393849
 522 28068 3454 0.10957426559228475
 523 28051 3462 0.10985942309523054
 524 28016 3468 0.1101511879049676
 525 27995 3484 0.11067695924266972
 526 27956 3494 0.11109697933227344
 527 27934 3512 0.11168352095656045
 528 27900 3539 0.1125671936130284
 529 27886 3552 0.11298428653222216
 530 27848 3564 0.11345982427097924
 531 27828 3577 0.1138990606591307
 532 27793 3599 0.11464704383282365
 533 27789 3609 0.11494362698261036
 534 27759 3624 0.11547653188031737
 535 27728 3636 0.11592909067720954
 536 27696 3650 0.11644228928730939
 537 27676 3668 0.11702399183256763
 538 27648 3682 0.11752314075965528
 539 27620 3696 0.11802273598160684
 540 27591 3710 0.11852656464649691
 541 27575 3722 0.11892513659456178
 542 27543 3740 0.11955375123869194
 543 27523 3753 0.11999616319222407
 544 27490 3770 0.12060140754958414
 545 27480 3782 0.12097754462286482
 546 27452 3800 0.12159221809804173
 547 27433 3817 0.122144
 548 27404 3826 0.12251040666026257
 549 27387 3848 0.1231951336641588
 550 27354 3867 0.12385894109733833
 551 27344 3878 0.12420728973159952
 552 27315 3889 0.12463145750544802
 553 27290 3905 0.12518031735855106
 554 27266 3925 0.1258375813535956
 555 27239 3942 0.1264231422981944
 556 27208 3962 0.12710940006416427
 557 27189 3981 0.1277189605389798
 558 27170 3996 0.12821664634537638
 559 27157 4016 0.12882943572963781
 560 27118 4030 0.1293823038397329
 561 27093 4046 0.12993352387681043
 562 27060 4062 0.13051860420281472
 563 27043 4076 0.13098107265657638
 564 27016 4096 0.13165338133196194
 565 26987 4116 0.13233450149503265
 566 26949 4132 0.1329429555033622
 567 26922 4152 0.13361652828731416
 568 26893 4174 0.1343547816010558
 569 26871 4191 0.13492370098512652
 570 26838 4205 0.13545726894952162
 571 26812 4223 0.13607217657483486
 572 26783 4239 0.13664496164012635
 573 26746 4257 0.13730929264909847
 574 26722 4272 0.13783312899270828
 575 26702 4288 0.1383672152307196
 576 26672 4310 0.1391130333742173
 577 26642 4331 0.13983146611564912
 578 26602 4348 0.14048465266558965
 579 26578 4362 0.1409825468648998
 580 26556 4383 0.14166585862503636
 581 26526 4406 0.1424414845467477
 582 26504 4433 0.1432912047063387
 583 26478 4445 0.1437441386670116
 584 26449 4466 0.14446061782306324
 585 26427 4479 0.14492331586099785
 586 26398 4503 0.14572343937089416
 587 26385 4523 0.1463375177947457
 588 26361 4545 0.14705882352941177
 589 26332 4567 0.14780413605618306
 590 26300 4590 0.14859177727419878
 591 26282 4608 0.14917449012625444
 592 26254 4623 0.14972309486025195
 593 26238 4642 0.1503238341968912
 594 26211 4660 0.15095073045900684
 595 26198 4680 0.1515642204806011
 596 26170 4707 0.1524435664086537
 597 26150 4726 0.15306386837673275
 598 26128 4742 0.15361192095885973
 599 26113 4761 0.15420742372222582
 600 26090 4768 0.1545142264566725
 601 26065 4798 0.15546123189579755
 602 26037 4811 0.1559582468879668
 603 26024 4841 0.15684432204762677
 604 25995 4861 0.15753824215711693
 605 25971 4882 0.158234207370434
 606 25939 4901 0.15891699092088196
 607 25921 4917 0.1594461378818341
 608 25899 4935 0.16005059350068107
 609 25875 4955 0.16072007784625364
 610 25855 4981 0.16153197561291996
 611 25832 4993 0.16197891321978913
 612 25812 5009 0.16251906167872554
 613 25790 5040 0.1634771326629906
 614 25767 5062 0.16419604917447858
 615 25737 5090 0.16511499659389497
 616 25703 5105 0.16570371332121528
 617 25671 5119 0.1662552776875609
 618 25645 5144 0.16707265581863653
 619 25615 5168 0.16788487151999482
 620 25593 5178 0.1682753241688603
 621 25575 5198 0.16891430799727034
 622 25551 5213 0.16945130672214276
 623 25525 5242 0.17037735235804596
 624 25504 5269 0.171221525363143
 625 25488 5294 0.17198362679488013
 626 25465 5315 0.17267706302794023
 627 25446 5336 0.17334806055486973
 628 25421 5358 0.17407972968582475
 629 25398 5377 0.17471974004874086
 630 25355 5401 0.1756080114449213
 631 25326 5426 0.17644380853277836
 632 25299 5443 0.17705419296077027
 633 25281 5466 0.17777344131134745
 634 25258 5487 0.17846804358432267
 635 25233 5513 0.17930787744747284
 636 25196 5538 0.18019131906032407
 637 25173 5564 0.18101961804990727
 638 25126 5582 0.18177673570405106
 639 25105 5598 0.18232745985734294
 640 25079 5619 0.18304124047169196
 641 25053 5639 0.18372865893392415
 642 25026 5660 0.18444893436746398
 643 24999 5680 0.18514293164705498
 644 24964 5695 0.18575295997912522
 645 24940 5721 0.18658882619614495
 646 24905 5740 0.1873062489802578
 647 24898 5760 0.1878791832474395
 648 24879 5782 0.18857832425556897
 649 24858 5800 0.18918389979776892
 650 24824 5822 0.18997585329243621
 651 24794 5844 0.19074352111756643
 652 24780 5855 0.19112126652521624
 653 24748 5874 0.19182287244464763
 654 24725 5895 0.19252122795558457
 655 24707 5915 0.19316177911305596
 656 24681 5944 0.19408979591836734
 657 24662 5969 0.19486794423949594
 658 24639 5994 0.1956713348349819
 659 24612 6015 0.19639533744735038
 660 24593 6044 0.19727780135130724
 661 24571 6068 0.19804823917229675
 662 24540 6090 0.19882468168462292
 663 24517 6112 0.19954944660289267
 664 24490 6137 0.20037875077545955
 665 24467 6170 0.20139047556875672
 666 24433 6188 0.20208353744162502
 667 24415 6209 0.2027494775339603
 668 24391 6237 0.20363719472378217
 669 24375 6260 0.2043414395299494
 670 24345 6292 0.205372588699938
 671 24326 6316 0.20612231577573265
 672 24299 6344 0.20702933785856475
 673 24270 6364 0.20774303061957303
 674 24251 6389 0.2085182767624021
 675 24214 6410 0.20931295715778475
 676 24188 6429 0.20998138289185747
 677 24158 6463 0.21106430227621567
 678 24132 6496 0.21209350920726133
 679 24109 6523 0.2129472447114129
 680 24077 6539 0.21358113404755683
 681 24057 6559 0.21423438724849753
 682 24036 6582 0.2149715853419557
 683 24009 6608 0.21582780808047816
 684 23984 6639 0.21679783169513112
 685 23960 6668 0.2177092856210004
 686 23939 6694 0.21852250840596743
 687 23912 6718 0.21932745674175644
 688 23893 6747 0.2202023498694517
 689 23869 6773 0.2210364858690686
 690 23839 6801 0.22196475195822454
 691 23811 6831 0.22292931270804778
 692 23780 6855 0.22376366900603883
 693 23767 6873 0.22431462140992167
 694 23739 6899 0.22517788367386904
 695 23718 6928 0.22606539189453762
 696 23694 6947 0.22672236545804642
 697 23668 6972 0.2275456919060052
 698 23648 6999 0.2283747185695174
 699 23623 7021 0.22911499804203106
 700 23597 7049 0.23001370488807674
 701 23581 7079 0.23088714938030006
 702 23561 7109 0.23179002282360614
 703 23533 7145 0.23290305756568225
 704 23499 7163 0.23361163655338857
 705 23470 7207 0.23493170779411285
 706 23449 7229 0.23564117608709825
 707 23431 7269 0.23677524429967425
 708 23405 7296 0.2376469821829908
 709 23392 7321 0.238368117735161
 710 23354 7346 0.23928338762214985
 711 23326 7378 0.24029442417926003
 712 23299 7400 0.24105019707482328
 713 23268 7428 0.2419859265050821
 714 23235 7452 0.24283898719327401
 715 23214 7473 0.24352331606217617
 716 23181 7494 0.24430317848410757
 717 23163 7526 0.245234448825312
 718 23140 7561 0.24627862284616137
 719 23119 7586 0.2470607392932747
 720 23094 7613 0.2479239261406194
 721 23070 7641 0.2488033603594803
 722 23039 7667 0.2496906142122061
 723 23015 7694 0.25054544270409324
 724 22988 7733 0.25171706650174147
 725 22967 7755 0.2524249723325304
 726 22947 7780 0.2531975135873987
 727 22922 7815 0.254253830887855
 728 22901 7844 0.25513091559603185
 729 22883 7872 0.2559583807510974
 730 22863 7894 0.25665702116591343
 731 22840 7927 0.2576461793480027
 732 22825 7965 0.25868788567716794
 733 22802 7990 0.2594829825928813
 734 22780 8015 0.260269524273421
 735 22756 8044 0.26116883116883116
 736 22727 8069 0.2620145473438109
 737 22717 8097 0.2627701694035179
 738 22681 8126 0.26377122082643556
 739 22641 8158 0.26487872982889055
 740 22610 8190 0.26590909090909093
 741 22580 8218 0.2668355087992727
 742 22556 8245 0.26768611408720494
 743 22532 8275 0.26860778394520723
 744 22508 8308 0.26960020768431986
 745 22480 8342 0.2706508338199987
 746 22457 8366 0.2714206923401356
 747 22427 8390 0.27225232826037576
 748 22397 8423 0.27329656067488645
 749 22373 8455 0.27426365641624495
 750 22343 8488 0.2753073205539879
 751 22320 8517 0.2761941823134546
 752 22294 8560 0.2774356647436313
 753 22264 8593 0.27847814110250513
 754 22226 8627 0.27961624477360386
 755 22192 8656 0.28060165975103735
 756 22158 8688 0.2816572651235168
 757 22135 8719 0.28258896739482725
 758 22105 8738 0.28330577440586197
 759 22077 8767 0.2842368045649073
 760 22051 8787 0.2849406576301965
 761 22033 8813 0.28570965441224144
 762 22004 8846 0.28674230145867097
 763 21978 8873 0.28760818125830606
 764 21936 8904 0.28871595330739297
 765 21908 8939 0.2897850682400233
 766 21866 8960 0.29066372542658797
 767 21846 8988 0.29149640007783617
 768 21795 9025 0.2928293316028553
 769 21765 9059 0.29389436802491564
 770 21741 9091 0.29485599377270366
 771 21721 9131 0.29596136393102557
 772 21683 9162 0.29703355487112987
 773 21657 9202 0.29819501604070126
 774 21620 9233 0.29925777071921694
 775 21594 9263 0.30019120458891013
 776 21559 9287 0.30107631459508527
 777 21529 9327 0.3022750842623801
 778 21501 9351 0.3030921820303384
 779 21465 9372 0.30392061484580213
 780 21443 9398 0.30472423073181804
 781 21414 9422 0.305551952263588
 782 21382 9447 0.30643225534399426
 783 21355 9474 0.30730805410490125
 784 21320 9506 0.30837604619477066
 785 21287 9546 0.3096033470632115
 786 21260 9576 0.3105461149306006
 787 21231 9609 0.3115758754863813
 788 21193 9642 0.3126966109940003
 789 21169 9665 0.3134526821041707
 790 21140 9689 0.314282007201012
 791 21112 9717 0.3151902429530637
 792 21087 9745 0.31606772184743126
 793 21063 9774 0.31695690242241464
 794 21038 9802 0.3178339818417639
 795 21013 9831 0.31873297886136687
 796 20990 9869 0.31980945591237564
 797 20953 9904 0.32096444890948567
 798 20921 9939 0.32206740116655863
 799 20889 9976 0.32321399643609267
 800 20858 10012 0.3243278263686427
 801 20833 10037 0.32513767411726596
 802 20803 10070 0.32617497489715935
 803 20765 10101 0.327253288407957
 804 20735 10138 0.3283775467236744
 805 20710 10174 0.32942624012433624
 806 20693 10208 0.33034529626872916
 807 20668 10246 0.331435595523064
 808 20640 10268 0.3322117251197101
 809 20622 10317 0.3334626199941821
 810 20592 10342 0.3343246912782052
 811 20569 10380 0.3353904811140909
 812 20528 10408 0.33643651409361264
 813 20499 10443 0.33750242388985846
 814 20469 10474 0.3384933587564231
 815 20452 10503 0.33929898239379747
 816 20420 10532 0.3402688033083484
 817 20394 10565 0.34125779256435934
 818 20360 10607 0.3425259146833726
 819 20329 10639 0.34354817876517696
 820 20299 10664 0.34441107127862286
 821 20262 10699 0.34556377377991665
 822 20236 10722 0.3463402028554816
 823 20203 10744 0.3471742010534139
 824 20162 10778 0.34835164835164834
 825 20138 10802 0.3491273432449903
 826 20108 10840 0.3502649605790358
 827 20080 10862 0.35104388856570357
 828 20041 10900 0.3522833780420801
 829 20019 10934 0.35324524278745195
 830 19977 10964 0.35435183090397854
 831 19950 10995 0.3553078041686864
 832 19901 11034 0.35668336835299824
 833 19858 11067 0.35786580436540016
 834 19834 11108 0.3589942473014026
 835 19805 11145 0.3600969305331179
 836 19783 11182 0.3611173906022929
 837 19755 11214 0.36210403952339437
 838 19730 11242 0.36297300787808345
 839 19705 11275 0.36394448030987736
 840 19664 11307 0.36508346517710116
 841 19635 11343 0.3661630834785977
 842 19602 11382 0.3673508907823393
 843 19577 11413 0.3682800903517264
 844 19542 11445 0.3693484364410882
 845 19510 11467 0.37017787390644674
 846 19471 11512 0.3715585966497757
 847 19432 11548 0.3727566171723693
 848 19398 11576 0.37373280816168397
 849 19371 11604 0.37462469733656173
 850 19330 11629 0.37562582770761327
 851 19298 11657 0.3765789048618963
 852 19264 11699 0.3778380647870038
 853 19235 11729 0.37879472936313136
 854 19212 11769 0.3798779897356444
 855 19191 11800 0.3807557032686909
 856 19162 11840 0.38191084446164764
 857 19125 11878 0.38312421378576267
 858 19094 11906 0.38406451612903225
 859 19061 11958 0.38550565782262486
 860 19022 11992 0.3866640871864319
 861 18998 12034 0.3877932456818768
 862 18952 12058 0.3888423089326024
 863 18909 12086 0.3899338603000484
 864 18872 12117 0.3910097131240117
 865 18842 12147 0.3919777985736874
 866 18813 12184 0.39307029712552827
 867 18791 12214 0.3939364618609902
 868 18760 12249 0.39501435067238544
 869 18724 12288 0.3962337159809106
 870 18684 12318 0.39732920456744725
 871 18651 12357 0.39851006191950467
 872 18612 12397 0.3997871585668677
 873 18573 12434 0.40100622440094175
 874 18533 12467 0.40216129032258063
 875 18490 12497 0.4032981572917675
 876 18444 12530 0.4045328339897979
 877 18401 12566 0.4057868053088772
 878 18365 12595 0.40681524547803616
 879 18330 12623 0.40781184376312474
 880 18291 12661 0.4090527268027914
 881 18254 12688 0.41005752698597375
 882 18214 12718 0.41115996379154274
 883 18178 12756 0.4123618025473589
 884 18141 12789 0.4134820562560621
 885 18112 12824 0.4145332298939747
 886 18084 12867 0.41572162450324707
 887 18049 12894 0.4167016772775749
 888 18021 12935 0.4178511435585993
 889 17990 12975 0.41902147585984173
 890 17950 13019 0.4203881300655494
 891 17919 13057 0.42151988636363635
 892 17892 13082 0.4223542325821657
 893 17869 13109 0.4231712828458906
 894 17837 13148 0.4243343553332258
 895 17800 13180 0.42543576500968366
 896 17771 13213 0.42644590756519496
 897 17743 13252 0.4275528311017906
 898 17709 13286 0.4286497822229392
 899 17678 13322 0.42974193548387096
 900 17656 13357 0.430690355657305
 901 17626 13404 0.431969062197873
 902 17585 13457 0.43350943882481796
 903 17556 13493 0.43457116171213245
 904 17503 13527 0.43593296809539156
 905 17472 13558 0.4369320012890751
 906 17437 13595 0.4380961588038154
 907 17400 13631 0.4392704070123425
 908 17362 13661 0.4403507075395674
 909 17325 13699 0.44156137184115524
 910 17293 13739 0.4427365300335138
 911 17255 13778 0.4439789901073051
 912 17219 13809 0.4450496325899188
 913 17193 13837 0.44592330003222685
 914 17145 13870 0.4472029663066258
 915 17105 13910 0.44849266483959377
 916 17065 13943 0.4496581527347781
 917 17019 13981 0.451
 918 16986 14021 0.45218821556422745
 919 16946 14054 0.4533548387096774
 920 16911 14098 0.4546422006514238
 921 16879 14134 0.4557443652661787
 922 16831 14162 0.4569418901042171
 923 16801 14199 0.45803225806451614
 924 16760 14236 0.4592850690411666
 925 16734 14259 0.46007162907753363
 926 16701 14303 0.46132757063604696
 927 16649 14345 0.4628315157772472
 928 16606 14380 0.46408055250758407
 929 16570 14416 0.4652423675208158
 930 16534 14467 0.46666236573013775
 931 16499 14507 0.46787718506095594
 932 16460 14530 0.46886092287834785
 933 16414 14562 0.47010588842975204
 934 16372 14586 0.4711544673428516
 935 16338 14638 0.47255940082644626
 936 16304 14674 0.4736910065207567
 937 16273 14723 0.47499677377726157
 938 16240 14762 0.47616282820463196
 939 16213 14790 0.4770506080056769
 940 16181 14831 0.4782342319102283
 941 16143 14878 0.47961058637697046
 942 16100 14913 0.4808628639602747
 943 16068 14945 0.48189468932383195
 944 16035 14979 0.4829754304507642
 945 15999 15006 0.48398645379777455
 946 15955 15035 0.4851565020974508
 947 15920 15071 0.48630247491207124
 948 15890 15109 0.48740281944578856
 949 15844 15140 0.4886392977020398
 950 15798 15173 0.48990991572761616
 951 15762 15211 0.4911051561037032
 952 15719 15249 0.4924115215706536
 953 15676 15281 0.49362018283425396
 954 15641 15319 0.4947997416020672
 955 15587 15362 0.49636498756017966
 956 15540 15397 0.49768885153699455
 957 15504 15452 0.49916009820390234
 958 15463 15496 0.5005329629509997
 959 15431 15531 0.5016148827595116
 960 15410 15571 0.5025983667409057
 961 15353 15605 0.5040700303637186
 962 15331 15640 0.5049885376642665
 963 15295 15671 0.5060711748369179
 964 15258 15709 0.5072819452966061
 965 15218 15752 0.5086212463674524
 966 15190 15785 0.5096045197740113
 967 15151 15821 0.5108162211029317
 968 15109 15850 0.5119674408088116
 969 15064 15897 0.5134524078679629
 970 15031 15929 0.5145025839793281
 971 14996 15972 0.5157582020149832
 972 14954 16018 0.5171768048559989
 973 14911 16058 0.5185185185185185
 974 14888 16102 0.5195869635366247
 975 14858 16141 0.5206942159424498
 976 14816 16171 0.5218640074870107
 977 14770 16209 0.5232254107621291
 978 14731 16250 0.5245150253381105
 979 14697 16290 0.5257043276212605
 980 14664 16316 0.5266623628147191
 981 14621 16353 0.5279589332988959
 982 14576 16386 0.5292293779471611
 983 14542 16427 0.5304336594659176
 984 14505 16471 0.5317342458677686
 985 14467 16510 0.5329760790263744
 986 14430 16552 0.5342456910464141
 987 14378 16591 0.5357292776647615
 988 14354 16626 0.5366688185926404
 989 14303 16654 0.5379720257130859
 990 14270 16698 0.5392017566520279
 991 14222 16744 0.5407220822837951
 992 14179 16779 0.5419923767685251
 993 14141 16814 0.5431755774511388
 994 14105 16846 0.5442796678621046
 995 14051 16892 0.5459069902724364
 996 14010 16927 0.5471441962698387
 997 13983 16963 0.5481483875137336
 998 13953 17013 0.5494090292578958
 999 13912 17048 0.5506459948320414
 1000 13867 17074 0.5518244400633464
 1001 13832 17121 0.5531289374212516
 1002 13765 17164 0.554948430275793
 1003 13733 17199 0.5560261218155955
 1004 13695 17233 0.5571973616140714
 1005 13650 17269 0.5585238849898121
 1006 13603 17309 0.5599443581780539
 1007 13569 17340 0.5610016500048529
 1008 13538 17378 0.5621037650407555
 1009 13501 17416 0.563314681243329
 1010 13453 17455 0.5647405202536561
 1011 13409 17493 0.5660798653808815
 1012 13379 17532 0.5671767332017729
 1013 13339 17572 0.5684707709229724
 1014 13302 17604 0.5695981362842166
 1015 13260 17635 0.5708043372714031
 1016 13227 17686 0.5721217610713939
 1017 13198 17725 0.5731979432784658
 1018 13154 17764 0.5745520408823339
 1019 13107 17802 0.5759487527904494
 1020 13070 17843 0.57720053052114
 1021 13030 17870 0.5783171521035598
 1022 13000 17920 0.5795601552393272
 1023 12965 17959 0.5807463458802224
 1024 12926 17996 0.5819804669814371
 1025 12888 18038 0.5832632736209015
 1026 12864 18061 0.5840258690379951
 1027 12827 18119 0.5855037807794222
 1028 12772 18162 0.5871209672205341
 1029 12734 18196 0.5882961526026511
 1030 12702 18241 0.5895032802249297
 1031 12672 18279 0.5905786565862169
 1032 12639 18324 0.5918031198527275
 1033 12605 18368 0.5930326413327737
 1034 12570 18395 0.5940578072016793
 1035 12532 18427 0.5952065635194935
 1036 12493 18479 0.5966356709285806
 1037 12465 18514 0.5976306530230155
 1038 12433 18553 0.5987542761247014
 1039 12396 18594 0.6
 1040 12345 18625 0.601388440426219
 1041 12311 18661 0.602511946274054
 1042 12283 18699 0.6035439932864244
 1043 12238 18735 0.6048816711329222
 1044 12202 18773 0.6060694108151735
 1045 12163 18818 0.6074045382653884
 1046 12120 18867 0.6088682350663182
 1047 12086 18914 0.6101290322580645
 1048 12050 18945 0.6112276173576383
 1049 12024 18983 0.6122165962524592
 1050 11986 19031 0.6135667537157042
 1051 11947 19067 0.6147868704456052
 1052 11911 19109 0.6160219213410703
 1053 11875 19143 0.6171577793539236
 1054 11838 19193 0.6185105217363281
 1055 11801 19238 0.6198008956474114
 1056 11762 19278 0.621069587628866
 1057 11735 19315 0.622061191626409
 1058 11698 19357 0.6233134760908067
 1059 11664 19395 0.6244566792234135
 1060 11622 19437 0.6258089442673621
 1061 11584 19470 0.6269723707090874
 1062 11544 19510 0.6282604495395118
 1063 11499 19550 0.6296499082096042
 1064 11464 19605 0.6310148379413564
 1065 11421 19642 0.6323278498535235
 1066 11384 19678 0.6335071791900071
 1067 11340 19722 0.6349237009851265
 1068 11299 19750 0.6360913394956359
 1069 11260 19787 0.6373240570747576
 1070 11213 19813 0.6385934377618772
 1071 11177 19858 0.6398582245851459
 1072 11140 19899 0.6410966848158768
 1073 11100 19939 0.6423853861271304
 1074 11065 19965 0.6434096036094102
 1075 11021 20018 0.6449305712168563
 1076 10992 20055 0.6459561310271524
 1077 10955 20097 0.6472046889089269
 1078 10916 20129 0.6483813818650346
 1079 10880 20158 0.6494619498679038
 1080 10848 20184 0.6504253673627224
 1081 10811 20220 0.6516064580580709
 1082 10773 20250 0.6527415143603134
 1083 10733 20288 0.6540085748364012
 1084 10690 20321 0.6552836090419528
 1085 10659 20361 0.6563829787234042
 1086 10633 20398 0.6573426573426573
 1087 10591 20437 0.6586631429676422
 1088 10556 20475 0.6598240469208211
 1089 10506 20510 0.6612716017539334
 1090 10467 20552 0.6625616557593733
 1091 10418 20587 0.6639896790840187
 1092 10379 20617 0.6651503419796103
 1093 10341 20648 0.6663009454967892
 1094 10304 20688 0.6675271037687145
 1095 10272 20727 0.6686344720797445
 1096 10237 20757 0.6697102665031942
 1097 10194 20780 0.6708852586039904
 1098 10153 20807 0.6720607235142119
 1099 10115 20856 0.6734041522714798
 1100 10070 20891 0.6747521074900682
 1101 10025 20927 0.6761113982941328
 1102 9985 20951 0.677236876131368
 1103 9955 20985 0.6782482223658695
 1104 9926 21022 0.6792684503037353
 1105 9889 21055 0.6804226990692864
 1106 9853 21093 0.681606669682673
 1107 9813 21142 0.682991439185915
 1108 9775 21177 0.6841884207805634
 1109 9731 21215 0.6855490208750727
 1110 9691 21256 0.6868517142210877
 1111 9660 21297 0.687954259133637
 1112 9621 21325 0.6891035998190396
 1113 9576 21364 0.6904977375565611
 1114 9542 21402 0.6916365046535677
 1115 9504 21446 0.692924071082391
 1116 9470 21496 0.6941807143318478
 1117 9433 21541 0.6954542519532512
 1118 9390 21571 0.6967152223765383
 1119 9351 21606 0.6979358464967536
 1120 9314 21642 0.6991213335056209
 1121 9274 21679 0.7003844538493845
 1122 9229 21711 0.7017129928894634
 1123 9193 21741 0.7028189047649835
 1124 9145 21791 0.7043897077838117
 1125 9113 21824 0.7054336231696674
 1126 9082 21864 0.7065210366444775
 1127 9046 21895 0.7076371158010407
 1128 9019 21938 0.708660399909552
 1129 8979 21976 0.7099337748344371
 1130 8943 22009 0.7110687516154045
 1131 8901 22050 0.7124164001163129
 1132 8864 22089 0.7136303427777598
 1133 8831 22117 0.7146503812847357
 1134 8793 22149 0.7158231529959279
 1135 8759 22195 0.7170317244944111
 1136 8732 22228 0.7179586563307494
 1137 8686 22277 0.719471627426283
 1138 8656 22316 0.7205217615911146
 1139 8621 22348 0.7216248506571087
 1140 8589 22375 0.7226133574473582
 1141 8550 22408 0.7238193681762388
 1142 8518 22454 0.7249773989409789
 1143 8489 22490 0.7259756609315988
 1144 8452 22524 0.7271435950413223
 1145 8420 22554 0.7281591011816362
 1146 8388 22601 0.7293233082706767
 1147 8345 22636 0.7306413608340596
 1148 8318 22664 0.7315215286295268
 1149 8276 22707 0.7328857760707485
 1150 8240 22742 0.7340391194887353
 1151 8198 22778 0.7353434917355371
 1152 8162 22802 0.7364035654308229
 1153 8137 22851 0.7374144830256874
 1154 8119 22886 0.738139009837123
 1155 8086 22921 0.7392201760892702
 1156 8057 22956 0.7402057201818593
 1157 8023 22977 0.7411935483870967
 1158 7985 23011 0.7423861143373338
 1159 7944 23046 0.7436592449177154
 1160 7908 23086 0.7448538426792283
 1161 7875 23119 0.7459185648835258
 1162 7851 23154 0.7467827769714562
 1163 7815 23182 0.7478788269832565
 1164 7792 23231 0.7488315121039228
 1165 7749 23267 0.7501612071189063
 1166 7717 23299 0.7511929326799072
 1167 7695 23324 0.7519262387568909
 1168 7655 23366 0.7532316817639664
 1169 7614 23397 0.754474218825578
 1170 7577 23427 0.755612179073668
 1171 7546 23459 0.7566199000161264
 1172 7510 23489 0.7577341204554986
 1173 7480 23517 0.7586863244830145
 1174 7444 23554 0.759855474546745
 1175 7401 23590 0.7611887322125779
 1176 7368 23630 0.7623072456287503
 1177 7336 23663 0.7633472047485402
 1178 7312 23702 0.764235506545431
 1179 7281 23731 0.7652199148716626
 1180 7255 23760 0.7660809285829437
 1181 7222 23810 0.767272492910544
 1182 7179 23850 0.7686357923233105
 1183 7157 23886 0.7694488290435847
 1184 7124 23916 0.7704896907216495
 1185 7091 23945 0.7715233921897152
 1186 7052 23978 0.7727360618756043
 1187 7020 24004 0.7737235688499227
 1188 6991 24036 0.7746801173171753
 1189 6957 24085 0.775884285806327
 1190 6926 24119 0.7769044934772105
 1191 6896 24165 0.7779852548211583
 1192 6866 24198 0.7789724439866083
 1193 6829 24234 0.7801564562341049
 1194 6787 24259 0.7813889067834826
 1195 6758 24284 0.7822949552219574
 1196 6732 24311 0.7831395161550108
 1197 6696 24341 0.7842574991139608
 1198 6664 24377 0.785316194710222
 1199 6633 24416 0.7863699313987568
 1200 6586 24440 0.7877264230000645
 1201 6560 24480 0.788659793814433
 1202 6529 24510 0.7896517284706337
 1203 6491 24538 0.7908085984079409
 1204 6462 24568 0.7917499194328069
 1205 6430 24593 0.7927344228475647
 1206 6404 24627 0.7936257291096
 1207 6383 24663 0.7944018553114733
 1208 6347 24690 0.7955021426039888
 1209 6312 24728 0.7966494845360824
 1210 6283 24759 0.797596804329618
 1211 6251 24800 0.7986860326559531
 1212 6227 24823 0.7994524959742351
 1213 6197 24863 0.8004829362524147
 1214 6166 24903 0.8015385110560366
 1215 6136 24930 0.8024850318676366
 1216 6101 24957 0.8035610792710413
 1217 6067 24997 0.8046935359258306
 1218 6046 25025 0.8054134080010299
 1219 6009 25052 0.8065419658092141
 1220 5989 25069 0.8071672354948806
 1221 5950 25106 0.8084106130860381
 1222 5923 25128 0.8092492995394673
 1223 5892 25155 0.8102232099719779
 1224 5866 25189 0.8111093221703429
 1225 5841 25211 0.8118961741594745
 1226 5811 25240 0.8128562687192039
 1227 5776 25268 0.8139415023837134
 1228 5753 25311 0.8148016997167139
 1229 5724 25334 0.8156996587030717
 1230 5701 25363 0.8164756631470512
 1231 5674 25385 0.8173154319198944
 1232 5645 25414 0.8182491387359542
 1233 5627 25441 0.8188811638985452
 1234 5601 25472 0.81974704727577
 1235 5577 25501 0.8205482978312633
 1236 5554 25531 0.8213286150876629
 1237 5522 25550 0.822283728115345
 1238 5499 25596 0.8231548480463097
 1239 5474 25621 0.8239588358256954
 1240 5455 25662 0.8246938972265964
 1241 5430 25682 0.8254692723065056
 1242 5401 25707 0.8263790664780764
 1243 5374 25727 0.8272081283560014
 1244 5347 25756 0.8280873227662926
 1245 5325 25788 0.8288496769838974
 1246 5294 25816 0.8298296367727419
 1247 5266 25845 0.8307351097682492
 1248 5246 25873 0.8314213181657508
 1249 5221 25897 0.8322192942991194
 1250 5192 25938 0.8332155477031802
 1251 5161 25971 0.8342220223564178
 1252 5138 25995 0.8349661131275495
 1253 5112 26019 0.835790690951142
 1254 5096 26060 0.8364359994864553
 1255 5068 26070 0.8372406705632989
 1256 5043 26083 0.8379811090406734
 1257 5015 26104 0.8388444358751888
 1258 4991 26126 0.8396053604139216
 1259 4954 26141 0.8406817816369191
 1260 4927 26172 0.8415704685038105
 1261 4897 26210 0.8425756260648729
 1262 4869 26248 0.8435260468554167
 1263 4847 26266 0.8442130299231833
 1264 4820 26312 0.8451753822433509
 1265 4792 26344 0.8460945529290853
 1266 4761 26366 0.8470459729495293
 1267 4742 26407 0.8477639731612572
 1268 4725 26429 0.8483340823008282
 1269 4685 26462 0.8495842296208302
 1270 4659 26478 0.850370941323827
 1271 4639 26497 0.8510084789311408
 1272 4608 26526 0.8519946039699364
 1273 4585 26554 0.8527569928385625
 1274 4560 26580 0.8535645472061657
 1275 4536 26608 0.8543539686617004
 1276 4523 26628 0.8548040191326122
 1277 4498 26670 0.855685318275154
 1278 4475 26697 0.8564416784293597
 1279 4448 26720 0.8572895277207392
 1280 4413 26760 0.8584351842941007
 1281 4392 26793 0.8591630591630591
 1282 4366 26821 0.8600057716356174
 1283 4333 26840 0.8610015077150098
 1284 4308 26865 0.8618034837840439
 1285 4281 26888 0.862651993968366
 1286 4256 26923 0.8634978671541743
 1287 4222 26952 0.864566626034516
 1288 4204 26983 0.8652002436912817
 1289 4179 27013 0.8660233393177738
 1290 4157 27039 0.8667457366329017
 1291 4122 27069 0.8678464941810138
 1292 4094 27098 0.8687483970248782
 1293 4069 27114 0.8695122342301895
 1294 4055 27144 0.8700278855091509
 1295 4029 27170 0.870861245552742
 1296 4004 27198 0.8716748926350875
 1297 3987 27213 0.8722115384615384
 1298 3967 27230 0.8728403372119115
 1299 3943 27255 0.8736136931854606
 1300 3924 27279 0.87424286126334
 1301 3903 27302 0.8749238904021791
 1302 3865 27325 0.8760820775889708
 1303 3848 27357 0.8766864284569781
 1304 3819 27386 0.8776157667040538
 1305 3789 27400 0.8785148610086889
 1306 3766 27428 0.8792716548054113
 1307 3741 27452 0.8800692463052608
 1308 3711 27470 0.880985215355505
 1309 3695 27488 0.8815059487541288
 1310 3679 27519 0.8820757740880826
 1311 3664 27541 0.8825829194039416
 1312 3641 27559 0.883301282051282
 1313 3617 27581 0.8840630809667286
 1314 3595 27609 0.8847904114857069
 1315 3574 27627 0.8854523893464953
 1316 3562 27667 0.885939351244036
 1317 3537 27683 0.8867072389493914
 1318 3504 27706 0.8877282922140339
 1319 3479 27723 0.8885007371322351
 1320 3457 27741 0.8891916148471056
 1321 3442 27765 0.8897042330246419
 1322 3425 27782 0.8902489826000577
 1323 3405 27809 0.8909143333119754
 1324 3386 27833 0.8915404080848202
 1325 3358 27867 0.8924579663730985
 1326 3336 27891 0.8931693726582765
 1327 3326 27914 0.8935339308578745
 1328 3306 27940 0.8941944568904819
 1329 3288 27973 0.8948210229999041
 1330 3269 28002 0.8954622493684244
 1331 3243 28026 0.8962870574690588
 1332 3219 28061 0.8970907928388747
 1333 3198 28085 0.8977719528178244
 1334 3177 28098 0.8984172661870503
 1335 3160 28113 0.8989543695839862
 1336 3144 28137 0.8994917042294044
 1337 3129 28166 0.9000159769931299
