 "time" "normal population" "cancer population" "cancer proportion"patch_inflammation:0.3
 1 10395 0 0
 2 10395 0 0
 3 10550 2 1.8953752843062926E-4
 4 10556 2 1.8942981625307822E-4
 5 10735 5 4.655493482309125E-4
 6 10736 5 4.6550600502746485E-4
 7 10924 8 7.317965605561653E-4
 8 10929 8 7.314620096918717E-4
 9 11113 13 0.0011684342980406255
 10 11131 13 0.0011665470208183776
 11 11290 14 0.0012384996461429583
 12 11313 14 0.0012359848150437008
 13 11497 19 0.0016498784300104203
 14 11514 19 0.0016474464579901153
 15 11706 21 0.0017907393195190585
 16 11732 21 0.001786777843954735
 17 11917 26 0.0021770074520639704
 18 11942 26 0.0021724598930481284
 19 12114 30 0.0024703557312252965
 20 12132 30 0.00246669955599408
 21 12316 32 0.0025915127955944283
 22 12343 36 0.0029081509007189595
 23 12510 44 0.0035048590090807712
 24 12531 45 0.00357824427480916
 25 12687 49 0.0038473618090452263
 26 12714 49 0.0038392227532711744
 27 12884 55 0.004250714892959271
 28 12914 56 0.004317656129529684
 29 13074 58 0.0044166920499543105
 30 13098 59 0.004484304932735426
 31 13274 60 0.004499775011249437
 32 13300 64 0.004788985333732416
 33 13452 65 0.004808759340090256
 34 13481 68 0.005018820577164366
 35 13622 73 0.005330412559328222
 36 13652 74 0.0053912283258050414
 37 13821 80 0.005754981655995971
 38 13859 81 0.005810616929698709
 39 14002 85 0.006033931994037055
 40 14033 88 0.00623185326818214
 41 14194 95 0.006648470851704108
 42 14223 97 0.006773743016759776
 43 14387 100 0.00690274038793401
 44 14420 108 0.007433920704845815
 45 14585 113 0.0076881208327663625
 46 14610 115 0.007809847198641765
 47 14774 120 0.00805693567879683
 48 14805 121 0.008106659520300147
 49 14954 126 0.008355437665782494
 50 14978 133 0.008801535305406658
 51 15125 136 0.008911604744118996
 52 15157 140 0.00915212133097993
 53 15323 146 0.009438231301312302
 54 15367 150 0.009666817039376168
 55 15558 154 0.00980142566191446
 56 15612 155 0.009830658971269106
 57 15797 161 0.010088983581902494
 58 15864 164 0.010232093835787373
 59 16072 169 0.01040576319192168
 60 16135 171 0.010486937323684534
 61 16347 177 0.010711692084241104
 62 16441 182 0.010948685556157132
 63 16626 186 0.011063526052819414
 64 16720 190 0.011235955056179775
 65 16937 193 0.011266783420899007
 66 16998 196 0.011399325346050948
 67 17219 204 0.011708660965390576
 68 17312 208 0.011872146118721462
 69 17512 214 0.012072661626988604
 70 17606 218 0.012230700179533214
 71 17834 226 0.012513842746400886
 72 17914 229 0.012621947858678277
 73 18094 237 0.012928918225956031
 74 18179 241 0.013083604777415853
 75 18404 250 0.013401951324112791
 76 18498 258 0.013755598208573257
 77 18680 262 0.013831696758526028
 78 18775 267 0.014021636382732907
 79 18947 277 0.014409071993341656
 80 19036 284 0.014699792960662527
 81 19216 291 0.014917721843440816
 82 19300 295 0.015054860933911712
 83 19464 299 0.015129281991600466
 84 19556 304 0.015307150050352467
 85 19726 311 0.01552128562160004
 86 19836 314 0.015583126550868487
 87 20010 320 0.01574028529267093
 88 20093 325 0.015917327847977274
 89 20264 333 0.016167403019857262
 90 20354 336 0.01623972933784437
 91 20528 344 0.016481410502108086
 92 20613 350 0.01669608357582407
 93 20755 357 0.016909814323607428
 94 20830 368 0.017360128313991887
 95 20965 374 0.01752659449833638
 96 21056 375 0.01749801689141897
 97 21199 380 0.017609713147041104
 98 21270 387 0.017869511012605623
 99 21415 392 0.017975879304810382
 100 21499 399 0.018220842086035253
 101 21608 402 0.018264425261244888
 102 21689 404 0.01828633503824741
 103 21782 411 0.018519352949128102
 104 21852 416 0.018681516076881625
 105 21944 419 0.01873630550462818
 106 22014 421 0.018765322041453085
 107 22095 422 0.018741395390149664
 108 22159 427 0.018905516691755955
 109 22240 434 0.01914086619035018
 110 22301 442 0.01943455129050697
 111 22394 445 0.019484215596129426
 112 22451 447 0.01952135557690628
 113 22523 449 0.019545533693191713
 114 22595 451 0.01956955653909572
 115 22666 455 0.019679079624583713
 116 22711 458 0.01976779317191074
 117 22792 466 0.020036116605039126
 118 22826 469 0.020133075767332045
 119 22902 472 0.02019337725678104
 120 22954 474 0.02023220078538501
 121 23032 476 0.020248426067721627
 122 23094 478 0.020278296283726457
 123 23167 482 0.020381411476172354
 124 23216 484 0.020421940928270044
 125 23282 489 0.02057128433805898
 126 23314 493 0.02070819506867728
 127 23365 500 0.020951183741881416
 128 23408 502 0.02099539941447093
 129 23469 506 0.02110531803962461
 130 23515 513 0.021350091559846844
 131 23573 517 0.021461187214611873
 132 23611 519 0.021508495648570245
 133 23682 522 0.021566683192860685
 134 23729 525 0.021645914076028696
 135 23774 528 0.021726606863632623
 136 23822 531 0.021804295158707347
 137 23877 536 0.021955515504034736
 138 23920 538 0.021996892632267562
 139 23971 542 0.022110716762534167
 140 24011 543 0.022114523091960575
 141 24060 548 0.022269180754226268
 142 24094 548 0.022238454670887104
 143 24140 553 0.022395010731786336
 144 24182 557 0.022515057197138123
 145 24230 560 0.022589753933037516
 146 24255 562 0.02264576701454648
 147 24300 565 0.022722702594007643
 148 24333 568 0.022810328902453717
 149 24378 573 0.02296501142238788
 150 24402 576 0.023060293057890945
 151 24441 583 0.023297634271099744
 152 24483 585 0.02333652465294399
 153 24529 587 0.023371555980251632
 154 24557 591 0.02350087482105933
 155 24603 593 0.02353548182251151
 156 24627 597 0.023667935299714556
 157 24669 599 0.023705873041000476
 158 24699 602 0.023793525947591005
 159 24748 607 0.023940051271938472
 160 24779 611 0.024064592359196533
 161 24818 618 0.024296272998899197
 162 24847 626 0.024575040238684096
 163 24885 630 0.024691358024691357
 164 24911 633 0.02478077043532728
 165 24956 640 0.025003906860446946
 166 24987 645 0.02516385767790262
 167 25039 648 0.025226768404251178
 168 25062 655 0.025469533771435238
 169 25093 661 0.025665915974217596
 170 25107 665 0.025803197268353253
 171 25137 667 0.02584870562703457
 172 25167 671 0.02596950228345847
 173 25200 673 0.02601167239979902
 174 25218 675 0.026068821689259645
 175 25250 679 0.02618689498245208
 176 25278 679 0.026158646993103978
 177 25306 685 0.02635527682659382
 178 25332 689 0.026478613427616156
 179 25362 691 0.0265228572525237
 180 25385 694 0.02661144982553012
 181 25406 699 0.026776479601608887
 182 25430 701 0.026826374803872795
 183 25465 704 0.026902059688944935
 184 25482 709 0.02707036768355542
 185 25518 712 0.027144491040792987
 186 25539 714 0.027196891783796136
 187 25563 715 0.027209072227719004
 188 25581 719 0.027338403041825096
 189 25604 723 0.027462301059748548
 190 25622 727 0.02759117993092717
 191 25651 729 0.027634571645185745
 192 25676 732 0.02771887306876704
 193 25697 736 0.027843982900162677
 194 25713 739 0.02793739603810676
 195 25736 742 0.028023264597023943
 196 25758 744 0.028073352954494
 197 25780 750 0.02826988315114964
 198 25796 753 0.028362650193980942
 199 25831 757 0.02847149089814954
 200 25849 762 0.028634775093006652
 201 25870 766 0.02875807178254993
 202 25885 771 0.02892406962785114
 203 25905 773 0.02897518554614289
 204 25916 775 0.029036004645760744
 205 25942 778 0.029116766467065867
 206 25961 780 0.02916869227029655
 207 25986 781 0.029177718832891247
 208 25998 783 0.029237145737649826
 209 26024 785 0.029281211533440262
 210 26042 788 0.029370108087961238
 211 26064 792 0.029490616621983913
 212 26085 799 0.02972027972027972
 213 26106 802 0.02980526237550171
 214 26126 802 0.029783125371360665
 215 26144 805 0.029871238264870682
 216 26161 809 0.029996292176492398
 217 26183 813 0.030115572677433693
 218 26202 821 0.030381526847500277
 219 26216 825 0.030509226729780705
 220 26232 827 0.030562844155364203
 221 26257 834 0.03078513159351814
 222 26273 837 0.03087421615639985
 223 26301 842 0.03102088936374019
 224 26311 851 0.031330535306678446
 225 26328 855 0.031453481955634036
 226 26336 857 0.03151546353841062
 227 26352 859 0.0315681158355077
 228 26371 865 0.031759436040534585
 229 26391 868 0.03184269415605855
 230 26408 872 0.031964809384164225
 231 26424 875 0.03205245613392432
 232 26437 882 0.03228522273875325
 233 26459 884 0.032330029623669675
 234 26475 889 0.03248794035959655
 235 26502 896 0.032703117015840576
 236 26518 897 0.03271931424402699
 237 26531 901 0.03284485272674249
 238 26547 905 0.03296663266792948
 239 26554 909 0.03309907876051415
 240 26565 913 0.03322658126501201
 241 26583 918 0.033380604341660305
 242 26592 920 0.033439953474847336
 243 26607 927 0.03366746567879712
 244 26623 929 0.033718060394889664
 245 26634 933 0.03384481445206225
 246 26648 935 0.03389769060653301
 247 26655 942 0.03413414501576258
 248 26666 945 0.034225489841005395
 249 26678 952 0.0344553022077452
 250 26680 955 0.034557626198661116
 251 26702 959 0.034669751635877225
 252 26718 963 0.03478920559228352
 253 26737 968 0.03493954159898935
 254 26753 973 0.035093414123927
 255 26764 976 0.03518385003604903
 256 26780 979 0.035267841060556936
 257 26790 988 0.03556771545827633
 258 26793 993 0.03573742172316994
 259 26804 996 0.0358273381294964
 260 26813 1002 0.036023728204206365
 261 26820 1006 0.036153237978868685
 262 26828 1014 0.03641979742834567
 263 26843 1019 0.03657311032948101
 264 26854 1023 0.03669691860673674
 265 26861 1025 0.03675679552463602
 266 26871 1027 0.03681267474370923
 267 26881 1027 0.036799484018919304
 268 26880 1028 0.036835316038411926
 269 26896 1030 0.03688319129126978
 270 26900 1031 0.03691239124986574
 271 26908 1034 0.037005225109154674
 272 26924 1038 0.03712180816822831
 273 26934 1041 0.0372117962466488
 274 26935 1045 0.03734810578984989
 275 26941 1048 0.037443281289077854
 276 26946 1048 0.03743659355576195
 277 26957 1049 0.037456259372991504
 278 26964 1053 0.037584323803405074
 279 26966 1060 0.03782202240776422
 280 26969 1064 0.03795526700674205
 281 26975 1066 0.03801576263328697
 282 26983 1069 0.03810779980037074
 283 26989 1075 0.038305302166476624
 284 26994 1079 0.038435507427065155
 285 27002 1080 0.038458799230824015
 286 27003 1082 0.03852590350721025
 287 27011 1084 0.038583377825235805
 288 27012 1087 0.03868465069931314
 289 27024 1089 0.03873652758510298
 290 27021 1092 0.03884323978230712
 291 27022 1094 0.03891022905107412
 292 27029 1097 0.039003057669060655
 293 27030 1103 0.03920662567092027
 294 27031 1105 0.03927352857549048
 295 27034 1110 0.039440022740193294
 296 27035 1111 0.03947274923612591
 297 27038 1117 0.039673237435624224
 298 27041 1120 0.039771314939100175
 299 27035 1122 0.03984799516993998
 300 27035 1124 0.039916190205618096
 301 27040 1129 0.04007952003976002
 302 27042 1134 0.04024701873935264
 303 27038 1139 0.04042304006814068
 304 27041 1143 0.04055492478001703
 305 27046 1147 0.04068385769517256
 306 27051 1150 0.0407786957909294
 307 27050 1154 0.040916182101829526
 308 27056 1156 0.04097547143059691
 309 27053 1158 0.04104781822693276
 310 27041 1163 0.04123528577506737
 311 27041 1168 0.04140522528271119
 312 27030 1175 0.04165928026945577
 313 27027 1178 0.04176564438929268
 314 27024 1179 0.0418040633975109
 315 27025 1180 0.04183655380251729
 316 27021 1185 0.04201233780046799
 317 27020 1184 0.04197986101262232
 318 27016 1189 0.04215564616202801
 319 27011 1195 0.04236687229667447
 320 27011 1197 0.04243477027793534
 321 27004 1199 0.04251320781477148
 322 26989 1200 0.04256979672922062
 323 26976 1203 0.04269136591078463
 324 26971 1203 0.042698942287215165
 325 26966 1208 0.04287641087527508
 326 26963 1215 0.04311874512030662
 327 26957 1216 0.0431618925921982
 328 26948 1219 0.043277594347995885
 329 26942 1226 0.04352456688440784
 330 26940 1230 0.043663471778487756
 331 26932 1232 0.04374378639397813
 332 26920 1236 0.04389828100582469
 333 26911 1241 0.044082125603864736
 334 26906 1246 0.04425973287865871
 335 26895 1250 0.044412861964825016
 336 26885 1256 0.04463238690878078
 337 26877 1256 0.04464507873316034
 338 26873 1258 0.044719348761153174
 339 26865 1263 0.044901877133105804
 340 26858 1265 0.04498097642499022
 341 26845 1268 0.04510368868495002
 342 26836 1270 0.04518608126378709
 343 26836 1273 0.04528798605428866
 344 26823 1277 0.04544483985765124
 345 26808 1285 0.04574093190474495
 346 26796 1289 0.045896385971158984
 347 26794 1295 0.046103456869237065
 348 26781 1300 0.046294647626509026
 349 26776 1306 0.04650665906986682
 350 26768 1313 0.046757594102774115
 351 26759 1317 0.04690839150876193
 352 26745 1321 0.047067626309413524
 353 26725 1324 0.047203108845235126
 354 26708 1328 0.04736767013839349
 355 26702 1332 0.04751373332382108
 356 26684 1334 0.0476122492683275
 357 26657 1340 0.0478622709576026
 358 26638 1345 0.048064896544330486
 359 26623 1351 0.04829484521341246
 360 26610 1358 0.04855549199084668
 361 26594 1362 0.04871941622549721
 362 26588 1364 0.04879793932455638
 363 26586 1369 0.0489715614380254
 364 26578 1373 0.04912167722085078
 365 26560 1377 0.04928947274224147
 366 26548 1385 0.049582930583897185
 367 26534 1388 0.049709906167180004
 368 26527 1393 0.049892550143266476
 369 26500 1398 0.05011111907663632
 370 26496 1404 0.05032258064516129
 371 26484 1408 0.050480424494478704
 372 26468 1411 0.050611571433695615
 373 26453 1413 0.050706954711835214
 374 26444 1418 0.05089369033091666
 375 26439 1429 0.05127745083967274
 376 26424 1430 0.05133912543979321
 377 26400 1434 0.05151972407846519
 378 26382 1440 0.051757601897778734
 379 26370 1445 0.05195038648211397
 380 26365 1451 0.052164222030486054
 381 26347 1457 0.05240253200978277
 382 26326 1462 0.05261263854901396
 383 26302 1468 0.05286280158444365
 384 26285 1476 0.05316811354057851
 385 26273 1480 0.053327568190826215
 386 26259 1486 0.05355919985582988
 387 26246 1492 0.05378902588506742
 388 26220 1497 0.05401017426128369
 389 26200 1503 0.05425405190773563
 390 26169 1507 0.05445151033386327
 391 26150 1511 0.05462564621669499
 392 26134 1517 0.05486239195689125
 393 26131 1522 0.05503923624923155
 394 26110 1531 0.05538873412684056
 395 26103 1535 0.05553947463637021
 396 26081 1540 0.05575467941059339
 397 26057 1544 0.05594000217383428
 398 26039 1550 0.056181811591576356
 399 26012 1556 0.056442251886244924
 400 25987 1560 0.056630486078338836
 401 25972 1565 0.05683262519519192
 402 25959 1570 0.05703076755421555
 403 25945 1574 0.0571968458156183
 404 25923 1579 0.05741400625409061
 405 25906 1582 0.05755238649592549
 406 25894 1587 0.0577489902114188
 407 25870 1589 0.05786809424960851
 408 25849 1596 0.05815266897431226
 409 25838 1606 0.058519166302288296
 410 25815 1609 0.05867123687281214
 411 25789 1612 0.058829969709134705
 412 25765 1617 0.059053392739756044
 413 25750 1625 0.0593607305936073
 414 25730 1637 0.05981656739869186
 415 25716 1639 0.05991592030707366
 416 25695 1646 0.06020262609268132
 417 25672 1652 0.060459669155321326
 418 25658 1653 0.06052506316136355
 419 25628 1661 0.06086701601377845
 420 25602 1665 0.0610628231928705
 421 25580 1673 0.06138773712985726
 422 25566 1677 0.06155709723598723
 423 25542 1687 0.061956002791141794
 424 25525 1695 0.06227038941954445
 425 25503 1699 0.06245864274685685
 426 25482 1704 0.06267932023835798
 427 25451 1711 0.06299241587511965
 428 25433 1716 0.06320674794651737
 429 25408 1723 0.06350668976447606
 430 25384 1725 0.06363200413146926
 431 25367 1734 0.06398287886055865
 432 25349 1739 0.0641981689308919
 433 25338 1746 0.06446610544971201
 434 25309 1753 0.06477717833123937
 435 25288 1756 0.06493122319183553
 436 25263 1763 0.06523347887219715
 437 25248 1769 0.06547729207535996
 438 25237 1774 0.06567694642923254
 439 25208 1781 0.06598984771573604
 440 25192 1784 0.06613285883748517
 441 25172 1792 0.06645898234683281
 442 25161 1798 0.06669386846693126
 443 25154 1807 0.06702273654538037
 444 25138 1817 0.0674086440363569
 445 25119 1819 0.06752542876234316
 446 25097 1825 0.06778842582274719
 447 25078 1830 0.06800951389921213
 448 25060 1835 0.06822829522216026
 449 25047 1836 0.06829594911282223
 450 25025 1839 0.06845592614651579
 451 25004 1848 0.06882168925964546
 452 24980 1854 0.06909145114407096
 453 24961 1862 0.06941803675949744
 454 24930 1866 0.06963725929243171
 455 24918 1875 0.06998096517747172
 456 24895 1883 0.07031891851519904
 457 24879 1889 0.07056933652121937
 458 24855 1893 0.07077164647824137
 459 24823 1903 0.07120407094215371
 460 24813 1912 0.07154349859681945
 461 24799 1926 0.07206735266604303
 462 24782 1930 0.07225217130877508
 463 24762 1932 0.07237581478984041
 464 24738 1940 0.07271909438488643
 465 24714 1949 0.07309755091325057
 466 24687 1963 0.07365853658536585
 467 24670 1971 0.0739837093202207
 468 24657 1979 0.07429794263402913
 469 24645 1990 0.0747137225455228
 470 24621 1995 0.07495491433724076
 471 24608 1997 0.07506107874459687
 472 24586 2005 0.07540145161896883
 473 24570 2011 0.0756555434332794
 474 24545 2020 0.07603990212685866
 475 24526 2036 0.07665085460432196
 476 24505 2043 0.07695494952538798
 477 24487 2048 0.07718108159035236
 478 24464 2059 0.07763073558798024
 479 24444 2065 0.07789807235278584
 480 24425 2072 0.07819753179605238
 481 24412 2082 0.07858383030120027
 482 24403 2089 0.07885399365846293
 483 24388 2098 0.07921165898965492
 484 24371 2105 0.07950596766883215
 485 24350 2114 0.07988210399032648
 486 24335 2122 0.08020561666099708
 487 24324 2132 0.08058663441185364
 488 24292 2138 0.0808929247067726
 489 24272 2145 0.08119771359351932
 490 24253 2157 0.08167360848163574
 491 24232 2169 0.08215597894019167
 492 24219 2177 0.08247461736626761
 493 24204 2181 0.08266060261512223
 494 24182 2192 0.08311215591112459
 495 24158 2202 0.08353566009104704
 496 24140 2211 0.0839057341277371
 497 24117 2225 0.08446587199149647
 498 24099 2235 0.0848712690817954
 499 24081 2243 0.08520741528643064
 500 24068 2247 0.0853885616568497
 501 24038 2256 0.08579904160645015
 502 24028 2265 0.08614460122466056
 503 24014 2272 0.08643384311040098
 504 23993 2277 0.08667681766273315
 505 23970 2285 0.08703104170634166
 506 23951 2296 0.0874766639996952
 507 23937 2304 0.08780153195381274
 508 23923 2311 0.08809178928108562
 509 23899 2321 0.08852021357742182
 510 23875 2331 0.08894909562695566
 511 23858 2339 0.08928503263732489
 512 23828 2353 0.08987433635078874
 513 23809 2367 0.09042634474327628
 514 23799 2375 0.09073890119966378
 515 23788 2388 0.09122860635696821
 516 23781 2398 0.09160013751480194
 517 23758 2414 0.09223597738040654
 518 23742 2427 0.09274332225151898
 519 23720 2439 0.09323750907909324
 520 23700 2449 0.09365558912386707
 521 23689 2454 0.0938683395172704
 522 23671 2462 0.09421038533654766
 523 23655 2472 0.09461476633367781
 524 23640 2486 0.09515425246880502
 525 23619 2499 0.09568113944406156
 526 23601 2510 0.09612806863007928
 527 23585 2513 0.09629090351751092
 528 23568 2524 0.09673463130461445
 529 23557 2538 0.09726001149645526
 530 23539 2548 0.09767317054471576
 531 23523 2559 0.09811364159190246
 532 23498 2568 0.0985191437121154
 533 23481 2576 0.09886019111946885
 534 23459 2590 0.09942800107489731
 535 23436 2598 0.09979257893523853
 536 23421 2612 0.10033419121883763
 537 23409 2625 0.10082968425904586
 538 23388 2632 0.10115295926210607
 539 23377 2643 0.10157571099154497
 540 23355 2650 0.10190348009998078
 541 23337 2656 0.10218135651906282
 542 23319 2665 0.10256311576354679
 543 23296 2678 0.1031031031031031
 544 23273 2688 0.10353992527252417
 545 23256 2700 0.10402219140083217
 546 23231 2709 0.10443330763299923
 547 23203 2723 0.1050296999151431
 548 23185 2730 0.10534439513795099
 549 23172 2745 0.10591503646255354
 550 23150 2754 0.10631562693020383
 551 23133 2769 0.1069029418577716
 552 23124 2782 0.10738824982629507
 553 23109 2798 0.1080016983826765
 554 23080 2805 0.10836391732663705
 555 23066 2818 0.10887034461443362
 556 23051 2831 0.1093810370141411
 557 23031 2843 0.10987864265285614
 558 23016 2850 0.11018325214567386
 559 22994 2862 0.11068997524752475
 560 22971 2885 0.11157951732673267
 561 22957 2896 0.11201794762696786
 562 22932 2906 0.11247000541837604
 563 22914 2920 0.11302934117829218
 564 22894 2934 0.11359764596561871
 565 22887 2950 0.1141773425707319
 566 22865 2957 0.11451475486019673
 567 22850 2968 0.11495855604616934
 568 22827 2985 0.11564388656438866
 569 22799 3001 0.11631782945736434
 570 22786 3016 0.11689016355321293
 571 22778 3028 0.11733705339843448
 572 22760 3042 0.11789783737694752
 573 22730 3051 0.11834296574997091
 574 22717 3063 0.11881303335919317
 575 22701 3078 0.11939951123007099
 576 22689 3083 0.11962595064410989
 577 22675 3095 0.12010089251067133
 578 22653 3107 0.12061335403726708
 579 22649 3120 0.12107571112577127
 580 22634 3130 0.12148734668529731
 581 22613 3138 0.12185934526814493
 582 22596 3152 0.12241727512816529
 583 22585 3171 0.12311694362478645
 584 22566 3174 0.1233100233100233
 585 22547 3185 0.12377584330794342
 586 22530 3194 0.12416420463380501
 587 22513 3206 0.1246549243749757
 588 22507 3225 0.12533032799626923
 589 22500 3241 0.12590808437900625
 590 22488 3255 0.12644213961076797
 591 22467 3269 0.12702051600870376
 592 22456 3279 0.12741402758888673
 593 22449 3291 0.12785547785547785
 594 22438 3304 0.1283505555123922
 595 22412 3315 0.12885295603840324
 596 22404 3328 0.12933312606870823
 597 22392 3345 0.12996852780044293
 598 22377 3358 0.13048377695745095
 599 22360 3371 0.1310092884069799
 600 22346 3385 0.13155337919241383
 601 22329 3403 0.13224778485931912
 602 22304 3419 0.13291606733273723
 603 22285 3427 0.133284069695084
 604 22264 3438 0.13376390942339117
 605 22249 3444 0.13404429221967074
 606 22231 3456 0.13454276482267294
 607 22221 3470 0.1350667548947102
 608 22212 3486 0.13565257996731264
 609 22193 3502 0.13629110721930338
 610 22179 3515 0.13680236631120105
 611 22162 3526 0.1372625350358144
 612 22144 3546 0.13803036200856364
 613 22129 3551 0.13827881619937696
 614 22120 3564 0.13876343248715153
 615 22108 3579 0.1393311791957021
 616 22096 3604 0.14023346303501946
 617 22075 3615 0.14071623199688596
 618 22058 3631 0.1413445443575071
 619 22036 3638 0.1416997740905196
 620 22017 3658 0.1424732229795521
 621 21990 3669 0.14299076347480416
 622 21962 3681 0.14354794680809577
 623 21948 3695 0.14409390476933276
 624 21928 3710 0.14470707543490133
 625 21907 3730 0.14549284237625307
 626 21885 3749 0.14625107279394553
 627 21874 3762 0.1467467623654236
 628 21859 3776 0.14729861517456602
 629 21845 3787 0.14774500624219725
 630 21828 3807 0.14850789935634875
 631 21807 3818 0.1489951219512195
 632 21787 3829 0.14947688944409743
 633 21772 3836 0.14979693845673228
 634 21750 3848 0.1503242440815689
 635 21729 3860 0.15084606666927194
 636 21710 3879 0.15158857321505334
 637 21695 3896 0.15224102223437927
 638 21672 3908 0.1527756059421423
 639 21663 3927 0.15345838218053928
 640 21653 3938 0.15388222421945216
 641 21633 3952 0.1544655071330858
 642 21611 3972 0.15525935191337997
 643 21597 3993 0.15603751465416177
 644 21590 4006 0.1565088295046101
 645 21575 4015 0.1568972254787026
 646 21559 4032 0.15755539056699622
 647 21533 4046 0.1581766292661949
 648 21514 4056 0.15862338678138443
 649 21496 4077 0.15942595706409105
 650 21477 4085 0.15980752679759017
 651 21462 4103 0.16049286133385487
 652 21445 4114 0.1609609139637701
 653 21430 4138 0.16184292866082603
 654 21408 4160 0.16270337922403003
 655 21382 4178 0.1634585289514867
 656 21373 4192 0.16397418345394094
 657 21358 4204 0.16446287457945388
 658 21348 4226 0.16524595292093533
 659 21334 4252 0.16618463222074573
 660 21320 4261 0.16656893788358548
 661 21302 4281 0.1673376851815659
 662 21289 4300 0.16804095509789363
 663 21278 4319 0.16873071063015196
 664 21260 4335 0.16936901738620824
 665 21230 4355 0.17021692397889387
 666 21217 4372 0.17085466411348627
 667 21193 4387 0.17150117279124316
 668 21175 4403 0.17214012041598248
 669 21159 4419 0.17276565798733287
 670 21146 4434 0.17333854573885848
 671 21132 4446 0.17382125263898662
 672 21114 4466 0.17458952306489445
 673 21092 4482 0.1752561194963635
 674 21072 4495 0.17581257089216568
 675 21052 4511 0.17646598599538396
 676 21039 4526 0.17703892039898297
 677 21028 4548 0.17782295902408507
 678 21002 4568 0.17864685177942902
 679 20980 4585 0.1793467631527479
 680 20965 4605 0.18009385999217833
 681 20957 4618 0.18056695992179864
 682 20944 4631 0.1810752688172043
 683 20932 4652 0.1818323952470294
 684 20927 4674 0.18257099332057342
 685 20906 4691 0.18326366371059108
 686 20896 4708 0.18387751913763475
 687 20887 4726 0.18451567563346738
 688 20869 4747 0.18531386633354155
 689 20852 4769 0.1861363725069279
 690 20839 4788 0.18683419830647363
 691 20827 4803 0.1873975809598127
 692 20808 4830 0.18839223028317342
 693 20803 4847 0.18896686159844053
 694 20784 4866 0.1897076023391813
 695 20770 4889 0.19053743325928524
 696 20761 4905 0.19110885997038884
 697 20738 4918 0.1916900530090427
 698 20718 4941 0.19256401262714837
 699 20693 4959 0.1933182597848121
 700 20675 4975 0.19395711500974658
 701 20660 4993 0.1946361049389935
 702 20646 5000 0.1949621773375965
 703 20628 5010 0.19541305874093143
 704 20616 5028 0.19606925596630792
 705 20604 5050 0.1968503937007874
 706 20582 5067 0.19755156146438457
 707 20566 5083 0.1981753674607197
 708 20547 5099 0.19882242844888093
 709 20537 5119 0.19952447770502027
 710 20522 5137 0.20020265793678632
 711 20511 5162 0.2010672691154131
 712 20491 5176 0.2016597187049519
 713 20473 5190 0.2022366831625297
 714 20451 5202 0.20278330019880716
 715 20436 5216 0.20333697177607984
 716 20425 5232 0.2039209572436372
 717 20410 5250 0.20459859703819175
 718 20394 5270 0.20534600997506233
 719 20380 5286 0.205953401387049
 720 20372 5299 0.20641969537610533
 721 20357 5318 0.20712755598831548
 722 20344 5331 0.20763388510223954
 723 20323 5357 0.20860591900311526
 724 20299 5385 0.20966360380003116
 725 20281 5396 0.2101491607274993
 726 20272 5413 0.21074557134514307
 727 20261 5428 0.21129666394176497
 728 20257 5445 0.21185121780406194
 729 20236 5458 0.21242313380555772
 730 20218 5472 0.21300116776956013
 731 20187 5490 0.2138100245355766
 732 20173 5503 0.2143246611621748
 733 20160 5526 0.21513665031534687
 734 20133 5546 0.2159741422952607
 735 20115 5563 0.21664459848897888
 736 20092 5579 0.217326944801527
 737 20066 5612 0.21855284679492173
 738 20059 5637 0.21937266500622665
 739 20037 5659 0.2202288293897883
 740 20032 5679 0.22087822332853643
 741 20003 5699 0.22173371722044977
 742 19983 5725 0.22269332503500855
 743 19973 5743 0.22332400062218075
 744 19965 5770 0.22420827666601903
 745 19943 5789 0.2249727965179543
 746 19933 5815 0.22584278390554607
 747 19919 5838 0.22665683115269636
 748 19896 5854 0.2273398058252427
 749 19883 5876 0.22811444543654644
 750 19867 5892 0.22873558756162896
 751 19847 5913 0.22954192546583851
 752 19828 5931 0.23024962149151754
 753 19806 5953 0.23110369191350597
 754 19781 5969 0.23180582524271845
 755 19765 5990 0.23257619879635022
 756 19741 6003 0.233180546923555
 757 19720 6024 0.23399627097576134
 758 19708 6056 0.2350566682192206
 759 19686 6074 0.23579192546583852
 760 19669 6096 0.23660003881234232
 761 19648 6110 0.23720785775293113
 762 19622 6119 0.23771415251932715
 763 19608 6135 0.23831721244610185
 764 19595 6158 0.23911777268667728
 765 19580 6173 0.23970022909952238
 766 19565 6192 0.24040066777963273
 767 19547 6211 0.24112896964050004
 768 19522 6239 0.24218780326850667
 769 19502 6259 0.24296417064554948
 770 19484 6278 0.24369225991770826
 771 19479 6300 0.24438496450599326
 772 19460 6319 0.24512199852593197
 773 19439 6343 0.2460243580792801
 774 19422 6364 0.24680058946715272
 775 19405 6386 0.24760575394517467
 776 19395 6403 0.24819753469261183
 777 19385 6425 0.2489345215032933
 778 19374 6443 0.24956424061664795
 779 19350 6462 0.2503486750348675
 780 19331 6477 0.2509686918784873
 781 19314 6495 0.2516563989306056
 782 19303 6513 0.25228540440037184
 783 19278 6536 0.25319594018749514
 784 19257 6556 0.25398055243481965
 785 19231 6578 0.2548723313572785
 786 19212 6600 0.2556950255695026
 787 19195 6620 0.25644005423203564
 788 19170 6644 0.2573797164329434
 789 19148 6663 0.2581457518112433
 790 19131 6684 0.2589192330040674
 791 19115 6706 0.25971108787421093
 792 19096 6728 0.26053283767038415
 793 19070 6743 0.261224964165343
 794 19046 6775 0.262383331396925
 795 19029 6801 0.2632984901277584
 796 19015 6820 0.26398296884072
 797 19004 6836 0.2645510835913313
 798 18991 6854 0.265196362932869
 799 18974 6873 0.26591093743954813
 800 18953 6901 0.26692194631391664
 801 18933 6924 0.26778048497505513
 802 18908 6948 0.2687190594059406
 803 18880 6961 0.26937812004179407
 804 18857 6989 0.27040934767468855
 805 18837 7007 0.2711267605633803
 806 18824 7022 0.27168614098893445
 807 18803 7043 0.2724986458252728
 808 18802 7060 0.2729873946330523
 809 18787 7079 0.2736797340137632
 810 18758 7102 0.27463263727764886
 811 18730 7127 0.2756313570793209
 812 18704 7146 0.2764410058027079
 813 18690 7167 0.2771783269520826
 814 18678 7185 0.27780999884004176
 815 18659 7208 0.27865620288398346
 816 18637 7232 0.2795624106072906
 817 18615 7254 0.2804128493563725
 818 18590 7270 0.2811291569992266
 819 18573 7289 0.28184208491222645
 820 18553 7312 0.2826986274888846
 821 18534 7338 0.28362708719851576
 822 18506 7355 0.28440508874366804
 823 18495 7376 0.2851068764253411
 824 18478 7400 0.2859571837081691
 825 18452 7421 0.2868241023460751
 826 18427 7445 0.28776283240568956
 827 18405 7470 0.288695652173913
 828 18387 7493 0.2895285935085008
 829 18369 7513 0.290278958349432
 830 18349 7538 0.29118862749642677
 831 18326 7564 0.2921591348010815
 832 18307 7587 0.2930022399011354
 833 18281 7605 0.29378814803368614
 834 18260 7632 0.29476286111540245
 835 18234 7654 0.29565822002472186
 836 18205 7681 0.2967240979680136
 837 18188 7705 0.29757077202332677
 838 18173 7727 0.29833976833976833
 839 18154 7744 0.2990192292841146
 840 18127 7769 0.3000077232004943
 841 18107 7793 0.3008880308880309
 842 18091 7819 0.3017753763025859
 843 18075 7845 0.30266203703703703
 844 18050 7877 0.30381455625409803
 845 18023 7906 0.3049095607235142
 846 17998 7926 0.3057398549606542
 847 17977 7949 0.3066034097045437
 848 17953 7974 0.30755582982990703
 849 17917 7998 0.3086243488327224
 850 17891 8016 0.3094144439726715
 851 17879 8046 0.31035679845708775
 852 17854 8068 0.3112414165573644
 853 17837 8089 0.31200339427601637
 854 17815 8114 0.31293146669752014
 855 17799 8131 0.31357500964134205
 856 17778 8155 0.31446419619789456
 857 17748 8182 0.31554184342460473
 858 17732 8200 0.31621163041801637
 859 17714 8220 0.3169584329451685
 860 17700 8235 0.3175245806824754
 861 17668 8253 0.31839049419389687
 862 17646 8270 0.3191078870196018
 863 17624 8294 0.3200092599737634
 864 17603 8319 0.32092431139572564
 865 17574 8339 0.3218075869254814
 866 17550 8366 0.32281216237073623
 867 17528 8384 0.3235566532880519
 868 17508 8409 0.3244588494038662
 869 17498 8428 0.3250790712026537
 870 17471 8451 0.32601651107167656
 871 17445 8481 0.32712335107613977
 872 17417 8500 0.32797005826291625
 873 17389 8523 0.3289209632602655
 874 17359 8548 0.3299494345157679
 875 17342 8569 0.33070896530431093
 876 17319 8599 0.331777143298094
 877 17298 8621 0.33261314093907945
 878 17276 8640 0.3333847816020991
 879 17249 8669 0.3344779689790879
 880 17231 8698 0.3354545103937676
 881 17200 8723 0.3364965474674999
 882 17191 8749 0.33727833461835005
 883 17160 8772 0.33826931975937063
 884 17139 8803 0.3393338986970935
 885 17112 8828 0.34032382420971474
 886 17085 8854 0.3413392960407109
 887 17060 8883 0.34240450217785146
 888 17040 8909 0.343327295849551
 889 17011 8943 0.3445711643677275
 890 16987 8966 0.3454706584980542
 891 16974 8985 0.3461227320004623
 892 16955 9001 0.34677916474032977
 893 16941 9037 0.3478712756948187
 894 16915 9058 0.34874677549763217
 895 16895 9084 0.34966703876207705
 896 16861 9125 0.3511506195643808
 897 16835 9149 0.3521012931034483
 898 16827 9175 0.35285747250211524
 899 16808 9203 0.35381184883318595
 900 16778 9227 0.35481638146510286
 901 16751 9254 0.35585464333781963
 902 16732 9284 0.35685731857318576
 903 16699 9309 0.35792832974469396
 904 16673 9336 0.3589526702295359
 905 16657 9359 0.359740159901599
 906 16632 9382 0.360651956638733
 907 16616 9403 0.3613897536415696
 908 16594 9428 0.3623088156175544
 909 16576 9452 0.36314737974489014
 910 16558 9471 0.36386338314956396
 911 16534 9490 0.36466338764217643
 912 16506 9517 0.36571494447219766
 913 16486 9547 0.36672684669457994
 914 16462 9570 0.36762446220036876
 915 16428 9597 0.3687608069164265
 916 16406 9627 0.36979986939653514
 917 16386 9650 0.37064065140574587
 918 16362 9682 0.37175549070803254
 919 16337 9705 0.37266722985945777
 920 16303 9739 0.3739728131479917
 921 16282 9771 0.3750431812075385
 922 16253 9795 0.3760365479115479
 923 16220 9828 0.3773034398034398
 924 16192 9848 0.3781874039938556
 925 16163 9877 0.3793010752688172
 926 16135 9911 0.3805190816248176
 927 16104 9935 0.3815430700103691
 928 16075 9966 0.38270419722744903
 929 16054 9993 0.3836526279417975
 930 16027 10015 0.38457107749020814
 931 15999 10038 0.3855282866689711
 932 15976 10059 0.3863645093143845
 933 15956 10081 0.387179782617045
 934 15934 10111 0.388212708773277
 935 15922 10132 0.388884624241959
 936 15895 10151 0.38973354833755663
 937 15864 10174 0.39073661571549273
 938 15844 10198 0.39159818754319947
 939 15818 10223 0.3925732498751968
 940 15787 10252 0.39371711663274317
 941 15756 10280 0.3948379167306806
 942 15729 10308 0.3958981449475746
 943 15693 10331 0.3969797110359668
 944 15659 10349 0.3979160258382036
 945 15636 10380 0.39898523985239853
 946 15604 10406 0.40007689350249903
 947 15576 10448 0.4014755610205964
 948 15554 10477 0.40248165648649686
 949 15524 10507 0.4036341285390496
 950 15500 10540 0.40476190476190477
 951 15473 10567 0.40579877112135176
 952 15452 10597 0.4068102422357864
 953 15421 10616 0.4077274647616853
 954 15400 10651 0.40885186749069136
 955 15368 10675 0.4098990131705257
 956 15335 10695 0.41087207068766807
 957 15307 10726 0.4120155187646449
 958 15283 10754 0.4130276145485271
 959 15254 10779 0.4140513963046902
 960 15223 10818 0.4154218347989709
 961 15195 10855 0.4166986564299424
 962 15164 10881 0.4177769245536571
 963 15130 10912 0.4190154366024115
 964 15105 10938 0.4199976961179588
 965 15077 10962 0.4209839087522562
 966 15044 10989 0.4221180808973226
 967 15017 11020 0.42324384529707726
 968 14984 11048 0.42440073755377994
 969 14960 11084 0.4255874673629243
 970 14921 11103 0.426644635720873
 971 14895 11133 0.42773167358229597
 972 14869 11168 0.4289280639090525
 973 14840 11195 0.4299980795083541
 974 14810 11222 0.4310848186846958
 975 14784 11243 0.43197448803165944
 976 14742 11264 0.4331308159655464
 977 14711 11284 0.43408347759184457
 978 14688 11303 0.4348813050671386
 979 14659 11331 0.43597537514428625
 980 14641 11370 0.4371227557571797
 981 14608 11394 0.43819706176447965
 982 14572 11421 0.4393875274112261
 983 14547 11452 0.4404784799415362
 984 14514 11476 0.4415544440169296
 985 14479 11513 0.4429439827639274
 986 14445 11548 0.4442734582387566
 987 14428 11573 0.4450982654513288
 988 14405 11591 0.44587628865979384
 989 14387 11619 0.44678151195877874
 990 14362 11641 0.44767911394839055
 991 14335 11667 0.44869625413429737
 992 14298 11685 0.44971712273409536
 993 14274 11712 0.4507042253521127
 994 14250 11734 0.45158559113300495
 995 14214 11752 0.4525918508819225
 996 14193 11780 0.45354791514264814
 997 14168 11820 0.45482530398645526
 998 14146 11848 0.4557974917288605
 999 14124 11878 0.4568110145373433
 1000 14097 11906 0.45787024574087604
 1001 14070 11940 0.4590542099192618
 1002 14037 11971 0.46028145186096586
 1003 14000 11995 0.46143489132525484
 1004 13979 12028 0.462490867843273
 1005 13946 12054 0.4636153846153846
 1006 13928 12076 0.4643900938317182
 1007 13904 12110 0.46551856692550164
 1008 13881 12135 0.4664437269372694
 1009 13848 12169 0.4677326363531537
 1010 13819 12200 0.46888812021983933
 1011 13781 12226 0.47010420271465375
 1012 13745 12254 0.4713258202238548
 1013 13710 12281 0.472509714901312
 1014 13685 12318 0.4737145713956082
 1015 13653 12338 0.47470278173213803
 1016 13604 12365 0.47614463398667645
 1017 13587 12393 0.47702078521939956
 1018 13553 12417 0.47812860993453987
 1019 13523 12434 0.4790229995762222
 1020 13489 12464 0.4802527646129542
 1021 13463 12489 0.4812345869297164
 1022 13439 12522 0.48233889295481686
 1023 13412 12552 0.4834386073024187
 1024 13389 12582 0.4844634399907589
 1025 13355 12611 0.4856735731340984
 1026 13319 12645 0.4870204899091049
 1027 13277 12674 0.4883819505992062
 1028 13249 12707 0.4895592541223609
 1029 13216 12733 0.49069328297814946
 1030 13172 12766 0.49217364484540055
 1031 13142 12795 0.49331071442341057
 1032 13118 12812 0.49409949865021213
 1033 13082 12840 0.49533215029704497
 1034 13058 12857 0.4961219371020644
 1035 13017 12889 0.4975295298386474
 1036 12993 12925 0.49868817038351726
 1037 12968 12958 0.4998071434081617
 1038 12936 12979 0.5008296353463245
 1039 12903 12990 0.5016799907310856
 1040 12878 13015 0.5026455026455027
 1041 12837 13033 0.5037881716273676
 1042 12808 13058 0.504832598778319
 1043 12781 13091 0.5059910327767471
 1044 12747 13121 0.5072290088139787
 1045 12710 13144 0.5083932853717026
 1046 12684 13174 0.5094748240389821
 1047 12644 13205 0.5108514836163874
 1048 12609 13236 0.5121300058038305
 1049 12570 13267 0.5134884080969153
 1050 12532 13296 0.5147901502245625
 1051 12506 13323 0.5158155561578072
 1052 12470 13352 0.5170784602277128
 1053 12440 13376 0.5181282925317633
 1054 12413 13408 0.5192672630804384
 1055 12382 13442 0.5205235439900867
 1056 12355 13465 0.5214949651432997
 1057 12324 13495 0.5226770982609706
 1058 12299 13521 0.5236638264910922
 1059 12270 13557 0.5249157858055523
 1060 12235 13603 0.5264726372010218
 1061 12212 13627 0.5273810905994814
 1062 12191 13659 0.528394584139265
 1063 12159 13692 0.529650690495532
 1064 12120 13726 0.5310686373133173
 1065 12092 13755 0.5321700777653112
 1066 12069 13786 0.5332044092051827
 1067 12036 13816 0.5344267368095311
 1068 12010 13843 0.5354504312845705
 1069 11974 13864 0.5365740382382538
 1070 11946 13897 0.537747165576752
 1071 11920 13919 0.5386818375324123
 1072 11891 13946 0.5397685489801447
 1073 11861 13983 0.541054016406129
 1074 11838 14013 0.5420680051061855
 1075 11803 14045 0.5433689260290931
 1076 11769 14078 0.5446666924594731
 1077 11742 14110 0.5457991644747021
 1078 11713 14148 0.5470786125826534
 1079 11689 14173 0.5480241280643415
 1080 11660 14199 0.5490931590548745
 1081 11615 14232 0.5506248307347081
 1082 11586 14270 0.5519028465346535
 1083 11555 14298 0.5530499361776197
 1084 11525 14325 0.5541586073500967
 1085 11494 14357 0.5553750338478202
 1086 11456 14390 0.5567592664242049
 1087 11414 14426 0.55828173374613
 1088 11393 14457 0.5592649903288202
 1089 11371 14478 0.560099036713219
 1090 11341 14512 0.5613275055119329
 1091 11307 14549 0.5626933787128713
 1092 11277 14593 0.564089679165056
 1093 11252 14618 0.56505604947816
 1094 11225 14646 0.5661165011016196
 1095 11180 14681 0.5676887978036426
 1096 11148 14716 0.568976183111661
 1097 11126 14743 0.5699099308052109
 1098 11111 14763 0.5705727757594496
 1099 11078 14796 0.5718481873695602
 1100 11037 14830 0.5733173541578073
 1101 11017 14862 0.5742880327678813
 1102 10992 14895 0.5753853285432843
 1103 10956 14929 0.5767432876183117
 1104 10918 14961 0.5781135283434445
 1105 10883 14992 0.5794009661835748
 1106 10852 15025 0.5806314487769061
 1107 10819 15050 0.5817774169855812
 1108 10787 15085 0.5830627705627706
 1109 10763 15108 0.5839743341965907
 1110 10730 15142 0.5852659245516388
 1111 10683 15183 0.5869867780097425
 1112 10655 15211 0.588069280136086
 1113 10630 15247 0.5892104958070874
 1114 10595 15279 0.5905155754811781
 1115 10567 15317 0.5917555246484315
 1116 10536 15342 0.5928587989798284
 1117 10505 15369 0.5939939707814795
 1118 10454 15403 0.5956994237537224
 1119 10415 15434 0.5970830593059693
 1120 10390 15470 0.5982211910286156
 1121 10362 15498 0.5993039443155452
 1122 10331 15522 0.6003945383514486
 1123 10289 15558 0.6019267226370565
 1124 10255 15592 0.6032421557627577
 1125 10217 15626 0.6046511627906976
 1126 10193 15652 0.6056103695105436
 1127 10162 15681 0.6067793986766242
 1128 10137 15699 0.6076405016256387
 1129 10100 15731 0.6089969416592467
 1130 10068 15760 0.6101904909400651
 1131 10034 15786 0.6113865220759102
 1132 9999 15810 0.612577008020458
 1133 9967 15842 0.6138168855825488
 1134 9945 15877 0.6148632948648439
 1135 9907 15905 0.6161862699519604
 1136 9880 15941 0.6173657100809419
 1137 9850 15979 0.6186457083123621
 1138 9815 16008 0.6199124811214809
 1139 9780 16040 0.6212238574748257
 1140 9747 16067 0.6224141938482993
 1141 9715 16097 0.6236246706958004
 1142 9670 16127 0.6251502112648758
 1143 9647 16161 0.6262011779293243
 1144 9604 16192 0.6276942161575438
 1145 9578 16215 0.6286589384716783
 1146 9536 16240 0.6300434512725015
 1147 9501 16280 0.6314727900391761
 1148 9470 16318 0.6327749340778657
 1149 9433 16346 0.6340820047325343
 1150 9404 16382 0.6353059799891414
 1151 9378 16403 0.6362437453938947
 1152 9348 16441 0.6375198728139905
 1153 9318 16470 0.6386691484411354
 1154 9280 16497 0.6399891376032898
 1155 9245 16519 0.6411659680173886
 1156 9204 16551 0.6426324985439721
 1157 9176 16572 0.6436228056548081
 1158 9144 16600 0.6448104412678682
 1159 9116 16640 0.6460630532691412
 1160 9076 16681 0.6476297705478122
 1161 9044 16699 0.6486811948879307
 1162 9017 16723 0.6496891996891997
 1163 8991 16748 0.6506857298263335
 1164 8948 16776 0.6521536308505675
 1165 8918 16796 0.6531850353892821
 1166 8895 16819 0.6540794897721086
 1167 8870 16863 0.6553064158862162
 1168 8840 16889 0.6564188270045473
 1169 8803 16907 0.6576040451186309
 1170 8772 16947 0.6589291963140091
 1171 8736 16974 0.6602100350058343
 1172 8709 16999 0.6612338571650848
 1173 8683 17028 0.6622846252576718
 1174 8658 17059 0.6633355368044485
 1175 8622 17092 0.6646962744030489
 1176 8596 17119 0.6657203966556484
 1177 8560 17148 0.6670297183756029
 1178 8526 17169 0.6681844716870986
 1179 8492 17192 0.669366142345429
 1180 8459 17228 0.6706894538093199
 1181 8435 17261 0.671738792029888
 1182 8411 17289 0.6727237354085603
 1183 8386 17319 0.6737599688776502
 1184 8355 17354 0.6750165311758528
 1185 8322 17381 0.6762245652258492
 1186 8295 17413 0.6773377936829003
 1187 8267 17441 0.678426948809709
 1188 8237 17466 0.6795315721900167
 1189 8202 17497 0.6808436125919296
 1190 8169 17526 0.6820782253356684
 1191 8133 17549 0.683319056148275
 1192 8099 17585 0.6846674972745678
 1193 8068 17611 0.6858133104871685
 1194 8041 17641 0.6869013316719882
 1195 8013 17675 0.688064465898474
 1196 7981 17714 0.6893948238956995
 1197 7950 17743 0.6905772000155684
 1198 7927 17785 0.6917003733665215
 1199 7896 17824 0.6930015552099533
 1200 7862 17857 0.6943115984291769
 1201 7830 17886 0.6955202986467569
 1202 7798 17918 0.6967646601337688
 1203 7768 17957 0.6980369290573373
 1204 7747 17994 0.6990404413192961
 1205 7699 18033 0.7008005596144878
 1206 7668 18059 0.7019473704668248
 1207 7638 18083 0.7030442051242176
 1208 7615 18113 0.7040189676616916
 1209 7588 18154 0.7052288089503536
 1210 7563 18190 0.7063254766434979
 1211 7537 18208 0.7072441250728296
 1212 7511 18227 0.7081746833475795
 1213 7481 18263 0.7094080174021131
 1214 7456 18297 0.7104803323884596
 1215 7435 18337 0.7115086139996896
 1216 7404 18366 0.7126891734575087
 1217 7382 18401 0.7136873133460032
 1218 7362 18429 0.7145515877631732
 1219 7334 18452 0.7155820988133096
 1220 7307 18489 0.7167390293068693
 1221 7274 18511 0.7178980027147567
 1222 7252 18539 0.7188166414640766
 1223 7224 18574 0.7199782928909217
 1224 7203 18608 0.7209329355701057
 1225 7166 18634 0.7222480620155038
 1226 7146 18658 0.7230661912881724
 1227 7117 18704 0.7243716354904922
 1228 7095 18737 0.7253406627438835
 1229 7065 18759 0.7264172862453532
 1230 7033 18783 0.7275720483421134
 1231 7010 18815 0.7285575992255566
 1232 6972 18834 0.7298302720297605
 1233 6939 18871 0.7311507167764433
 1234 6908 18898 0.73231031543052
 1235 6889 18928 0.7331603207189061
 1236 6856 18952 0.7343459392436453
 1237 6832 18978 0.7352963967454476
 1238 6814 19003 0.7360653832745865
 1239 6788 19035 0.7371335631026604
 1240 6755 19057 0.7383000154966682
 1241 6727 19085 0.7393847822718116
 1242 6701 19107 0.7403518288902666
 1243 6675 19133 0.7413592684438933
 1244 6655 19169 0.742293990086741
 1245 6618 19196 0.7436274889594794
 1246 6587 19215 0.7447097124253934
 1247 6552 19243 0.7459972862957938
 1248 6521 19282 0.747277448358718
 1249 6494 19311 0.7483433443131177
 1250 6475 19342 0.7491962660262618
 1251 6446 19368 0.750290540017045
 1252 6418 19395 0.7513655909812885
 1253 6397 19421 0.7522271283600589
 1254 6377 19449 0.7530782931929064
 1255 6352 19480 0.7541034375967792
 1256 6328 19506 0.755051482542386
 1257 6295 19541 0.7563477318470352
 1258 6276 19566 0.7571395402832598
 1259 6258 19591 0.7579016596386707
 1260 6239 19627 0.7587953297765406
 1261 6211 19651 0.7598406929085144
 1262 6187 19685 0.760861162646877
 1263 6161 19707 0.7618292871501469
 1264 6128 19732 0.7630317092034029
 1265 6094 19762 0.7643100247524752
 1266 6077 19782 0.7649947793804864
 1267 6050 19817 0.7661112614528164
 1268 6017 19837 0.7672700549238028
 1269 5994 19860 0.7681596658157345
 1270 5968 19879 0.7691027972298526
 1271 5939 19907 0.770215894142227
 1272 5900 19935 0.7716276369266499
 1273 5875 19958 0.7725777106801378
 1274 5846 19981 0.7736477329926046
 1275 5823 20005 0.7745470032522843
 1276 5793 20031 0.7756737918215614
 1277 5778 20061 0.7763845350052246
 1278 5750 20092 0.7774940020122282
 1279 5724 20113 0.7784572512288579
 1280 5689 20139 0.7797351711321047
 1281 5664 20164 0.7807031129007279
 1282 5634 20198 0.781898420563642
 1283 5601 20228 0.7831507220566031
 1284 5580 20256 0.7840222944728286
 1285 5552 20278 0.7850561362756485
 1286 5533 20297 0.7857917150600078
 1287 5502 20330 0.7870083617218954
 1288 5485 20353 0.7877157674742628
 1289 5458 20372 0.7886953155245838
 1290 5434 20397 0.7896326119778561
 1291 5415 20419 0.7903925059998451
 1292 5392 20447 0.7913231936220442
 1293 5369 20464 0.7921650601943251
 1294 5347 20499 0.793120792385669
 1295 5327 20516 0.7938706806485315
 1296 5299 20548 0.7949858784385035
 1297 5282 20582 0.7957779152489948
 1298 5260 20601 0.7966049263369552
 1299 5228 20628 0.7978032178217822
 1300 5201 20656 0.7988552422941563
 1301 5169 20687 0.8000850866336634
 1302 5144 20706 0.8010058027079303
 1303 5126 20734 0.8017788089713844
 1304 5098 20756 0.8028158118666358
 1305 5072 20786 0.8038518060174801
 1306 5054 20812 0.804608366195005
 1307 5033 20846 0.805517987557479
 1308 5017 20868 0.8061811860150666
 1309 4997 20884 0.8069239982999111
 1310 4978 20922 0.8077992277992277
 1311 4960 20944 0.8085237801111798
 1312 4939 20968 0.8093565445632455
 1313 4920 20998 0.8101705378501428
 1314 4894 21010 0.8110716491661519
 1315 4876 21036 0.8118246372337141
 1316 4855 21055 0.8126206098031648
 1317 4836 21078 0.8133827274832137
 1318 4810 21104 0.8143860461526587
 1319 4790 21143 0.815293255697374
 1320 4764 21171 0.81631000578369
 1321 4732 21190 0.8174523570712137
 1322 4718 21217 0.8180836707152497
 1323 4701 21240 0.8187810801434023
 1324 4682 21269 0.8195830603830295
 1325 4660 21295 0.8204584858408784
 1326 4639 21316 0.8212675785012522
 1327 4622 21341 0.8219774294187883
 1328 4598 21353 0.8228199298678278
 1329 4581 21366 0.8234477974332293
 1330 4559 21394 0.8243363002350402
 1331 4533 21428 0.8253919340549285
 1332 4510 21455 0.8263046408626998
 1333 4488 21481 0.8271785590511764
 1334 4466 21496 0.8279793544411063
 1335 4443 21529 0.8289311566302171
 1336 4422 21556 0.8297790438062976
 1337 4402 21582 0.8305880541871922
 1338 4368 21596 0.8317670620859652
 1339 4339 21621 0.8328582434514638
 1340 4320 21639 0.8335837281867561
 1341 4303 21666 0.8343024375216604
 1342 4274 21684 0.8353494105863317
 1343 4253 21697 0.8361078998073218
 1344 4234 21725 0.8368966447089642
 1345 4208 21746 0.8378669954534946
 1346 4175 21783 0.8391632637337237
 1347 4156 21800 0.8398828787178302
 1348 4133 21827 0.8407935285053929
 1349 4114 21847 0.8415315280613228
 1350 4093 21865 0.8423222128053008
 1351 4071 21885 0.8431576514100786
 1352 4053 21900 0.8438330828805919
 1353 4037 21921 0.844479543878573
 1354 4021 21943 0.8451317208442459
 1355 4002 21959 0.8458456916143446
 1356 3991 21976 0.8463049254823429
 1357 3958 21999 0.8475170474245868
 1358 3935 22023 0.8484089683334618
 1359 3907 22043 0.8494412331406551
 1360 3879 22068 0.8505029483177245
 1361 3853 22090 0.851482095362911
 1362 3833 22113 0.8522700994372928
 1363 3816 22149 0.8530329289428076
 1364 3804 22177 0.8535853123436358
 1365 3786 22192 0.8542612980214027
 1366 3769 22213 0.8549380340235547
 1367 3758 22242 0.8554615384615385
 1368 3732 22266 0.8564504961920147
 1369 3715 22267 0.8570163959664383
 1370 3694 22295 0.857862942013929
 1371 3672 22316 0.8587040172387256
 1372 3650 22334 0.8595289408866995
 1373 3629 22357 0.8603478796274917
 1374 3620 22379 0.8607638755336744
 1375 3604 22400 0.8614059375480695
 1376 3594 22428 0.8618860963799861
 1377 3574 22452 0.8626757857527089
 1378 3549 22454 0.863515748182902
 1379 3529 22474 0.8642848902049763
 1380 3508 22494 0.8650873009768479
 1381 3491 22516 0.8657669089091399
 1382 3473 22543 0.8665052275522755
 1383 3458 22564 0.8671124433171932
 1384 3443 22578 0.8676837938588063
 1385 3417 22594 0.8686325016339241
 1386 3391 22613 0.8695969850792186
 1387 3368 22629 0.8704465899911529
 1388 3356 22646 0.8709330051534497
 1389 3337 22667 0.8716735886786648
 1390 3321 22687 0.8723085204552445
 1391 3301 22707 0.873077514610889
 1392 3282 22731 0.8738323146119248
 1393 3268 22762 0.8744525547445255
 1394 3249 22792 0.8752352060212741
 1395 3238 22805 0.8756671658411089
 1396 3211 22832 0.8767039127596667
 1397 3194 22861 0.8774131644597966
 1398 3176 22881 0.878113366849599
 1399 3163 22901 0.8786448741559238
 1400 3147 22912 0.8792355807974213
 1401 3137 22935 0.8796793494937097
 1402 3123 22949 0.8802163240257748
 1403 3105 22970 0.8809204218600192
 1404 3084 22968 0.8816213726393367
 1405 3071 22980 0.8821158496794749
 1406 3050 22984 0.882845509718061
 1407 3032 23008 0.8835637480798771
 1408 3015 23039 0.8842788055576879
 1409 2998 23055 0.8849268798219015
 1410 2988 23077 0.8853635142911951
 1411 2966 23082 0.8861332923832924
 1412 2950 23102 0.8867649316751113
 1413 2935 23130 0.8873968923844235
 1414 2924 23155 0.8878791364699566
 1415 2908 23170 0.8884883810108137
 1416 2888 23197 0.8892850297105617
 1417 2875 23209 0.8897791749731636
 1418 2858 23223 0.8904183121812814
 1419 2852 23239 0.8906902763405006
 1420 2835 23255 0.891337677270985
 1421 2821 23269 0.8918742813338444
 1422 2811 23292 0.8923112285944145
 1423 2804 23304 0.8925999693580512
 1424 2794 23327 0.8930362543547338
 1425 2783 23342 0.8934736842105263
 1426 2770 23363 0.8940037500478323
 1427 2754 23380 0.8946200352031836
 1428 2742 23398 0.8951032899770467
 1429 2725 23411 0.8957376798285889
 1430 2713 23427 0.8962127008416221
 1431 2705 23444 0.8965543615434625
 1432 2692 23454 0.8970397001453377
 1433 2673 23474 0.8977702986958351
 1434 2657 23483 0.8983550114766641
 1435 2639 23491 0.8990049751243782
 1436 2624 23503 0.8995674972250928
 1437 2611 23520 0.9000803643182427
