 "time" "normal population" "cancer population" "cancer proportion"patch_inflammation:0.1
 1 10399 0 0
 2 10399 0 0
 3 10573 7 6.616257088846881E-4
 4 10573 7 6.616257088846881E-4
 5 10743 10 9.299730307821073E-4
 6 10748 10 9.295408068414204E-4
 7 10909 16 0.0014645308924485126
 8 10919 16 0.0014631915866483768
 9 11063 17 0.0015342960288808663
 10 11072 17 0.0015330507710343583
 11 11228 18 0.0016005690912324383
 12 11240 19 0.0016875388578026468
 13 11357 22 0.0019333860620441164
 14 11369 22 0.0019313493108594506
 15 11492 23 0.001997394702561876
 16 11509 23 0.0019944502254595907
 17 11597 24 0.0020652267446863437
 18 11615 25 0.002147766323024055
 19 11726 26 0.0022123893805309734
 20 11749 26 0.002208067940552017
 21 11842 27 0.002274833600134805
 22 11861 27 0.0022711978465679676
 23 11933 29 0.002424343755224879
 24 11958 30 0.0025025025025025025
 25 12019 32 0.0026553812961579953
 26 12044 32 0.002649884067572044
 27 12127 35 0.00287781614865976
 28 12154 35 0.0028714414636147345
 29 12214 35 0.002857376112335701
 30 12243 35 0.0028506271379703536
 31 12295 36 0.0029194712513178167
 32 12323 36 0.0029128570272675784
 33 12387 37 0.0029781068898905344
 34 12405 37 0.002973798424690564
 35 12450 37 0.002963081604869064
 36 12471 38 0.0030378127748021426
 37 12522 38 0.0030254777070063696
 38 12542 38 0.0030206677265500795
 39 12593 38 0.0030084712215976564
 40 12613 38 0.0030037151213342817
 41 12652 38 0.0029944838455476753
 42 12672 38 0.002989771833202203
 43 12712 39 0.0030585836404987844
 44 12729 39 0.0030545112781954886
 45 12798 39 0.0030380930123860717
 46 12817 39 0.0030336029869321717
 47 12847 39 0.0030265404314760206
 48 12868 39 0.003021616177268149
 49 12902 39 0.0030136774592380805
 50 12932 39 0.003006707270063989
 51 12974 39 0.002997002997002997
 52 12998 40 0.003067955207853965
 53 13034 40 0.0030595074193054917
 54 13050 40 0.0030557677616501145
 55 13086 40 0.0030473868657626088
 56 13111 41 0.003117396593673966
 57 13145 43 0.0032605398847437065
 58 13159 43 0.0032570822602635964
 59 13189 45 0.003400332476953302
 60 13210 45 0.0033949453036589967
 61 13257 45 0.0033829499323410014
 62 13279 45 0.003377364154908436
 63 13316 48 0.0035917390002993114
 64 13336 48 0.0035863717872086074
 65 13382 49 0.003648276375549103
 66 13392 51 0.0037937960276723946
 67 13426 52 0.0038581391897907704
 68 13451 53 0.003924763033175355
 69 13478 54 0.003990540939994088
 70 13488 55 0.004061138595584435
 71 13509 55 0.004054851076378649
 72 13522 55 0.004050968549753259
 73 13552 59 0.004334729263096026
 74 13572 61 0.0044744370278001905
 75 13608 61 0.004462652717828664
 76 13624 61 0.004457435147972233
 77 13652 61 0.0044483336979508495
 78 13669 63 0.004587824060588407
 79 13704 64 0.004648460197559558
 80 13724 65 0.004713902385959823
 81 13750 65 0.004705030763662686
 82 13762 65 0.004700947421711145
 83 13799 65 0.004688401615695326
 84 13811 65 0.004684347074084751
 85 13824 65 0.004679962560299518
 86 13843 66 0.004745129053131066
 87 13870 67 0.004807347348783813
 88 13896 67 0.004798395760223448
 89 13920 67 0.004790162293558304
 90 13941 67 0.004782981153626499
 91 13969 68 0.00484433995868063
 92 13980 68 0.004840546697038725
 93 14002 69 0.004903702650842157
 94 14025 70 0.004966300106420717
 95 14060 70 0.004953998584571833
 96 14077 71 0.005018377155781736
 97 14112 71 0.005005993090319396
 98 14125 72 0.005071493977600902
 99 14147 75 0.005273519898748418
 100 14161 76 0.005338203273161481
 101 14199 77 0.005393667694031942
 102 14219 78 0.005455690004896132
 103 14240 80 0.00558659217877095
 104 14256 81 0.005649717514124294
 105 14273 83 0.005781554750626915
 106 14282 84 0.005847139078379507
 107 14313 85 0.00590359772190582
 108 14323 85 0.0058995002776235424
 109 14352 87 0.0060253480157905675
 110 14367 88 0.006087858872362504
 111 14393 89 0.006145560005524099
 112 14410 90 0.006206896551724138
 113 14434 91 0.006265060240963855
 114 14447 91 0.006259457972210758
 115 14469 92 0.006318247373119978
 116 14493 93 0.006375976964212258
 117 14510 93 0.006368554406628775
 118 14519 93 0.006364631809471667
 119 14544 94 0.006421642300860773
 120 14559 96 0.0065506653019447286
 121 14582 97 0.00660807956945296
 122 14594 97 0.006602681914097066
 123 14615 97 0.006593257205002719
 124 14632 97 0.006585647362346392
 125 14663 97 0.006571815718157181
 126 14677 97 0.006565588195478544
 127 14699 97 0.006555825898891593
 128 14710 97 0.006550955629094348
 129 14732 99 0.0066752073359854355
 130 14738 100 0.0067394527564361775
 131 14768 100 0.006725854183481302
 132 14781 103 0.006920182746573501
 133 14800 103 0.0069113601288331205
 134 14810 103 0.00690672567558506
 135 14828 104 0.006964907581034021
 136 14845 105 0.0070234113712374585
 137 14860 107 0.007149061268123204
 138 14871 107 0.007143810922686607
 139 14885 109 0.007269574496465253
 140 14897 110 0.007329912707403212
 141 14933 111 0.007378356819994682
 142 14953 111 0.007368560807222518
 143 14977 112 0.0074226257538604285
 144 14988 114 0.007548669050456893
 145 15006 115 0.007605317108656835
 146 15022 116 0.007662835249042145
 147 15038 116 0.007654744621882011
 148 15049 116 0.007649192218925157
 149 15072 117 0.007702942919217855
 150 15082 117 0.00769787486018817
 151 15099 117 0.007689274447949527
 152 15120 117 0.00767867690490254
 153 15136 117 0.00767062217268734
 154 15152 117 0.00766258432117362
 155 15172 117 0.007652560664530054
 156 15186 118 0.0077104025091479355
 157 15206 118 0.007700339336987732
 158 15220 118 0.007693310731516495
 159 15232 119 0.007751937984496124
 160 15244 119 0.007745882965566621
 161 15256 120 0.007804370447450572
 162 15270 121 0.00786173737898772
 163 15285 122 0.007918478613617186
 164 15294 122 0.007913855734302025
 165 15316 123 0.007966837230390569
 166 15326 124 0.00802588996763754
 167 15349 125 0.008078066434018353
 168 15361 125 0.008071806793232597
 169 15380 125 0.008061915511125443
 170 15390 125 0.008056719303899453
 171 15404 125 0.008049455856784082
 172 15418 125 0.008042205494434794
 173 15433 125 0.008034451729014012
 174 15443 126 0.008093005331106686
 175 15461 126 0.008083659459806249
 176 15478 128 0.008201973599897475
 177 15494 130 0.008320532514080901
 178 15510 131 0.008375423566268142
 179 15527 131 0.008366330310384468
 180 15533 132 0.008426428343440791
 181 15543 134 0.008547553741149455
 182 15548 134 0.008544828465756918
 183 15561 134 0.008537750876075183
 184 15566 134 0.008535031847133757
 185 15572 134 0.008531771297593277
 186 15579 135 0.00859106529209622
 187 15593 135 0.008583418107833163
 188 15598 136 0.00864370153807042
 189 15610 137 0.008700069854575474
 190 15622 137 0.008693445015546671
 191 15641 141 0.00893422886833101
 192 15653 143 0.009052924791086351
 193 15666 143 0.009045480422544121
 194 15674 143 0.009040905354997786
 195 15693 145 0.009155196363177168
 196 15705 145 0.00914826498422713
 197 15719 146 0.009202647336905137
 198 15724 146 0.009199747952110902
 199 15739 148 0.009315792786555045
 200 15748 150 0.00943514907535539
 201 15769 150 0.009422702431057228
 202 15780 150 0.009416195856873822
 203 15798 151 0.009467678224340083
 204 15811 152 0.009522019670488003
 205 15825 152 0.009513675909119359
 206 15833 153 0.0095708745152008
 207 15854 153 0.00955831823577185
 208 15861 154 0.009615985014049328
 209 15876 154 0.00960698689956332
 210 15885 154 0.009601596109483135
 211 15900 154 0.009592624890992899
 212 15908 154 0.009587847092516498
 213 15918 155 0.009643501524295403
 214 15921 155 0.009641701915899477
 215 15939 155 0.009630918354666335
 216 15947 155 0.009626133399577692
 217 15965 155 0.009615384615384616
 218 15971 156 0.009673218825572021
 219 15980 157 0.009729193778273533
 220 15986 157 0.009725577649755311
 221 15991 157 0.009722566262075799
 222 15999 158 0.009779043139196633
 223 16007 159 0.009835457132252876
 224 16009 159 0.00983424047501237
 225 16019 159 0.009828161701075535
 226 16024 162 0.010008649450142099
 227 16041 164 0.010120333230484418
 228 16045 165 0.010178901912399754
 229 16061 165 0.010168864784913103
 230 16062 167 0.010290221208946947
 231 16075 170 0.010464758387196061
 232 16085 170 0.010458320516764073
 233 16094 173 0.010635027970738304
 234 16095 173 0.010634374231620359
 235 16096 173 0.010633720572868646
 236 16106 173 0.01062718840223601
 237 16113 173 0.01062262065577797
 238 16117 175 0.010741468205254113
 239 16127 175 0.010734879155931788
 240 16135 176 0.010790264238857213
 241 16138 178 0.010909536651139985
 242 16140 179 0.010968809363318831
 243 16156 180 0.011018609206660137
 244 16160 181 0.011076433510801053
 245 16168 182 0.011131498470948012
 246 16172 182 0.011128775834658187
 247 16181 183 0.011183084820337325
 248 16187 183 0.01117898594990837
 249 16196 183 0.01117284327492521
 250 16197 183 0.011172161172161172
 251 16206 183 0.011166025993044115
 252 16212 184 0.01122224932910466
 253 16222 184 0.011215408996708521
 254 16223 185 0.011274987810823988
 255 16233 187 0.011388550548112058
 256 16237 188 0.011445966514459666
 257 16237 189 0.011506148788506027
 258 16238 192 0.011685940353012781
 259 16251 195 0.011856986501276907
 260 16250 197 0.011977868304250015
 261 16261 197 0.011969862680763155
 262 16258 198 0.012032085561497326
 263 16263 199 0.01208844611833313
 264 16260 199 0.012090649492678778
 265 16268 201 0.012204748315016091
 266 16261 201 0.012209938039120398
 267 16265 201 0.012206971942183894
 268 16263 203 0.012328434349568809
 269 16265 204 0.012386908737628271
 270 16271 204 0.012382397572078907
 271 16279 205 0.012436301868478524
 272 16285 205 0.012431776834445117
 273 16288 208 0.012609117361784675
 274 16292 210 0.012725730214519452
 275 16299 211 0.012780133252574197
 276 16302 213 0.012897366030881017
 277 16300 213 0.012898928117240962
 278 16296 213 0.012902053425404325
 279 16303 214 0.01295634800508567
 280 16304 216 0.013075060532687652
 281 16309 216 0.013071104387291982
 282 16308 216 0.013071895424836602
 283 16307 218 0.01319213313161876
 284 16306 218 0.01319293149358509
 285 16312 218 0.013188142770719903
 286 16317 218 0.01318415482310251
 287 16319 219 0.01324223001572137
 288 16324 220 0.013297872340425532
 289 16322 221 0.013359124705313426
 290 16317 221 0.013363163623170879
 291 16322 221 0.013359124705313426
 292 16317 221 0.013363163623170879
 293 16322 222 0.013418762088974854
 294 16323 222 0.013417951042611061
 295 16327 224 0.013533925442571445
 296 16325 225 0.013595166163141994
 297 16329 226 0.013651464814255512
 298 16327 228 0.013772274237390516
 299 16339 229 0.013821825205214872
 300 16337 231 0.013942539835828103
 301 16343 231 0.013937492458066851
 302 16341 231 0.013939174511223751
 303 16342 231 0.01393833343389851
 304 16342 233 0.014057315233785821
 305 16343 233 0.014056467181467181
 306 16342 233 0.014057315233785821
 307 16346 233 0.014053923638337656
 308 16339 235 0.014178834318812597
 309 16337 236 0.014240028962770771
 310 16325 236 0.014250347201255963
 311 16323 236 0.014252068361616039
 312 16323 236 0.014252068361616039
 313 16328 237 0.014307274373679445
 314 16321 238 0.014372848601968718
 315 16320 239 0.014433238722145057
 316 16318 239 0.014434982182762578
 317 16319 241 0.014553140096618358
 318 16310 241 0.0145610537127666
 319 16311 241 0.014560173997100048
 320 16314 241 0.014557535487768046
 321 16313 241 0.014558414884620032
 322 16309 241 0.014561933534743202
 323 16312 241 0.01455929438772428
 324 16308 242 0.014622356495468279
 325 16310 242 0.014620589656839053
 326 16313 243 0.014677458323266489
 327 16322 244 0.014728962936134252
 328 16312 245 0.014797366672706409
 329 16312 247 0.01491635968355577
 330 16302 247 0.014925373134328358
 331 16299 249 0.01504713560551124
 332 16296 249 0.015049864007252946
 333 16296 249 0.015049864007252946
 334 16291 250 0.015113959252765855
 335 16286 250 0.015118529269472665
 336 16281 250 0.015123102050692639
 337 16280 250 0.015124016938898971
 338 16268 251 0.015194624371935347
 339 16269 251 0.015193704600484262
 340 16258 251 0.015203828214913078
 341 16263 251 0.015199224900084777
 342 16253 252 0.015268100575583157
 343 16247 253 0.015333333333333332
 344 16231 253 0.015348216452317398
 345 16231 255 0.015467669537789639
 346 16224 255 0.015474239941744038
 347 16224 255 0.015474239941744038
 348 16215 255 0.015482695810564663
 349 16210 255 0.01548739750986942
 350 16193 255 0.0155034046692607
 351 16186 255 0.015510005474119579
 352 16174 255 0.015521334226063667
 353 16166 257 0.015648785240211897
 354 16156 257 0.015658319624687746
 355 16156 259 0.01577825159914712
 356 16139 260 0.015854625282029394
 357 16135 260 0.015858493443122904
 358 16128 260 0.01586526726873322
 359 16122 261 0.01593114814136605
 360 16111 261 0.01594185194234058
 361 16109 261 0.01594379963347587
 362 16098 262 0.016014669926650366
 363 16097 263 0.016075794621026894
 364 16081 263 0.016091532060695055
 365 16080 267 0.016333272160029364
 366 16071 267 0.016342269555637164
 367 16066 268 0.01640749357169095
 368 16056 269 0.01647779479326187
 369 16059 269 0.016474767270945614
 370 16047 270 0.01654715940430226
 371 16045 273 0.01672999142051722
 372 16035 276 0.016921096192753355
 373 16029 277 0.016987611921991906
 374 16022 279 0.017115514385620513
 375 16020 280 0.01717791411042945
 376 16012 282 0.017306984165950657
 377 16013 283 0.017366224840451645
 378 16006 283 0.017373687764749218
 379 16006 283 0.017373687764749218
 380 15998 284 0.017442574622282273
 381 15995 285 0.017506142506142505
 382 15989 285 0.0175125967801401
 383 15987 285 0.017514749262536874
 384 15976 285 0.017526597380234918
 385 15976 285 0.017526597380234918
 386 15969 286 0.017594586281144263
 387 15978 286 0.017584849975405804
 388 15971 286 0.017592421726025712
 389 15967 286 0.017596751368978036
 390 15961 288 0.017724167641085604
 391 15964 290 0.01784176202780854
 392 15958 291 0.017908794387346914
 393 15955 293 0.018032988675529295
 394 15940 294 0.01811013921399532
 395 15940 296 0.01823109140182311
 396 15932 296 0.018240078876016762
 397 15929 296 0.018243451463790448
 398 15926 297 0.018307341428835604
 399 15920 298 0.018374645455666545
 400 15910 299 0.018446542044543154
 401 15911 299 0.018445404071560766
 402 15894 300 0.018525379770285292
 403 15887 300 0.018533390992771976
 404 15867 301 0.018617021276595744
 405 15858 302 0.018688118811881187
 406 15842 303 0.01876742025394859
 407 15838 304 0.018832858381860985
 408 15824 305 0.01891003782007564
 409 15822 307 0.019034038068076135
 410 15815 308 0.01910314457607145
 411 15824 309 0.019153288291080393
 412 15815 309 0.01916397916149839
 413 15801 312 0.01936324706758518
 414 15789 314 0.019499472148046947
 415 15791 315 0.019557928722215324
 416 15782 317 0.019690664016398535
 417 15773 319 0.019823514789957742
 418 15761 319 0.019838308457711444
 419 15752 321 0.019971380576121446
 420 15741 321 0.01998505790063504
 421 15737 321 0.019990036119068376
 422 15731 323 0.020119596362277316
 423 15727 325 0.020246698230750062
 424 15713 326 0.020325456699295467
 425 15709 329 0.02051377977303903
 426 15695 331 0.02065393735180332
 427 15692 331 0.020657804406166137
 428 15675 331 0.020679745095589154
 429 15671 332 0.020746110104355432
 430 15663 332 0.020756486402000625
 431 15650 333 0.020834636801601702
 432 15638 335 0.020972891754836288
 433 15635 338 0.021160708695924374
 434 15624 339 0.021236609659838375
 435 15623 340 0.021299254526091587
 436 15612 340 0.02131394182547643
 437 15603 341 0.02138735574510788
 438 15594 344 0.021583636591793198
 439 15586 344 0.02159447583176397
 440 15582 345 0.02166132981729139
 441 15577 346 0.021729573572819193
 442 15569 348 0.021863416472953447
 443 15567 350 0.021989068291763524
 444 15555 352 0.02212862261897278
 445 15546 354 0.022264150943396226
 446 15537 356 0.02239979865349525
 447 15534 357 0.022465546535774965
 448 15519 360 0.022671452862270923
 449 15520 361 0.02273156602229079
 450 15514 363 0.022863261321408326
 451 15511 365 0.022990677752582515
 452 15502 366 0.02306528863120746
 453 15500 369 0.023252882979393787
 454 15494 371 0.023384809328711
 455 15496 373 0.023504946751528137
 456 15488 374 0.023578363384188627
 457 15476 375 0.023657813387168002
 458 15466 377 0.023795998232657958
 459 15464 377 0.02379900258822044
 460 15461 377 0.02380351054426064
 461 15458 381 0.024054548898289032
 462 15450 383 0.02418998294700941
 463 15443 383 0.024200682421331984
 464 15434 385 0.024337821606928378
 465 15434 385 0.024337821606928378
 466 15424 387 0.024476630194168618
 467 15420 387 0.02448282406528753
 468 15410 388 0.024560070895050006
 469 15409 389 0.024623370046841373
 470 15399 390 0.024700741022230667
 471 15399 392 0.02482426698752454
 472 15387 393 0.024904942965779466
 473 15383 395 0.02503485866396248
 474 15377 397 0.025167997971345252
 475 15372 398 0.025237793278376663
 476 15362 398 0.025253807106598986
 477 15358 398 0.02526021832952526
 478 15346 399 0.025341378215306447
 479 15341 403 0.025597052845528455
 480 15338 403 0.02560193126230862
 481 15340 405 0.025722451571927596
 482 15335 408 0.02591628025154037
 483 15330 408 0.025924513915364086
 484 15323 407 0.025874125874125874
 485 15326 408 0.02593110461421126
 486 15322 408 0.025937698664971393
 487 15324 408 0.02593440122044241
 488 15317 409 0.02600788503115859
 489 15314 411 0.026136724960254373
 490 15302 411 0.0261566855469993
 491 15300 412 0.026221995926680244
 492 15292 412 0.026235354049923585
 493 15285 415 0.02643312101910828
 494 15274 416 0.026513702995538558
 495 15263 418 0.026656463235763025
 496 15248 420 0.026806229257084504
 497 15242 421 0.026878631168997
 498 15228 421 0.026902677487379387
 499 15221 423 0.027039120429557657
 500 15216 425 0.027172175692091297
 501 15208 425 0.027186080726667946
 502 15204 425 0.027193038582122978
 503 15198 426 0.027265745007680493
 504 15199 428 0.02738849427273309
 505 15191 431 0.02758929714505185
 506 15178 434 0.027799128875224188
 507 15180 437 0.027982326951399118
 508 15173 438 0.02805713919672026
 509 15169 439 0.028126601742696055
 510 15163 441 0.028261984106639323
 511 15163 443 0.02838651800589517
 512 15154 444 0.028465187844595462
 513 15150 445 0.028534786790638023
 514 15143 449 0.02879681888147768
 515 15149 449 0.02878574176176433
 516 15139 450 0.028866508435435242
 517 15138 453 0.02905522416778911
 518 15131 455 0.02919286539201848
 519 15134 455 0.02918724741805119
 520 15120 458 0.0294004365130312
 521 15118 460 0.029528822698677622
 522 15112 463 0.029727126805778492
 523 15116 464 0.029781771501925545
 524 15105 464 0.029802813282805575
 525 15102 466 0.029933196300102775
 526 15099 472 0.030312760901676193
 527 15093 474 0.030449026787434958
 528 15073 475 0.030550553125803962
 529 15071 476 0.03061683926159388
 530 15058 476 0.03064246169692288
 531 15053 476 0.03065232790263378
 532 15047 477 0.030726616851326976
 533 15043 478 0.030796984730365313
 534 15035 480 0.030937802126973897
 535 15027 481 0.03101624967758576
 536 15023 484 0.031211710840265687
 537 15018 485 0.031284267561117206
 538 15012 487 0.031421382024646755
 539 15010 491 0.0316753757822076
 540 15005 491 0.03168559628291172
 541 15006 493 0.03180850377443706
 542 15007 496 0.03199380765013223
 543 15002 498 0.032129032258064516
 544 14998 501 0.0323246661074908
 545 14996 502 0.03239127629371532
 546 14996 504 0.03251612903225806
 547 14996 504 0.03251612903225806
 548 14994 509 0.03283235502805908
 549 14993 515 0.03320866649471241
 550 14988 516 0.033281733746130034
 551 14994 518 0.033393501805054154
 552 14983 518 0.03341719889039417
 553 14981 520 0.033546222824333914
 554 14971 521 0.033630260779757296
 555 14971 521 0.033630260779757296
 556 14964 523 0.033770258926841865
 557 14958 527 0.0340329350984824
 558 14951 527 0.034048326657190854
 559 14953 530 0.03423109216560098
 560 14947 531 0.034306757979067064
 561 14943 533 0.03444042388214009
 562 14938 535 0.03457635881858721
 563 14937 538 0.03476575121163166
 564 14931 539 0.03484162895927602
 565 14929 544 0.035158017191236346
 566 14916 547 0.03537476556942379
 567 14916 547 0.03537476556942379
 568 14915 548 0.03543943607320701
 569 14914 549 0.035504106576990234
 570 14899 552 0.0357258429875089
 571 14897 552 0.03573046799145576
 572 14889 556 0.035998705082550986
 573 14895 558 0.0361094933022714
 574 14898 559 0.03616484440706476
 575 14894 560 0.036236573055519604
 576 14889 563 0.036435412891535075
 577 14892 566 0.03661534480527882
 578 14884 567 0.03669665393825643
 579 14888 569 0.03681180047874749
 580 14885 572 0.03700588730025231
 581 14881 575 0.03720238095238095
 582 14878 578 0.037396480331262937
 583 14880 581 0.0375784231291637
 584 14862 583 0.03774684363871803
 585 14857 583 0.03775906735751295
 586 14852 586 0.03795828475191087
 587 14850 588 0.038087835211815003
 588 14848 592 0.0383419689119171
 589 14843 593 0.03841668826120757
 590 14834 596 0.03862605314322748
 591 14840 599 0.038797849601658135
 592 14834 599 0.038812933324693835
 593 14828 600 0.0388903292714545
 594 14815 601 0.03898546964193046
 595 14812 602 0.03905540417801998
 596 14813 604 0.03917753129662061
 597 14810 605 0.039247486214725916
 598 14804 608 0.03944977939268103
 599 14793 609 0.03954031943903389
 600 14792 610 0.03960524607193871
 601 14793 614 0.03985201531771273
 602 14789 616 0.03998701720220708
 603 14785 618 0.04012205414529637
 604 14773 622 0.040402728158493016
 605 14767 624 0.04054317458254824
 606 14756 624 0.04057217165149545
 607 14759 624 0.04056425924722096
 608 14754 625 0.040639833539241825
 609 14747 628 0.04084552845528455
 610 14750 629 0.04089992847389297
 611 14747 631 0.041032644036935885
 612 14741 633 0.04117340965266034
 613 14743 635 0.04129275588503056
 614 14740 639 0.04155016581052084
 615 14732 642 0.041758813581371144
 616 14722 643 0.041848356654734783
 617 14726 650 0.042273673257023935
 618 14735 655 0.04256010396361273
 619 14737 657 0.042678965830843185
 620 14737 659 0.042803325539101066
 621 14732 662 0.04300376770170196
 622 14722 663 0.0430939226519337
 623 14723 666 0.04327766586522841
 624 14724 666 0.04327485380116959
 625 14724 667 0.04333701513871743
 626 14723 670 0.043526278178392774
 627 14717 678 0.0440402728158493
 628 14716 681 0.044229395336753914
 629 14711 684 0.04443000974342319
 630 14704 689 0.04476060547001884
 631 14710 692 0.04492922997013375
 632 14715 696 0.045162546233210046
 633 14710 698 0.04530114226375909
 634 14706 700 0.04543684278852395
 635 14709 705 0.045737641105488516
 636 14705 707 0.04587334544510771
 637 14708 713 0.046235652681408466
 638 14711 716 0.04641213456926169
 639 14716 718 0.04652066865362187
 640 14710 721 0.046724126757825155
 641 14708 723 0.046853735986002204
 642 14698 727 0.04713128038897893
 643 14696 731 0.047384455824204315
 644 14695 732 0.047449277241200495
 645 14692 735 0.04764374149218902
 646 14692 738 0.04782890473104342
 647 14687 739 0.04790613250356541
 648 14680 740 0.04798962386511025
 649 14678 741 0.048057591283481416
 650 14675 742 0.04812868910942466
 651 14674 744 0.048255286029316384
 652 14662 746 0.048416407061266875
 653 14657 747 0.04849389768891197
 654 14659 747 0.048487602232896276
 655 14658 749 0.04861426624261699
 656 14646 752 0.04883751136511235
 657 14646 755 0.04902279072787481
 658 14646 757 0.049146270207102515
 659 14638 759 0.049295317269597974
 660 14630 761 0.04944448054057566
 661 14635 763 0.04955188985582543
 662 14620 766 0.04978551930326271
 663 14611 767 0.04987644687215503
 664 14607 772 0.0501983223876715
 665 14602 776 0.05046169853036806
 666 14600 780 0.05071521456436931
 667 14600 783 0.0509003445361763
 668 14600 785 0.05102372440688983
 669 14602 787 0.05114042497888102
 670 14594 791 0.05141371465713357
 671 14596 794 0.051591942820013
 672 14593 796 0.05172525830138411
 673 14590 801 0.052043401988174906
 674 14597 805 0.052265939488378134
 675 14597 807 0.05238898987276032
 676 14593 809 0.0525256460199974
 677 14593 812 0.052710159039272966
 678 14589 815 0.05290833549727344
 679 14588 816 0.05297325370033758
 680 14581 820 0.05324329588987728
 681 14582 823 0.0534242129178838
 682 14575 825 0.05357142857142857
 683 14578 827 0.05368386887374229
 684 14582 831 0.0539155258547979
 685 14580 834 0.0541066562864928
 686 14582 839 0.0544063290318397
 687 14586 839 0.05439222042139384
 688 14579 839 0.05441691529381243
 689 14577 842 0.05460795122900318
 690 14573 845 0.05480607082630692
 691 14579 848 0.05496856161275686
 692 14577 850 0.055098204446749205
 693 14575 852 0.05522784728074156
 694 14567 854 0.05537902859736723
 695 14570 859 0.05567437941538661
 696 14568 864 0.05598755832037325
 697 14568 866 0.056109887261889334
 698 14564 867 0.05618560041474953
 699 14558 870 0.05639097744360902
 700 14558 872 0.056513285806869734
 701 14563 874 0.056617218371445226
 702 14572 877 0.056767428312512136
 703 14578 880 0.056928451287359294
 704 14564 880 0.05698005698005698
 705 14572 885 0.05725561234392185
 706 14566 885 0.05727784609410394
 707 14566 889 0.05752183759301197
 708 14561 894 0.057845357489485605
 709 14559 898 0.0580966552371094
 710 14556 901 0.05829074205861422
 711 14560 903 0.058397464916251696
 712 14550 908 0.058739811101048
 713 14553 910 0.058850158442734266
 714 14550 912 0.058983313930927435
 715 14550 915 0.05916585838991271
 716 14545 919 0.05942834971546818
 717 14548 921 0.059538431702113905
 718 14541 924 0.05974781765276431
 719 14535 928 0.06001422751083231
 720 14539 933 0.06030248190279214
 721 14531 941 0.060819544984488105
 722 14526 942 0.06089992242048099
 723 14528 946 0.0611348067726509
 724 14522 951 0.06146190137659148
 725 14518 953 0.06159912093594467
 726 14507 953 0.06164294954721863
 727 14510 956 0.061813009181430234
 728 14505 956 0.0618329991591747
 729 14505 957 0.06189367481567715
 730 14502 961 0.062148354135678714
 731 14502 963 0.06226964112512124
 732 14506 966 0.062435367114788004
 733 14507 971 0.06273420338545031
 734 14500 974 0.06294429365387101
 735 14510 978 0.06314566115702479
 736 14499 983 0.06349308874822375
 737 14500 989 0.0638517657692556
 738 14500 990 0.06391220142027114
 739 14495 996 0.06429539732748048
 740 14487 1000 0.06457028475495577
 741 14486 1002 0.0646952479338843
 742 14478 1005 0.06490990118194148
 743 14485 1010 0.06518231687641174
 744 14481 1012 0.06531982185503131
 745 14479 1016 0.06556953856082608
 746 14469 1018 0.06573254988054497
 747 14463 1023 0.06605966679581557
 748 14462 1024 0.06612424125016143
 749 14463 1027 0.06630083925112976
 750 14463 1032 0.06660212971926428
 751 14471 1034 0.06668816510802966
 752 14459 1039 0.06704090850432314
 753 14461 1041 0.0671526254676816
 754 14457 1045 0.06741065668945942
 755 14460 1049 0.06763814559288155
 756 14461 1056 0.06805439195720822
 757 14465 1061 0.0683369831250805
 758 14467 1063 0.06844816484224082
 759 14465 1065 0.06857694784288473
 760 14465 1067 0.06869688385269122
 761 14463 1073 0.0690653964984552
 762 14462 1083 0.06966870376326793
 763 14465 1085 0.0697749196141479
 764 14461 1088 0.06997234548845585
 765 14456 1091 0.07017431015630025
 766 14457 1096 0.07046871986112004
 767 14456 1101 0.07077199974288102
 768 14457 1105 0.07100629739108084
 769 14458 1110 0.07130010277492292
 770 14454 1115 0.07161667416019012
 771 14460 1119 0.07182746004236472
 772 14452 1124 0.0721623009758603
 773 14460 1126 0.0722443218272809
 774 14456 1128 0.07238193018480493
 775 14464 1131 0.072523244629689
 776 14455 1134 0.07274360125729681
 777 14446 1140 0.073142563839343
 778 14446 1144 0.07338037203335472
 779 14440 1148 0.07364639466256094
 780 14437 1156 0.07413583018020907
 781 14438 1160 0.07436850878317733
 782 14438 1163 0.07454650342926736
 783 14433 1169 0.0749262915010896
 784 14430 1173 0.07517785041338204
 785 14429 1177 0.07541971036780726
 786 14429 1183 0.07577504483730464
 787 14425 1188 0.07609043745596618
 788 14417 1195 0.07654368434537535
 789 14418 1197 0.07665706051873199
 790 14418 1200 0.0768344218209758
 791 14413 1201 0.07691815037786602
 792 14415 1203 0.07702650787552824
 793 14405 1207 0.07731232385344607
 794 14401 1211 0.07756853702280297
 795 14400 1215 0.07780979827089338
 796 14390 1215 0.07785966036526754
 797 14389 1218 0.07804190427372333
 798 14386 1223 0.07835223268627074
 799 14393 1228 0.0786121247039242
 800 14390 1236 0.07909893766798926
 801 14390 1238 0.07921679037624776
 802 14384 1244 0.07960071666240082
 803 14388 1244 0.07958034800409416
 804 14382 1247 0.07978757438095847
 805 14381 1253 0.08014583599846488
 806 14369 1256 0.080384
 807 14366 1261 0.08069367121008511
 808 14360 1266 0.08101881479585306
 809 14356 1268 0.08115719406041987
 810 14363 1273 0.08141468406242006
 811 14356 1278 0.08174491492900089
 812 14348 1284 0.08213920163766633
 813 14347 1291 0.08255531397876967
 814 14339 1292 0.08265625999616147
 815 14330 1296 0.08293869192371688
 816 14324 1301 0.083264
 817 14318 1305 0.08353069192856685
 818 14319 1308 0.08370128623536187
 819 14317 1310 0.08382926985345876
 820 14311 1312 0.08397874927990782
 821 14308 1318 0.08434660181748369
 822 14301 1323 0.0846774193548387
 823 14308 1324 0.08469805527123848
 824 14311 1326 0.08479887446441134
 825 14312 1329 0.0849689917524455
 826 14306 1331 0.08511862889301017
 827 14305 1333 0.08524107942192097
 828 14294 1340 0.08571063067673021
 829 14296 1342 0.08581660058831053
 830 14294 1346 0.0860613810741688
 831 14290 1351 0.08637555143533023
 832 14283 1352 0.08647265749920051
 833 14283 1356 0.08670631114521389
 834 14277 1362 0.08708996738921926
 835 14273 1364 0.08722900812176249
 836 14270 1369 0.08753756634055886
 837 14265 1371 0.08768227168073676
 838 14261 1373 0.08782141486503774
 839 14257 1375 0.08796059365404299
 840 14259 1378 0.08812432052183923
 841 14258 1383 0.0884214564286171
 842 14252 1388 0.0887468030690537
 843 14240 1391 0.08898982790608406
 844 14234 1392 0.0890822987328811
 845 14237 1396 0.08929827928100813
 846 14226 1399 0.089536
 847 14220 1403 0.08980349484734046
 848 14220 1405 0.08992
 849 14217 1408 0.090112
 850 14207 1411 0.09034447432449738
 851 14201 1416 0.09067042325670743
 852 14201 1426 0.09125231970307801
 853 14199 1430 0.09149657687631967
 854 14198 1436 0.09185109376998848
 855 14203 1440 0.09205395384517036
 856 14199 1445 0.09236768090002558
 857 14193 1451 0.09275121452313986
 858 14184 1453 0.09292063695082177
 859 14182 1460 0.09333844776882752
 860 14173 1464 0.09362409669373921
 861 14169 1469 0.09393784371402993
 862 14163 1474 0.09426360555093688
 863 14163 1479 0.09455312619869582
 864 14164 1487 0.09500990352054182
 865 14156 1493 0.0954054572177136
 866 14149 1499 0.09579498977505113
 867 14151 1504 0.09607154263813478
 868 14145 1510 0.09645480677099968
 869 14145 1518 0.09691629955947137
 870 14145 1525 0.097319719208679
 871 14151 1532 0.09768539182554359
 872 14143 1538 0.09808047956125247
 873 14141 1542 0.09832302493145444
 874 14134 1545 0.09853944766885643
 875 14133 1549 0.09877566636908558
 876 14129 1553 0.09903073587552608
 877 14131 1557 0.09924783273839878
 878 14126 1560 0.0994517404054571
 879 14121 1561 0.09954087488840709
 880 14107 1564 0.09980218237508774
 881 14107 1565 0.0998596222562532
 882 14104 1570 0.10016587980094424
 883 14102 1571 0.10023607477828111
 884 14094 1578 0.10068912710566616
 885 14093 1582 0.10092503987240829
 886 14086 1585 0.10114223725352563
 887 14080 1587 0.10129571711240186
 888 14079 1593 0.10164624808575803
 889 14079 1599 0.10199004975124377
 890 14069 1601 0.10216975111678367
 891 14056 1609 0.1027130545802745
 892 14055 1611 0.10283416315587897
 893 14054 1615 0.10306975556831961
 894 14042 1618 0.1033205619412516
 895 14048 1620 0.10339545570589737
 896 14042 1625 0.10372119742133146
 897 14046 1631 0.10403776232697583
 898 14034 1636 0.10440331844288449
 899 14024 1641 0.1047558250877753
 900 14022 1646 0.10505488894562165
 901 14024 1653 0.10544109204567201
 902 14023 1654 0.1055048797601582
 903 14025 1661 0.105890603085554
 904 14030 1666 0.10614169215086647
 905 14024 1670 0.10641009302918313
 906 14016 1672 0.10657827638959715
 907 14008 1677 0.10691743704175964
 908 14000 1679 0.10708591109126858
 909 14004 1684 0.10734319224885262
 910 13996 1689 0.10768249920306025
 911 13997 1692 0.10784626171202753
 912 13979 1694 0.10808396605627513
 913 13979 1698 0.10831153919755056
 914 13975 1704 0.10868040053574846
 915 13973 1708 0.1089216248963714
 916 13969 1714 0.10929031435312121
 917 13965 1719 0.10960214231063505
 918 13966 1725 0.10993563189089287
 919 13963 1728 0.11012682429418137
 920 13952 1734 0.11054443452760424
 921 13946 1738 0.11081356796735527
 922 13937 1745 0.11127407218467032
 923 13928 1747 0.11145135566188198
 924 13915 1751 0.11177071364738925
 925 13910 1757 0.1121465500734027
 926 13908 1765 0.11261404963950743
 927 13901 1769 0.11289087428206765
 928 13897 1773 0.11314613911933631
 929 13894 1776 0.1133375877472878
 930 13879 1782 0.11378583743055999
 931 13874 1786 0.1140485312899106
 932 13869 1793 0.11448090920699783
 933 13871 1802 0.11497479742231864
 934 13861 1810 0.11549996809393147
 935 13862 1816 0.11583110090572778
 936 13853 1820 0.11612326931665923
 937 13849 1827 0.11654758867057922
 938 13842 1833 0.1169377990430622
 939 13838 1835 0.11708032922860971
 940 13832 1839 0.11735052006891711
 941 13836 1846 0.11771457722229307
 942 13831 1852 0.11808965121469106
 943 13833 1857 0.11835564053537286
 944 13831 1861 0.11859546265613051
 945 13825 1865 0.1188655194391332
 946 13819 1871 0.11924792861695348
 947 13819 1875 0.11947240983815471
 948 13815 1882 0.11989552143721731
 949 13809 1889 0.12033380048413811
 950 13804 1893 0.12059629228515002
 951 13807 1898 0.12085323145495065
 952 13807 1903 0.12113303628262254
 953 13802 1907 0.12139537844547711
 954 13792 1910 0.12164055534326837
 955 13793 1915 0.12191240132416603
 956 13792 1919 0.12214372095983705
 957 13785 1924 0.12247756063403145
 958 13783 1931 0.12288405243731704
 959 13776 1935 0.12316211571510406
 960 13770 1941 0.1235440137483292
 961 13764 1944 0.12375859434682965
 962 13753 1950 0.12418009297586448
 963 13750 1961 0.12481700719241295
 964 13749 1968 0.12521473563657187
 965 13751 1973 0.12547697786822692
 966 13740 1980 0.12595419847328243
 967 13736 1990 0.12654203230319216
 968 13732 1997 0.12696293470659292
 969 13729 2003 0.12732011187388761
 970 13722 2011 0.12782050467170913
 971 13712 2017 0.12823447135863691
 972 13706 2022 0.12856052899287895
 973 13706 2026 0.1287821001779812
 974 13697 2029 0.12902200178049092
 975 13694 2034 0.129323499491353
 976 13686 2038 0.12961078605952683
 977 13677 2042 0.12990648260067433
 978 13669 2043 0.13002800407331974
 979 13668 2049 0.1303683909142966
 980 13661 2053 0.13064782996054475
 981 13650 2062 0.13123727087576376
 982 13646 2070 0.13171290404683125
 983 13632 2074 0.1320514453075258
 984 13619 2081 0.13254777070063695
 985 13609 2090 0.13312949869418433
 986 13606 2092 0.1332653841253663
 987 13590 2097 0.13367756741250716
 988 13579 2104 0.1341580054836447
 989 13565 2106 0.13438836066619872
 990 13553 2109 0.13465713191163325
 991 13544 2112 0.13490035769034237
 992 13529 2117 0.13530614853636713
 993 13519 2124 0.13577958192162629
 994 13507 2129 0.13616014325914555
 995 13502 2130 0.1362589559877175
 996 13496 2132 0.13642180701305348
 997 13492 2136 0.13667775787048886
 998 13480 2143 0.13716955770338604
 999 13472 2156 0.13795751215766572
 1000 13464 2161 0.138304
 1001 13460 2166 0.13861512863176756
 1002 13456 2177 0.1392567005693085
 1003 13449 2182 0.13959439575203123
 1004 13443 2185 0.13981315587407217
 1005 13435 2191 0.14021502623832074
 1006 13432 2201 0.14079191453975565
 1007 13422 2209 0.1413217324547374
 1008 13412 2219 0.141961486789073
 1009 13411 2230 0.14257400421967906
 1010 13403 2237 0.1430306905370844
 1011 13402 2243 0.1433684883349313
 1012 13385 2245 0.1436340371081254
 1013 13376 2255 0.1442646023926812
 1014 13362 2260 0.1446677762130329
 1015 13349 2268 0.14522635589421784
 1016 13336 2275 0.145730574594837
 1017 13336 2281 0.1460587820964334
 1018 13329 2288 0.14650701158993404
 1019 13322 2293 0.146845981428114
 1020 13318 2299 0.14721137222257796
 1021 13309 2303 0.14751473225723802
 1022 13300 2305 0.14770906760653638
 1023 13292 2309 0.14800333311967181
 1024 13285 2320 0.1486702979814162
 1025 13283 2323 0.14885300525438933
 1026 13272 2328 0.14923076923076922
 1027 13269 2335 0.14964111766213792
 1028 13256 2343 0.15020193602153983
 1029 13247 2350 0.15067000064114894
 1030 13226 2353 0.15103665190320303
 1031 13229 2357 0.1512254587450276
 1032 13219 2361 0.15154043645699614
 1033 13219 2366 0.15181264035931985
 1034 13208 2370 0.15213762999101296
 1035 13207 2379 0.15263698190683947
 1036 13206 2387 0.15308151093439365
 1037 13200 2394 0.1535205848403232
 1038 13195 2400 0.15389547932029496
 1039 13193 2409 0.1544032816305602
 1040 13180 2414 0.15480312940874696
 1041 13170 2424 0.15544440169295884
 1042 13158 2435 0.15615981530173795
 1043 13151 2443 0.1566628190329614
 1044 13146 2447 0.15692939139357404
 1045 13145 2456 0.1574258060380745
 1046 13139 2461 0.15775641025641027
 1047 13150 2468 0.1580227942118069
 1048 13141 2474 0.158437399935959
 1049 13131 2482 0.15897008902837378
 1050 13128 2489 0.15937760133188192
 1051 13120 2496 0.1598360655737705
 1052 13113 2504 0.1603380931036691
 1053 13111 2515 0.16094969921924998
 1054 13096 2524 0.1615877080665813
 1055 13090 2529 0.16191817657980664
 1056 13082 2537 0.16243037326333312
 1057 13083 2544 0.16279516221923593
 1058 13066 2554 0.16350832266325224
 1059 13062 2561 0.16392498239774692
 1060 13054 2572 0.16459746576219123
 1061 13042 2585 0.16541882639022204
 1062 13023 2592 0.1659942363112392
 1063 13024 2597 0.1662505601433967
 1064 13010 2607 0.16693346993660754
 1065 12997 2612 0.16733935550003204
 1066 12982 2618 0.16782051282051283
 1067 12975 2623 0.16816258494678804
 1068 12967 2632 0.16872876466440156
 1069 12954 2638 0.16918932786044125
 1070 12946 2648 0.16980890085930486
 1071 12935 2657 0.17040790148794255
 1072 12928 2660 0.17064408519373878
 1073 12915 2664 0.170999422299249
 1074 12911 2672 0.1714689084258487
 1075 12910 2682 0.1720112878399179
 1076 12903 2690 0.17251330725325467
 1077 12892 2695 0.17290049400141144
 1078 12876 2701 0.17339667458432304
 1079 12871 2715 0.17419479019633005
 1080 12864 2726 0.17485567671584348
 1081 12858 2736 0.17545209696036937
 1082 12847 2746 0.1761046623484897
 1083 12844 2756 0.17666666666666667
 1084 12843 2761 0.17694180979236093
 1085 12839 2768 0.17735631447427436
 1086 12830 2779 0.17803831123070024
 1087 12823 2787 0.17853939782190903
 1088 12814 2798 0.179221111965155
 1089 12807 2806 0.17972202651636457
 1090 12802 2813 0.18014729426833173
 1091 12798 2825 0.1808231453626064
 1092 12786 2833 0.18138165055381267
 1093 12779 2837 0.18167264344262296
 1094 12774 2847 0.1822546571922412
 1095 12765 2856 0.1828308046859996
 1096 12759 2865 0.18337173579109062
 1097 12746 2870 0.1837858606557377
 1098 12741 2882 0.1844716123663829
 1099 12727 2894 0.185263427437424
 1100 12713 2902 0.18584694204290747
 1101 12703 2903 0.18601819812892478
 1102 12692 2907 0.18635809987819732
 1103 12693 2914 0.18671109117703594
 1104 12688 2921 0.1871356268819271
 1105 12685 2922 0.18722368168129686
 1106 12679 2929 0.18766017426960532
 1107 12682 2937 0.18804020743965683
 1108 12671 2946 0.18864058397899724
 1109 12669 2949 0.18882059162504802
 1110 12662 2957 0.18932069914847302
 1111 12651 2964 0.1898174831892411
 1112 12645 2974 0.19040911710096678
 1113 12646 2978 0.1906041986687148
 1114 12639 2982 0.19089686959861724
 1115 12636 2994 0.19155470249520154
 1116 12619 3005 0.19233230926779313
 1117 12611 3012 0.19279267746271522
 1118 12601 3017 0.19317454219490332
 1119 12597 3023 0.19353393085787451
 1120 12585 3035 0.1943021766965429
 1121 12575 3044 0.19489083808182342
 1122 12565 3050 0.19532500800512329
 1123 12554 3054 0.19566888774987187
 1124 12551 3061 0.1960671278503715
 1125 12536 3070 0.19671921056004102
 1126 12526 3077 0.1972056655771326
 1127 12508 3085 0.19784518694285896
 1128 12500 3090 0.19820397690827454
 1129 12478 3098 0.19889573703133026
 1130 12466 3106 0.19946057025430258
 1131 12461 3117 0.20008987032995249
 1132 12452 3124 0.20056497175141244
 1133 12444 3131 0.20102728731942215
 1134 12442 3139 0.20146332071112252
 1135 12439 3149 0.20201437002822684
 1136 12435 3156 0.20242447565903407
 1137 12425 3162 0.20286135882466158
 1138 12413 3170 0.20342681126869025
 1139 12397 3185 0.20440251572327045
 1140 12394 3193 0.20485019567588375
 1141 12384 3206 0.20564464400256574
 1142 12377 3215 0.20619548486403283
 1143 12367 3225 0.20683683940482298
 1144 12358 3232 0.20731237973059655
 1145 12337 3245 0.20825311256578102
 1146 12322 3259 0.20916500866439894
 1147 12312 3271 0.20990823333119424
 1148 12317 3282 0.21039810244246426
 1149 12313 3290 0.21085688649618664
 1150 12305 3298 0.21136960840863936
 1151 12298 3308 0.21196975522235037
 1152 12295 3311 0.21216198897859798
 1153 12292 3321 0.21270735925190545
 1154 12282 3334 0.21349897540983606
 1155 12278 3340 0.21385580740171597
 1156 12270 3353 0.21461947129232542
 1157 12267 3360 0.21501247840276444
 1158 12249 3372 0.21586326099481468
 1159 12235 3380 0.2164585334614153
 1160 12221 3392 0.21725485172612566
 1161 12219 3400 0.21768359049875152
 1162 12202 3406 0.21822142491030241
 1163 12195 3412 0.2186198500672775
 1164 12183 3422 0.21928868952258893
 1165 12177 3424 0.2194731106980322
 1166 12172 3442 0.22044319200717305
 1167 12157 3452 0.22115446216926132
 1168 12146 3460 0.22170959887222863
 1169 12136 3468 0.22225070494744936
 1170 12129 3482 0.22304785087438345
 1171 12118 3491 0.22365302069318982
 1172 12108 3500 0.22424397744746283
 1173 12102 3504 0.2245290272971934
 1174 12101 3513 0.22499039323683873
 1175 12091 3520 0.2254820319005829
 1176 12070 3524 0.22598435295626523
 1177 12062 3532 0.22649737078363474
 1178 12039 3548 0.22762558542375055
 1179 12032 3557 0.2281737122329848
 1180 12022 3562 0.22856776180698152
 1181 12018 3567 0.22887391722810393
 1182 12008 3576 0.22946611909650924
 1183 11995 3583 0.23000385158556938
 1184 11984 3595 0.23075935554271776
 1185 11973 3602 0.23126805778491172
 1186 11965 3606 0.23158435553272108
 1187 11954 3612 0.23204419889502761
 1188 11941 3621 0.23268217452769566
 1189 11932 3626 0.23306337575523847
 1190 11929 3634 0.233502538071066
 1191 11926 3652 0.23443317499037103
 1192 11916 3657 0.23482951261799268
 1193 11904 3666 0.23545279383429674
 1194 11906 3672 0.2357170368468353
 1195 11889 3679 0.2363180883864337
 1196 11888 3689 0.23682352185915131
 1197 11878 3696 0.2373186079363041
 1198 11868 3706 0.23796070373699757
 1199 11870 3717 0.23846795406428434
 1200 11856 3718 0.2387312186978297
 1201 11847 3728 0.23935794542536115
 1202 11838 3733 0.239740543317706
 1203 11829 3743 0.24036732596968918
 1204 11812 3752 0.24106913389874068
 1205 11805 3761 0.24161634331234744
 1206 11785 3775 0.24260925449871465
 1207 11772 3785 0.2432988365366073
 1208 11757 3796 0.24406866842409825
 1209 11755 3803 0.24444015940352232
 1210 11745 3813 0.24508291554184342
 1211 11731 3822 0.24574037163248247
 1212 11720 3835 0.2465445194471231
 1213 11709 3844 0.24715488973188451
 1214 11702 3854 0.2477500642838776
 1215 11685 3871 0.24884289020313705
 1216 11681 3880 0.24934130197288093
 1217 11681 3892 0.24991973287099467
 1218 11666 3900 0.25054606192984713
 1219 11653 3914 0.25142930558232157
 1220 11638 3923 0.2521046205256732
 1221 11627 3929 0.25257135510413986
 1222 11617 3938 0.2531661845065895
 1223 11612 3947 0.2536795423870429
 1224 11595 3958 0.25448466533787695
 1225 11588 3970 0.25517418691348503
 1226 11586 3980 0.25568546832840805
 1227 11577 3996 0.2565979580042381
 1228 11568 4007 0.2572712680577849
 1229 11560 4021 0.25807072716770424
 1230 11553 4029 0.25856757797458607
 1231 11542 4037 0.25913088131459017
 1232 11532 4048 0.2598202824133504
 1233 11519 4057 0.2604648176682075
 1234 11513 4071 0.26122946611909653
 1235 11500 4079 0.26182681815264136
 1236 11498 4094 0.2625705489994869
 1237 11485 4100 0.2630734680782804
 1238 11469 4110 0.26381667629501254
 1239 11465 4119 0.2643095482546201
 1240 11451 4128 0.26497207779703447
 1241 11442 4143 0.265832531280077
 1242 11426 4157 0.26676506449335813
 1243 11413 4169 0.2675523039404441
 1244 11399 4181 0.2683568677792041
 1245 11381 4191 0.26913691240688414
 1246 11372 4206 0.2699961484144306
 1247 11362 4214 0.27054442732408834
 1248 11354 4224 0.27115162408524845
 1249 11340 4235 0.27191011235955054
 1250 11326 4241 0.27243527975846343
 1251 11310 4251 0.2731829573934837
 1252 11299 4263 0.2739365120164503
 1253 11285 4280 0.27497590748474143
 1254 11268 4287 0.275602700096432
 1255 11254 4300 0.27645621705027645
 1256 11245 4315 0.2773136246786632
 1257 11237 4327 0.27801336417373423
 1258 11225 4334 0.2785526062086252
 1259 11219 4348 0.2793087942442346
 1260 11217 4352 0.27952983492838335
 1261 11210 4368 0.28039542945179097
 1262 11204 4378 0.28096521627518933
 1263 11195 4390 0.2816811036252807
 1264 11191 4396 0.2820298967087958
 1265 11169 4407 0.2829352850539291
 1266 11159 4421 0.2837612323491656
 1267 11146 4434 0.2845956354300385
 1268 11138 4444 0.28520087280195094
 1269 11126 4458 0.28606262833675566
 1270 11114 4473 0.28696991082312184
 1271 11107 4482 0.287510424016935
 1272 11101 4494 0.2881692850272523
 1273 11092 4502 0.2887007823521867
 1274 11078 4511 0.2893707101161075
 1275 11069 4520 0.28994804028481624
 1276 11065 4533 0.29061418130529554
 1277 11053 4541 0.29120174426061307
 1278 11046 4559 0.29214995193848126
 1279 11030 4563 0.2926313089206695
 1280 11021 4576 0.2933897544399564
 1281 11015 4591 0.2941817249775727
 1282 11005 4598 0.2946869191822086
 1283 10996 4608 0.29530889515508846
 1284 10991 4618 0.29585495547440577
 1285 10981 4626 0.2964054590888704
 1286 10971 4638 0.29713626753795885
 1287 10958 4659 0.29832874431709033
 1288 10944 4666 0.2989109545163357
 1289 10937 4673 0.29935938500960924
 1290 10931 4689 0.3001920614596671
 1291 10926 4702 0.30087023291528026
 1292 10908 4713 0.3017092375648166
 1293 10895 4731 0.3027646230641239
 1294 10884 4737 0.3032456308815057
 1295 10875 4746 0.3038217783752641
 1296 10872 4759 0.30445908771031926
 1297 10857 4772 0.3053298355620961
 1298 10835 4779 0.3060714743179198
 1299 10824 4802 0.30730833226673493
 1300 10811 4814 0.308096
 1301 10806 4830 0.3089025326170376
 1302 10795 4838 0.3094735495426342
 1303 10795 4855 0.31022364217252396
 1304 10779 4861 0.3108056265984655
 1305 10765 4870 0.31148065238247524
 1306 10758 4881 0.3121043544983695
 1307 10743 4886 0.31262396826412436
 1308 10732 4892 0.3131080389144905
 1309 10718 4910 0.3141796775019196
 1310 10709 4922 0.3148870833599898
 1311 10692 4929 0.31553677741501823
 1312 10685 4946 0.31642249376239523
 1313 10676 4952 0.31686716150499106
 1314 10662 4964 0.31767566875719955
 1315 10651 4979 0.318554062699936
 1316 10642 4991 0.31926053860423464
 1317 10623 5007 0.3203454894433781
 1318 10611 5022 0.32124352331606215
 1319 10598 5043 0.3224218400358033
 1320 10592 5060 0.3232813697929977
 1321 10581 5075 0.32415687276443533
 1322 10569 5087 0.32492335206949413
 1323 10558 5099 0.3256690298269145
 1324 10552 5118 0.3266113592852585
 1325 10540 5130 0.32737715379706445
 1326 10525 5141 0.3281629005489595
 1327 10510 5155 0.32907756144270667
 1328 10496 5167 0.3298857179339845
 1329 10489 5179 0.33054633648200155
 1330 10482 5191 0.3312065335289989
 1331 10470 5199 0.3318016465632778
 1332 10462 5209 0.33239742198966243
 1333 10449 5218 0.33305674347354314
 1334 10435 5226 0.3336951663367601
 1335 10426 5233 0.33418481384507315
 1336 10414 5247 0.3350360768788711
 1337 10404 5259 0.335759433058801
 1338 10392 5262 0.33614411651973936
 1339 10385 5269 0.3365912865721221
 1340 10364 5276 0.3373401534526854
 1341 10356 5283 0.3378093228467293
 1342 10336 5299 0.33891909178126
 1343 10326 5315 0.33981203247874175
 1344 10318 5323 0.34032350872706346
 1345 10307 5330 0.34085822088635925
 1346 10305 5341 0.3413652051642592
 1347 10289 5348 0.3420093368293151
 1348 10282 5365 0.34287722886176264
 1349 10264 5372 0.3435661294448708
 1350 10253 5386 0.34439542170215487
 1351 10241 5394 0.3449952030700352
 1352 10224 5406 0.34587332053742803
 1353 10211 5416 0.3465796378063608
 1354 10202 5426 0.34719733811108267
 1355 10196 5437 0.34778993155504384
 1356 10187 5449 0.3484906625735482
 1357 10173 5461 0.3493028015862863
 1358 10163 5474 0.35006714843000575
 1359 10136 5487 0.35121295525827306
 1360 10126 5500 0.3519774734416997
 1361 10114 5513 0.3527868432840596
 1362 10099 5520 0.3534157116332672
 1363 10084 5530 0.35416933521198923
 1364 10071 5549 0.3552496798975672
 1365 10049 5562 0.3562872333610915
 1366 10031 5577 0.3573167606355715
 1367 10019 5591 0.3581678411274824
 1368 10010 5602 0.35882654368434536
 1369 10000 5617 0.35967215214189663
 1370 9994 5630 0.36034306195596516
 1371 9977 5635 0.36094030233153984
 1372 9964 5644 0.36160943106099436
 1373 9948 5656 0.3624711612407075
 1374 9933 5666 0.3632284120776973
 1375 9916 5676 0.3640328373524885
 1376 9901 5692 0.3650355928942474
 1377 9888 5704 0.36582863006670086
 1378 9873 5715 0.3666281755196305
 1379 9857 5735 0.36781682914315034
 1380 9834 5748 0.36888717751251443
 1381 9812 5760 0.3698946827639353
 1382 9802 5769 0.37049643568171603
 1383 9795 5782 0.3711882904281954
 1384 9784 5802 0.37225715385602465
 1385 9775 5820 0.3731965373517153
 1386 9766 5834 0.373974358974359
 1387 9756 5842 0.37453519682010517
 1388 9740 5855 0.37544084642513625
 1389 9731 5865 0.3760579635804052
 1390 9716 5878 0.37693984865974095
 1391 9699 5888 0.3777506896772952
 1392 9682 5901 0.378681896938972
 1393 9672 5915 0.3794829024186822
 1394 9663 5929 0.3802591072344792
 1395 9650 5946 0.38125160297512184
 1396 9633 5960 0.3822227922785865
 1397 9613 5978 0.3834263357064973
 1398 9605 5986 0.38393945224809184
 1399 9600 6006 0.38485198000768933
 1400 9587 6017 0.3856062548064599
 1401 9576 6028 0.3863112022558318
 1402 9560 6044 0.38733658036400925
 1403 9551 6059 0.38814862267777067
 1404 9540 6071 0.38889244763307923
 1405 9520 6088 0.3900563813429011
 1406 9505 6110 0.3912904258725584
 1407 9487 6125 0.3923264155777607
 1408 9469 6145 0.39355706417317793
 1409 9458 6153 0.394145154058036
 1410 9449 6163 0.3947604406866513
 1411 9429 6175 0.39573186362471163
 1412 9413 6184 0.3964865038148362
 1413 9399 6192 0.39715220319415045
 1414 9380 6205 0.39813923644529997
 1415 9368 6223 0.3991405297928292
 1416 9347 6235 0.40014118855089204
 1417 9332 6243 0.4008346709470305
 1418 9324 6267 0.401962670771599
 1419 9309 6278 0.40277154038621926
 1420 9295 6284 0.40336350215033057
 1421 9294 6299 0.40396331687295584
 1422 9282 6315 0.40488555491440664
 1423 9262 6327 0.4058631086022195
 1424 9246 6335 0.40658494320005134
 1425 9227 6349 0.40761427837699027
 1426 9204 6362 0.4087112938455608
 1427 9191 6373 0.40947057311745055
 1428 9178 6385 0.4102679431986121
 1429 9171 6394 0.4107934468358497
 1430 9158 6407 0.4116286540314809
 1431 9142 6420 0.4125433748875466
 1432 9122 6435 0.41364016198495857
 1433 9101 6450 0.41476432383769535
 1434 9088 6462 0.4155627009646302
 1435 9074 6479 0.4165755802739021
 1436 9053 6494 0.417701164211745
 1437 9041 6498 0.4181736276465667
 1438 9022 6514 0.4192842430484037
 1439 9011 6522 0.41988025494109316
 1440 8994 6527 0.420527027897687
 1441 8975 6547 0.42178842932611776
 1442 8970 6558 0.4223338485316847
 1443 8961 6570 0.42302491790612323
 1444 8954 6579 0.42354986158501257
 1445 8939 6592 0.42444143970124265
 1446 8926 6607 0.42535247537500803
 1447 8910 6626 0.42649330587023687
 1448 8897 6644 0.42751431696802006
 1449 8878 6657 0.42851625362085616
 1450 8873 6673 0.4292422488099833
 1451 8861 6688 0.43012412373786096
 1452 8844 6694 0.43081477667653495
 1453 8837 6716 0.43181379798109687
 1454 8821 6736 0.43298836536607316
 1455 8805 6750 0.4339440694310511
 1456 8790 6770 0.4350899742930591
 1457 8774 6786 0.43611825192802056
 1458 8753 6799 0.43717849794238683
 1459 8735 6812 0.4381552711133981
 1460 8723 6826 0.438999292559007
 1461 8715 6840 0.43972999035679844
 1462 8700 6849 0.44047848736253137
 1463 8684 6864 0.4414715719063545
 1464 8678 6879 0.44218036896573887
 1465 8664 6904 0.44347379239465573
 1466 8646 6922 0.44463001027749227
 1467 8633 6930 0.4452868984129024
 1468 8615 6941 0.446194394445873
 1469 8604 6954 0.4469726185885075
 1470 8589 6970 0.44797223471945496
 1471 8579 6984 0.44875666645248347
 1472 8570 6998 0.44951181911613564
 1473 8559 7007 0.4501477579339586
 1474 8541 7026 0.4513393717479283
 1475 8529 7037 0.452075035333419
 1476 8511 7047 0.452950250674894
 1477 8495 7065 0.45404884318766064
 1478 8485 7073 0.4546214166345289
 1479 8472 7087 0.4554919982003985
 1480 8454 7106 0.45668380462724933
 1481 8435 7125 0.4579048843187661
 1482 8420 7138 0.45879933153361613
 1483 8399 7152 0.4599061153623561
 1484 8381 7162 0.46078620600913595
 1485 8373 7182 0.46171648987463837
 1486 8359 7192 0.4624782972156131
 1487 8344 7217 0.4637876743139901
 1488 8333 7227 0.4644601542416452
 1489 8318 7244 0.46549286724071454
 1490 8303 7258 0.46642246642246643
 1491 8291 7276 0.46739898503244043
 1492 8271 7291 0.4685130445958103
 1493 8253 7311 0.4697378565921357
 1494 8243 7329 0.47065245312098636
 1495 8228 7345 0.47164965003531756
 1496 8210 7357 0.4726022997366223
 1497 8194 7371 0.47356247992290396
 1498 8182 7392 0.4746372158726082
 1499 8169 7411 0.4756739409499358
 1500 8161 7421 0.476254652804518
 1501 8149 7436 0.477125441129291
 1502 8138 7443 0.47769719530197036
 1503 8121 7462 0.4788551626772765
 1504 8108 7470 0.4795224033893953
 1505 8093 7485 0.4804852997817435
 1506 8085 7499 0.48119866529774125
 1507 8068 7514 0.48222307791040947
 1508 8051 7527 0.4831814096803184
 1509 8027 7546 0.48455660437937453
 1510 8015 7558 0.4853271688178257
 1511 8002 7572 0.4861949402850905
 1512 7988 7586 0.4870938744060614
 1513 7967 7594 0.48801490906754064
 1514 7953 7610 0.48898027372614533
 1515 7933 7622 0.4900032144005143
 1516 7916 7637 0.4910306693242461
 1517 7892 7649 0.49218197027218324
 1518 7871 7662 0.49327238781948113
 1519 7859 7674 0.494044936586622
 1520 7851 7686 0.4946900946128596
 1521 7831 7702 0.49584755037661754
 1522 7822 7719 0.4966861849301847
 1523 7806 7734 0.4976833976833977
 1524 7795 7758 0.4988105188709574
 1525 7776 7774 0.499935691318328
 1526 7754 7787 0.5010617077408146
 1527 7740 7806 0.5021227325357005
 1528 7732 7819 0.502797247765417
 1529 7713 7839 0.5040509259259259
 1530 7699 7855 0.505014787193005
 1531 7677 7868 0.5061434544869733
 1532 7656 7880 0.5072090628218332
 1533 7642 7895 0.5081418549269485
 1534 7626 7908 0.5090768636539205
 1535 7608 7918 0.5099832538966894
 1536 7593 7932 0.5109178743961352
 1537 7566 7949 0.5123428939735739
 1538 7550 7963 0.5133114162315477
 1539 7533 7984 0.5145324482825289
 1540 7523 7997 0.515270618556701
 1541 7510 8015 0.5162640901771337
 1542 7493 8036 0.517483418120935
 1543 7480 8052 0.5184135977337111
 1544 7467 8073 0.5194980694980695
 1545 7451 8095 0.5207127235301685
 1546 7439 8099 0.5212382546016219
 1547 7425 8116 0.5222315166334213
 1548 7411 8134 0.5232550659376005
 1549 7392 8156 0.5245690764085413
 1550 7378 8175 0.5256220664823507
 1551 7361 8194 0.526775956284153
 1552 7339 8204 0.5278260310107444
 1553 7319 8207 0.528597191807291
 1554 7308 8223 0.529457214603052
 1555 7294 8241 0.5304795622787255
 1556 7280 8258 0.5314712318187669
 1557 7264 8274 0.5325009653752092
 1558 7247 8283 0.533354797166774
 1559 7233 8300 0.534346230605807
 1560 7218 8321 0.5354913443593539
 1561 7199 8328 0.5363560249887294
 1562 7184 8343 0.5373220841115476
 1563 7169 8361 0.5383773341918867
 1564 7155 8374 0.5392491467576792
 1565 7145 8393 0.5401596087012486
 1566 7137 8410 0.540940374348749
 1567 7122 8429 0.5420230210275867
 1568 7103 8440 0.5430097149842372
 1569 7091 8458 0.5439578107916908
 1570 7072 8479 0.5452382483441579
 1571 7055 8495 0.5463022508038585
 1572 7041 8514 0.5473481195756992
 1573 7026 8528 0.5482833997685482
 1574 7014 8539 0.54902591139973
 1575 7000 8560 0.5501285347043702
 1576 6978 8580 0.5514847666795218
 1577 6971 8590 0.5520210783368679
 1578 6959 8612 0.5530794425534648
 1579 6944 8627 0.5540427718194079
 1580 6928 8645 0.5551274642008605
 1581 6914 8665 0.5561974452789011
 1582 6905 8686 0.5571162850362389
 1583 6890 8695 0.5579082451074752
 1584 6879 8710 0.5587273077169799
 1585 6861 8725 0.5597972539458489
 1586 6839 8736 0.5608988764044944
 1587 6826 8747 0.5616772619276954
 1588 6804 8762 0.5628934858023898
 1589 6785 8775 0.5639460154241646
 1590 6770 8797 0.5651056722554121
 1591 6751 8814 0.5662704786379698
 1592 6738 8828 0.5671334960812027
 1593 6715 8837 0.5682227366255144
 1594 6705 8852 0.5690043067429453
 1595 6691 8866 0.5699042231792762
 1596 6679 8879 0.5707031752153233
 1597 6674 8896 0.5713551701991009
 1598 6662 8922 0.5725102669404517
 1599 6651 8933 0.5732161190965093
 1600 6640 8947 0.5740039776737025
 1601 6620 8963 0.5751780786754797
 1602 6604 8975 0.5760960267026125
 1603 6582 8989 0.577291118104168
 1604 6567 9005 0.5782815309529925
 1605 6548 9022 0.5794476557482338
 1606 6527 9041 0.5807425488180884
 1607 6519 9058 0.5814983629710471
 1608 6503 9069 0.5823914718725919
 1609 6489 9078 0.5831566775872037
 1610 6474 9098 0.5842537888517852
 1611 6460 9114 0.5852061127520226
 1612 6449 9131 0.5860718870346598
 1613 6436 9152 0.5871182961252245
 1614 6417 9171 0.5883371824480369
 1615 6402 9185 0.589273112208892
 1616 6392 9206 0.5902038722913194
 1617 6376 9229 0.5914130086510734
 1618 6362 9248 0.5924407431133889
 1619 6340 9266 0.5937459951300782
 1620 6322 9286 0.59495130702204
 1621 6306 9296 0.5958210485835149
 1622 6284 9308 0.5969728065674705
 1623 6267 9322 0.5979857591891719
 1624 6251 9336 0.5989606723551678
 1625 6232 9345 0.5999229633433909
 1626 6216 9362 0.6009757350109128
 1627 6201 9380 0.6020152750144406
 1628 6175 9396 0.6034294521867575
 1629 6159 9419 0.6046347413018359
 1630 6141 9435 0.6057395993836672
 1631 6125 9457 0.6069182389937107
 1632 6109 9475 0.6079953798767967
 1633 6094 9501 0.6092337287592177
 1634 6077 9518 0.6103238217377365
 1635 6070 9533 0.6109722489264885
 1636 6054 9554 0.6121219887237315
 1637 6032 9580 0.6136305406097874
 1638 6016 9590 0.6145072408048187
 1639 6000 9605 0.6155078500480615
 1640 5983 9617 0.616474358974359
 1641 5963 9634 0.6176828877348208
 1642 5951 9640 0.6183054326213842
 1643 5931 9657 0.6195150115473441
 1644 5918 9681 0.6206167061991154
 1645 5897 9697 0.6218417340002566
 1646 5887 9706 0.6224587956134163
 1647 5867 9712 0.623403299313178
 1648 5849 9728 0.624510496244463
 1649 5838 9731 0.6250240863253902
 1650 5817 9739 0.6260606839804577
 1651 5796 9747 0.6270990156340475
 1652 5783 9769 0.628150720164609
 1653 5770 9783 0.6290104802931911
 1654 5750 9799 0.6302012991189144
 1655 5744 9816 0.6308483290488431
 1656 5727 9839 0.6320827444430168
 1657 5718 9856 0.6328496211634775
 1658 5701 9881 0.6341291233474522
 1659 5680 9903 0.6355002246037348
 1660 5665 9919 0.6364861396303901
 1661 5651 9941 0.637570548999487
 1662 5633 9964 0.6388408027184715
 1663 5621 9975 0.6395870736086176
 1664 5595 9995 0.6411161000641437
 1665 5575 10012 0.6423301469173028
 1666 5559 10033 0.6434710107747563
 1667 5553 10056 0.6442437055544878
 1668 5539 10070 0.645140623998975
 1669 5525 10079 0.6459241220199948
 1670 5504 10095 0.6471568690300661
 1671 5489 10105 0.6480056431961011
 1672 5471 10122 0.6491374334637338
 1673 5452 10140 0.6503335043612108
 1674 5440 10150 0.6510583707504811
 1675 5426 10163 0.6519340560651742
 1676 5412 10177 0.6528321252164988
 1677 5394 10192 0.6539201847812139
 1678 5385 10218 0.6548740626802538
 1679 5359 10235 0.6563421828908554
 1680 5346 10246 0.6571318624935865
 1681 5326 10256 0.6581953536131434
 1682 5314 10271 0.6590311196663459
 1683 5300 10283 0.6598857729577103
 1684 5286 10291 0.6606535276369006
 1685 5272 10298 0.6614001284521516
 1686 5257 10313 0.6623635195889531
 1687 5241 10328 0.6633695163465861
 1688 5229 10343 0.664204983303365
 1689 5220 10361 0.6649765740324755
 1690 5206 10371 0.6657893047441741
 1691 5190 10389 0.6668592335836703
 1692 5172 10404 0.6679506933744221
 1693 5154 10414 0.6689362795477903
 1694 5139 10432 0.6699633934878941
 1695 5124 10438 0.670736409201902
 1696 5108 10447 0.671616843458695
 1697 5088 10460 0.6727553383071778
 1698 5076 10474 0.6735691318327974
 1699 5065 10488 0.674339355751302
 1700 5054 10500 0.6750675067506751
 1701 5039 10515 0.676031888903176
 1702 5025 10533 0.6770150404936367
 1703 5018 10543 0.6775271512113618
 1704 5007 10563 0.6784200385356455
 1705 5000 10579 0.6790551383272354
 1706 4990 10595 0.6798203400705807
 1707 4981 10610 0.6805208132897185
 1708 4966 10631 0.6816054369430019
 1709 4954 10644 0.6823951788690857
 1710 4943 10650 0.6829987815045213
 1711 4925 10658 0.683950458833344
 1712 4908 10664 0.6848189057282301
 1713 4882 10676 0.6862064532716288
 1714 4869 10691 0.6870822622107969
 1715 4861 10709 0.6877970456005138
 1716 4844 10717 0.6887089518668466
 1717 4831 10738 0.6897038987732032
 1718 4820 10749 0.6904104309846489
 1719 4805 10768 0.6914531561035124
 1720 4793 10785 0.6923225060983438
 1721 4783 10799 0.6930432550378642
 1722 4773 10818 0.6938618433711756
 1723 4766 10828 0.6943696293446198
 1724 4750 10839 0.6952979665148502
 1725 4745 10847 0.6956772703950744
 1726 4731 10853 0.6964194045174538
 1727 4715 10869 0.6974460985626283
 1728 4703 10877 0.6981386392811296
 1729 4691 10892 0.6989668228197394
 1730 4682 10902 0.6995636550308009
 1731 4666 10918 0.7005903490759754
 1732 4646 10934 0.7017971758664955
 1733 4632 10939 0.7025239226767709
 1734 4625 10944 0.7029353201875522
 1735 4605 10962 0.704181923299287
 1736 4590 10986 0.7053158705701078
 1737 4575 11002 0.7062977466777942
 1738 4557 11017 0.7073969436239887
 1739 4541 11036 0.7084804519483855
 1740 4530 11047 0.7091866213006356
 1741 4522 11063 0.7098492139878088
 1742 4508 11077 0.7107475136349054
 1743 4500 11098 0.7115014745480189
 1744 4487 11109 0.7122980251346499
 1745 4480 11126 0.7129309240035884
 1746 4474 11141 0.7134806276016651
 1747 4458 11155 0.7144687119707935
 1748 4446 11164 0.7151825752722614
 1749 4436 11186 0.7160414799641531
 1750 4426 11194 0.7166453265044814
 1751 4411 11208 0.7175875536205903
 1752 4400 11222 0.718345922417104
 1753 4384 11229 0.719208352014347
 1754 4374 11258 0.7201893551688844
 1755 4356 11275 0.7213230119634061
 1756 4346 11289 0.7220338983050848
 1757 4330 11305 0.7230572433642469
 1758 4317 11327 0.7240475581692661
 1759 4300 11339 0.7250463584628173
 1760 4293 11356 0.7256693718448464
 1761 4279 11374 0.7266338721011947
 1762 4266 11392 0.7275514114190829
 1763 4253 11401 0.7283122524594353
 1764 4233 11418 0.7295380486869849
 1765 4218 11433 0.7304964539007093
 1766 4206 11447 0.7312975148533828
 1767 4188 11468 0.7324987225344916
 1768 4169 11479 0.7335761758691206
 1769 4166 11484 0.7338019169329073
 1770 4141 11493 0.7351285659460151
 1771 4127 11499 0.7358889031102009
 1772 4113 11510 0.7367343019906548
 1773 4098 11519 0.7375936479477493
 1774 4086 11528 0.7383117714871269
 1775 4076 11539 0.7389689401216779
 1776 4066 11550 0.7396260245901639
 1777 4056 11560 0.7402663934426229
 1778 4044 11569 0.7409850765387818
 1779 4027 11580 0.7419747549176652
 1780 4013 11588 0.7427728991731299
 1781 3995 11602 0.7438609989100468
 1782 3972 11617 0.7452049522098916
 1783 3963 11626 0.7457822823786003
 1784 3953 11645 0.7465700730862931
 1785 3939 11651 0.7473380372033355
 1786 3924 11666 0.7483001924310455
 1787 3909 11673 0.7491336157104351
 1788 3896 11690 0.7500320800718594
 1789 3881 11705 0.7509944822276402
 1790 3869 11719 0.7517962535283551
 1791 3855 11723 0.7525356271665169
 1792 3839 11737 0.7535310734463276
 1793 3825 11748 0.754382585243691
 1794 3809 11766 0.7554414125200642
 1795 3794 11774 0.7562949640287769
 1796 3780 11781 0.757085020242915
 1797 3764 11802 0.7581909289477066
 1798 3746 11815 0.7592699697962856
 1799 3732 11839 0.7603236786333569
 1800 3724 11860 0.7610369609856262
 1801 3716 11866 0.7615197022205108
 1802 3706 11870 0.7620698510529019
 1803 3692 11892 0.7630903490759754
 1804 3680 11920 0.764102564102564
 1805 3670 11935 0.7648189682793977
 1806 3659 11941 0.7654487179487179
 1807 3648 11950 0.7661238620335941
 1808 3638 11958 0.7667350602718646
 1809 3630 11976 0.7673971549404075
 1810 3615 11986 0.7682840843535671
 1811 3606 11993 0.7688313353420091
 1812 3587 12007 0.7699756316531999
 1813 3576 12021 0.7707251394498942
 1814 3563 12027 0.7714560615779346
 1815 3551 12041 0.7722550025654181
 1816 3539 12056 0.7730682911189484
 1817 3527 12072 0.7738957625488814
 1818 3516 12080 0.774557578866376
 1819 3499 12099 0.7756763687652263
 1820 3487 12108 0.7764026931708881
 1821 3470 12121 0.7774357000833815
 1822 3461 12136 0.778098352247227
 1823 3449 12146 0.7788393715934594
 1824 3438 12154 0.7795023088763469
 1825 3426 12164 0.7802437459910199
 1826 3412 12180 0.7811698306824012
 1827 3405 12194 0.7817167767164562
 1828 3391 12204 0.7825585123436999
 1829 3381 12217 0.7832414412104116
 1830 3365 12232 0.7842533820606526
 1831 3352 12247 0.785114430412206
 1832 3337 12253 0.7859525336754329
 1833 3324 12275 0.7869094172703378
 1834 3319 12284 0.7872844965711722
 1835 3312 12291 0.7877331282445683
 1836 3301 12297 0.7883703038851134
 1837 3295 12318 0.788957919682316
 1838 3283 12336 0.7898072859978231
 1839 3265 12342 0.7907990004485167
 1840 3254 12359 0.7915839364632037
 1841 3246 12372 0.7921628889742605
 1842 3238 12384 0.7927282038151325
 1843 3231 12389 0.7931498079385403
 1844 3222 12406 0.7938315843358075
 1845 3213 12414 0.7943943175273565
 1846 3209 12418 0.7946502847635503
 1847 3193 12433 0.7956610776910278
 1848 3187 12442 0.7960842024441743
 1849 3184 12459 0.7964584798312344
 1850 3178 12469 0.7968939732856138
 1851 3164 12480 0.7977499360777295
 1852 3153 12481 0.7983241652807983
 1853 3143 12491 0.7989637968530127
 1854 3132 12504 0.7996930161166539
 1855 3122 12518 0.800383631713555
 1856 3112 12531 0.8010611775234929
 1857 3102 12535 0.801624352497282
 1858 3088 12550 0.802532293132114
 1859 3079 12563 0.8031581639176576
 1860 3065 12575 0.8040281329923273
 1861 3055 12590 0.804729945669543
 1862 3038 12602 0.8057544757033248
 1863 3027 12613 0.806457800511509
 1864 3013 12629 0.807377573200358
 1865 3002 12633 0.8079948832747041
 1866 2988 12639 0.8087924745632559
 1867 2981 12652 0.8093136314207126
 1868 2974 12676 0.8099680511182109
 1869 2966 12688 0.8105276606618117
 1870 2956 12699 0.8111785372085596
 1871 2941 12711 0.8121006900076667
 1872 2934 12724 0.8126197470941372
 1873 2926 12736 0.8131783935640403
 1874 2916 12742 0.8137693191978541
 1875 2902 12748 0.8145686900958466
 1876 2888 12760 0.815439672801636
 1877 2875 12765 0.8161764705882353
 1878 2865 12775 0.8168158567774936
 1879 2857 12785 0.8173507224140135
 1880 2849 12807 0.8180250383239652
 1881 2837 12817 0.8187683659128657
 1882 2829 12827 0.8193025038323966
 1883 2818 12840 0.8200281006514242
 1884 2810 12854 0.8206077630234934
 1885 2802 12866 0.821164156242022
 1886 2797 12869 0.8214604876803269
 1887 2788 12885 0.8221144643654693
 1888 2777 12892 0.8227710766481587
 1889 2765 12903 0.8235256573908604
 1890 2751 12906 0.8242958421153478
 1891 2742 12915 0.8248706648783292
 1892 2728 12930 0.825775961170009
 1893 2719 12936 0.8263174704567231
 1894 2715 12951 0.8266947529682114
 1895 2699 12958 0.8276170403014627
 1896 2686 12970 0.8284363822176801
 1897 2676 12980 0.8290751149718958
 1898 2660 12984 0.82996676041933
 1899 2646 12998 0.8308616722065968
 1900 2641 13006 0.8312136511791398
 1901 2632 13015 0.8317888413114335
 1902 2624 13020 0.8322679621580159
 1903 2613 13029 0.8329497506712696
 1904 2604 13043 0.833578321723014
 1905 2597 13059 0.8341211037301993
 1906 2588 13064 0.8346537183746486
 1907 2583 13069 0.8349731663685152
 1908 2567 13076 0.8359010419996165
 1909 2553 13079 0.8366811668372569
 1910 2545 13088 0.8372033518838354
 1911 2535 13093 0.8377911441003327
 1912 2526 13103 0.8383773753918997
 1913 2511 13112 0.8392754272546886
 1914 2502 13123 0.839872
 1915 2493 13125 0.8403764886669228
 1916 2479 13146 0.841344
 1917 2472 13165 0.8419134105007354
 1918 2457 13182 0.8428927680798005
 1919 2450 13194 0.8433904372283304
 1920 2437 13208 0.8442313838286992
 1921 2430 13226 0.8447879407256004
 1922 2423 13240 0.8453042201366278
 1923 2408 13246 0.8461735019803245
 1924 2400 13265 0.8467922119374401
 1925 2391 13272 0.8473472514843899
 1926 2381 13285 0.8480148091408145
 1927 2370 13287 0.8486300057482277
 1928 2360 13298 0.8492783241793332
 1929 2352 13298 0.8497124600638978
 1930 2337 13306 0.850604104072109
 1931 2331 13310 0.8509686081452592
 1932 2323 13323 0.8515275469768631
 1933 2311 13342 0.852360569858813
 1934 2301 13349 0.8529712460063897
 1935 2285 13367 0.8540122668029645
 1936 2277 13382 0.8545884156076378
 1937 2267 13386 0.8551715326135565
 1938 2258 13401 0.855801775336867
 1939 2250 13409 0.8563126636439109
 1940 2242 13415 0.8568052628217411
 1941 2232 13420 0.8573984155379504
 1942 2220 13438 0.8582194405415762
 1943 2209 13449 0.858921956827181
 1944 2201 13464 0.8594956910309608
 1945 2189 13471 0.8602171136653896
 1946 2178 13486 0.8609550561797753
 1947 2165 13493 0.8617320219696002
 1948 2159 13506 0.8621768273220556
 1949 2153 13515 0.8625861628797549
 1950 2150 13529 0.8628739077747305
 1951 2148 13533 0.8630189401186149
 1952 2139 13539 0.8635667814772292
 1953 2133 13549 0.8639841856906006
 1954 2128 13561 0.8643635668302633
 1955 2121 13574 0.8648614208346607
 1956 2108 13577 0.8656040803315269
 1957 2096 13585 0.8663350551622984
 1958 2081 13599 0.8672831632653061
 1959 2075 13607 0.867682693533988
 1960 2063 13610 0.8683723601097428
 1961 2055 13613 0.868840949706408
 1962 2042 13620 0.8696207380921976
 1963 2034 13628 0.8701315285404163
 1964 2028 13642 0.8705807275047862
 1965 2018 13653 0.8712271073958266
 1966 2011 13674 0.8717883328020402
 1967 2001 13694 0.8725071678878624
 1968 1992 13702 0.8730725117879444
 1969 1990 13704 0.8731999490251051
 1970 1981 13719 0.8738216560509554
 1971 1973 13723 0.8742991845056065
 1972 1965 13733 0.8748248184482099
 1973 1957 13735 0.87528677032883
 1974 1947 13742 0.8759003123207343
 1975 1941 13757 0.8763536756274685
 1976 1935 13758 0.8766966163257504
 1977 1927 13774 0.8772689637602701
 1978 1917 13785 0.8779136415743217
 1979 1912 13792 0.8782475802343352
 1980 1904 13796 0.8787261146496815
 1981 1897 13803 0.879171974522293
 1982 1891 13814 0.8795924864692773
 1983 1884 13825 0.8800687503978611
 1984 1879 13839 0.880455528693218
 1985 1871 13845 0.8809493509798931
 1986 1862 13861 0.8815747630859251
 1987 1857 13872 0.8819378218577151
 1988 1850 13874 0.8823454591706945
 1989 1842 13891 0.8829212483315324
 1990 1835 13899 0.8833735858650057
 1991 1822 13899 0.8841040646269321
 1992 1814 13908 0.8846202773184073
 1993 1799 13915 0.8855161002927326
 1994 1793 13922 0.8859051861279033
 1995 1787 13927 0.8862797505409189
 1996 1780 13925 0.8866602992677491
 1997 1774 13939 0.8870998536243875
 1998 1769 13954 0.8874896648222349
 1999 1759 13957 0.8880758462713159
 2000 1752 13965 0.8885283451040275
 2001 1746 13975 0.8889383626995738
 2002 1743 13982 0.8891573926868045
 2003 1735 13994 0.8896941954351835
 2004 1729 13995 0.890040702111422
 2005 1724 14002 0.8903726313112044
 2006 1718 14010 0.8907680569684638
 2007 1714 14019 0.8910570139197864
 2008 1702 14024 0.8917715884522447
 2009 1691 14041 0.892512077294686
 2010 1682 14049 0.8930773631682665
 2011 1680 14057 0.8932452182754019
 2012 1674 14062 0.8936197254702593
 2013 1668 14059 0.8939403573472372
 2014 1659 14064 0.8944857851555047
 2015 1646 14070 0.8952659709849835
 2016 1639 14073 0.8956848268839104
 2017 1636 14079 0.8958956411072224
 2018 1623 14088 0.8966965820126026
 2019 1612 14096 0.8973771326712503
 2020 1603 14105 0.8979500891265597
 2021 1596 14114 0.898408656906429
 2022 1591 14122 0.8987462610577229
 2023 1586 14134 0.8991094147582697
 2024 1580 14127 0.8994079073024766
 2025 1571 14135 0.8999745320259773
 2026 1562 14145 0.9005538931686509
