 "time" "normal population" "cancer population" "cancer proportion"patch_inflammation:0.2
 1 10397 0 0
 2 10397 0 0
 3 10545 1 9.482268158543523E-5
 4 10548 1 9.479571523367143E-5
 5 10701 4 3.7365716954694067E-4
 6 10705 4 3.7351760201699503E-4
 7 10887 8 7.34281780633318E-4
 8 10891 8 7.340122947059363E-4
 9 11073 11 9.92421508480693E-4
 10 11082 11 9.916163346254394E-4
 11 11237 12 0.0010667614899102142
 12 11255 12 0.001065057246827017
 13 11400 14 0.0012265638689328894
 14 11423 15 0.0013114180800839308
 15 11562 17 0.0014681751446584334
 16 11586 17 0.0014651383262949237
 17 11742 18 0.001530612244897959
 18 11771 18 0.001526847060819408
 19 11905 23 0.0019282360831656606
 20 11930 23 0.0019242031289216097
 21 12094 24 0.001980524839082357
 22 12120 26 0.002140622427136506
 23 12258 27 0.002197802197802198
 24 12293 28 0.0022725428130833535
 25 12426 30 0.0024084778420038534
 26 12464 30 0.0024011525532255484
 27 12569 32 0.002539480993571939
 28 12606 35 0.0027687682936476544
 29 12731 38 0.0029759573968204246
 30 12763 38 0.0029685180845246467
 31 12872 40 0.0030978934324659233
 32 12908 40 0.0030892801977139327
 33 13041 41 0.0031340773582021098
 34 13079 43 0.0032769394909312605
 35 13200 44 0.0033222591362126247
 36 13233 45 0.0033890646181653863
 37 13338 45 0.0033624747814391394
 38 13365 45 0.003355704697986577
 39 13481 46 0.0034006061950173725
 40 13527 47 0.003462501841756299
 41 13620 48 0.003511852502194908
 42 13665 49 0.003572991103981333
 43 13776 51 0.003688435669342591
 44 13828 53 0.003818168719832865
 45 13910 55 0.003938417472252059
 46 13945 57 0.004070847021854021
 47 14041 60 0.00425501737465428
 48 14079 61 0.004314002828854314
 49 14164 63 0.004428199901595558
 50 14207 64 0.004484619157732465
 51 14280 69 0.004808697470206983
 52 14319 70 0.004864827298630898
 53 14410 73 0.005040392183939792
 54 14443 74 0.00509747192946201
 55 14534 76 0.005201916495550993
 56 14569 78 0.005325322591656995
 57 14646 83 0.0056351415574716545
 58 14680 86 0.005824190708384126
 59 14739 92 0.006203222978895556
 60 14776 93 0.006254623713766898
 61 14858 94 0.0062867843766720175
 62 14892 94 0.00627252101961831
 63 14971 98 0.006503417612316677
 64 15003 98 0.006489636447917357
 65 15071 99 0.006526038233355307
 66 15108 100 0.006575486586007364
 67 15185 100 0.006542361792607131
 68 15218 101 0.006593119655329983
 69 15302 104 0.0067506166428664156
 70 15342 104 0.006733134792179205
 71 15420 108 0.006955177743431221
 72 15452 112 0.00719609354921614
 73 15521 115 0.007354822205167562
 74 15574 117 0.007456503728251864
 75 15643 118 0.0074868345917137235
 76 15682 119 0.007531168913359914
 77 15758 119 0.007495118725199975
 78 15791 120 0.00754195210860411
 79 15873 125 0.007813476684585574
 80 15914 125 0.0077935033356194275
 81 15987 128 0.00794291033198883
 82 16027 130 0.008046048152503558
 83 16120 133 0.008183104657601673
 84 16164 136 0.008343558282208589
 85 16234 140 0.00855014046659338
 86 16284 141 0.008584474885844748
 87 16372 144 0.00871881811576653
 88 16415 144 0.008696177305392837
 89 16506 145 0.008708185694552879
 90 16550 146 0.008744609487302348
 91 16616 148 0.00882844189930804
 92 16649 150 0.008929102922793024
 93 16718 151 0.008951330843559192
 94 16757 152 0.008989295641374417
 95 16829 156 0.009184574624668826
 96 16864 158 0.009282105510515804
 97 16934 159 0.009302053472181595
 98 16979 162 0.009451023860918267
 99 17061 162 0.009406026824595019
 100 17118 166 0.00960425827354779
 101 17187 169 0.009737266651302144
 102 17230 171 0.009827021435549681
 103 17318 174 0.00994740452778413
 104 17366 176 0.010033063504731501
 105 17414 178 0.010118235561618918
 106 17460 180 0.01020408163265306
 107 17539 182 0.01027030077309407
 108 17574 183 0.010305794897786788
 109 17650 187 0.01048382575545215
 110 17683 192 0.010741258741258742
 111 17763 195 0.010858670230537921
 112 17796 196 0.010893730546909737
 113 17853 198 0.010968921389396709
 114 17894 201 0.011108040895274937
 115 17969 201 0.011062190423775453
 116 18011 204 0.011199560801537195
 117 18057 205 0.01122549556456029
 118 18101 209 0.011414527580557072
 119 18181 210 0.011418628677070306
 120 18218 211 0.011449346139237072
 121 18269 214 0.011578207001027971
 122 18301 215 0.011611579174767768
 123 18351 217 0.011686772942697113
 124 18377 219 0.011776726177672617
 125 18435 220 0.011793084963816671
 126 18471 223 0.011928961164009842
 127 18529 227 0.012102793772659416
 128 18553 228 0.012139928651296523
 129 18620 230 0.01220159151193634
 130 18652 232 0.012285532726117349
 131 18706 237 0.012511217864118672
 132 18746 241 0.012692895138779164
 133 18803 244 0.012810416338531002
 134 18829 244 0.012792953389608347
 135 18881 246 0.012861400115020651
 136 18905 247 0.012896825396825396
 137 18964 249 0.01295997501691563
 138 18994 250 0.012991062149241322
 139 19048 254 0.013159258107968086
 140 19083 256 0.013237499353637727
 141 19116 257 0.013265885510762401
 142 19158 258 0.013288009888751545
 143 19205 260 0.013357307988697662
 144 19231 263 0.013491330665845902
 145 19280 268 0.013709842439124207
 146 19304 271 0.01384418901660281
 147 19345 274 0.013966053315663387
 148 19376 277 0.014094540273749555
 149 19432 279 0.014154533001877124
 150 19459 280 0.014185115760676832
 151 19499 282 0.014256104342550932
 152 19519 284 0.014341261425036611
 153 19555 286 0.014414596038506124
 154 19573 287 0.014451158106747231
 155 19615 288 0.014470180374817867
 156 19638 289 0.014502935715361067
 157 19674 294 0.014723557692307692
 158 19694 295 0.014758116964330381
 159 19733 300 0.014975290770229122
 160 19759 302 0.015054085040626091
 161 19793 302 0.01502861408310525
 162 19815 304 0.015110094935135942
 163 19848 307 0.01523195236913917
 164 19878 308 0.015258099673040721
 165 19920 308 0.015226418825390548
 166 19945 309 0.015256245679865705
 167 19986 310 0.015273945605045329
 168 20011 314 0.015448954489544895
 169 20056 320 0.015704750687082842
 170 20074 322 0.015787409295940382
 171 20107 323 0.01581008321096427
 172 20125 324 0.015844295564575284
 173 20161 328 0.016008589975108595
 174 20180 329 0.016041737773660344
 175 20208 332 0.016163583252190847
 176 20227 333 0.01619649805447471
 177 20260 335 0.01626608400097111
 178 20282 336 0.016296440003880103
 179 20304 336 0.01627906976744186
 180 20329 338 0.01635457492621087
 181 20361 339 0.0163768115942029
 182 20374 339 0.01636653309515763
 183 20404 344 0.01657991131675342
 184 20430 344 0.01655916048907288
 185 20458 349 0.016773201326476667
 186 20475 349 0.016759508259700347
 187 20508 351 0.016827268804832447
 188 20526 354 0.01695402298850575
 189 20557 358 0.017116901745158977
 190 20577 360 0.017194440464249894
 191 20608 360 0.01716901945822205
 192 20625 361 0.01720194415324502
 193 20654 361 0.017178206043302405
 194 20665 366 0.017402881460700872
 195 20696 369 0.017517208639924044
 196 20712 370 0.0175505170287449
 197 20742 370 0.017525577870405457
 198 20761 374 0.01769576531819257
 199 20786 375 0.017721279712678985
 200 20802 376 0.01775427330248371
 201 20823 377 0.01778301886792453
 202 20838 380 0.017909322273541334
 203 20870 383 0.01802098527266739
 204 20887 385 0.018098909364422714
 205 20911 385 0.018078512396694214
 206 20924 386 0.018113561708118255
 207 20950 387 0.018137507615878522
 208 20961 387 0.01812816188870152
 209 20987 391 0.018289830667040884
 210 20999 394 0.018417239283877902
 211 21016 395 0.01844846107141189
 212 21025 397 0.01853234992064233
 213 21047 398 0.018559104686407087
 214 21066 399 0.018588399720475192
 215 21090 402 0.01870463428252373
 216 21108 403 0.018734600901864164
 217 21126 404 0.018764514630747794
 218 21142 405 0.018796120109528008
 219 21158 407 0.01887317412473916
 220 21172 409 0.018951855799082526
 221 21196 409 0.018930803054848414
 222 21210 412 0.019054666543335493
 223 21233 418 0.019306267608886426
 224 21246 418 0.019294682422451994
 225 21271 420 0.019362869392835737
 226 21279 423 0.01949129112524191
 227 21306 426 0.019602429596907785
 228 21319 428 0.01968087552306065
 229 21336 429 0.019710544452101998
 230 21350 430 0.019742883379247015
 231 21370 431 0.019769735333241594
 232 21383 433 0.019847818115144848
 233 21404 437 0.020008241380889153
 234 21413 438 0.020044849205985996
 235 21431 439 0.02007315957933242
 236 21443 441 0.0201517090111497
 237 21467 442 0.020174357569948422
 238 21472 445 0.020303873705342885
 239 21491 447 0.02037560397483818
 240 21504 447 0.02036353696870302
 241 21519 447 0.020349631248292817
 242 21528 448 0.02038587550054605
 243 21544 449 0.02041558677761106
 244 21555 449 0.0204053808398473
 245 21573 449 0.020388702206884025
 246 21579 449 0.02038314871981115
 247 21600 449 0.02036373531679441
 248 21604 449 0.020360041717680133
 249 21619 450 0.02039059313969822
 250 21628 451 0.020426649757688303
 251 21641 451 0.020414629730219083
 252 21650 452 0.020450637951316623
 253 21668 452 0.020433996383363472
 254 21677 452 0.0204256857517285
 255 21692 457 0.020632985687841436
 256 21700 458 0.020669735535698168
 257 21712 458 0.02065854758682905
 258 21717 459 0.020698051948051948
 259 21735 463 0.020857734931074873
 260 21744 465 0.020937457787383495
 261 21754 470 0.02114830813534917
 262 21764 471 0.021182819878569823
 263 21777 473 0.021258426966292134
 264 21783 477 0.02142857142857143
 265 21798 479 0.02150199757597522
 266 21811 479 0.02148945715567519
 267 21818 479 0.02148271067856662
 268 21823 482 0.0216095045953822
 269 21831 483 0.021645603656897015
 270 21838 483 0.021638815465256932
 271 21850 486 0.021758595988538684
 272 21858 488 0.021838360332945495
 273 21872 490 0.02191217243538145
 274 21878 492 0.02199374161823871
 275 21888 492 0.02198391420911528
 276 21893 495 0.022110058960157226
 277 21898 496 0.022148789854425293
 278 21904 499 0.02227380261572111
 279 21920 501 0.022345122875875294
 280 21924 504 0.02247191011235955
 281 21932 504 0.02246389730789802
 282 21934 507 0.02259257608840961
 283 21941 508 0.022629070337208783
 284 21946 510 0.022711079444246527
 285 21959 512 0.02278492278937297
 286 21966 513 0.022821299879887895
 287 21972 517 0.022989016852683536
 288 21983 518 0.02302119905781965
 289 21992 519 0.023055395140153704
 290 21994 520 0.02309673980634272
 291 22001 522 0.02317630866225636
 292 22006 523 0.023214523503040527
 293 22014 526 0.02333629103815439
 294 22010 528 0.023427100896264087
 295 22021 529 0.0234589800443459
 296 22019 529 0.023461060847968777
 297 22022 531 0.02354453952910921
 298 22034 533 0.02361855807152036
 299 22043 535 0.02369563291699885
 300 22044 536 0.023737821080602302
 301 22046 538 0.02382217499114417
 302 22047 539 0.023864340742052598
 303 22055 540 0.023899092719628236
 304 22058 542 0.023982300884955753
 305 22063 542 0.02397699623976996
 306 22057 544 0.024069731427812928
 307 22066 545 0.024103312546990403
 308 22060 545 0.024109710241097104
 309 22056 546 0.024157154234138573
 310 22054 550 0.024331976641302426
 311 22051 551 0.024378373595257057
 312 22051 554 0.024507852245078524
 313 22053 554 0.024505684080152166
 314 22046 556 0.02459959295637554
 315 22051 559 0.02472357363998231
 316 22042 560 0.02477656844527033
 317 22046 565 0.02498783777807262
 318 22041 567 0.025079617834394906
 319 22045 567 0.02507518131965328
 320 22041 568 0.025122738732363217
 321 22048 572 0.02528735632183908
 322 22042 575 0.025423354114161915
 323 22048 576 0.02545968882602546
 324 22037 577 0.02551516759529495
 325 22038 577 0.025514039354410788
 326 22034 578 0.02556164868211569
 327 22039 580 0.025642159246651045
 328 22037 581 0.025687505526571758
 329 22035 583 0.02577593067468388
 330 22031 587 0.025952780970908126
 331 22028 589 0.02604235751868064
 332 22027 590 0.026086572047574832
 333 22026 590 0.026087725504067915
 334 22019 595 0.02631113469532148
 335 22017 599 0.026485673859214715
 336 22008 601 0.026582334468574463
 337 22012 602 0.02662067745644291
 338 22008 604 0.026711480629754113
 339 22005 606 0.026801114501791165
 340 21986 608 0.026909799061697794
 341 21985 609 0.02695405859962822
 342 21976 610 0.027007880988222793
 343 21979 611 0.02704736609119079
 344 21965 613 0.027150323323589336
 345 21966 614 0.027192205491585474
 346 21957 617 0.02733232922831576
 347 21957 621 0.027504650544778103
 348 21946 623 0.027604235898799238
 349 21945 626 0.02773470382349032
 350 21935 627 0.027790089531069942
 351 21933 629 0.027878734154773512
 352 21921 630 0.02793667686577092
 353 21926 630 0.02793048412839156
 354 21908 632 0.02803904170363798
 355 21898 636 0.028224017040915948
 356 21883 638 0.028329115048177256
 357 21879 640 0.028420444957591367
 358 21870 642 0.0285181236673774
 359 21866 646 0.028695806680881307
 360 21846 647 0.028764504512515006
 361 21844 649 0.028853421064331124
 362 21837 651 0.028948772678762006
 363 21836 652 0.028993240839558877
 364 21822 653 0.029054505005561736
 365 21818 654 0.029102883588465647
 366 21808 657 0.029245492989094145
 367 21809 660 0.029373803907606036
 368 21796 664 0.02956366874443455
 369 21787 666 0.029661960539794238
 370 21778 668 0.0297603136416288
 371 21773 670 0.029853406407343047
 372 21767 674 0.030034312196426185
 373 21758 676 0.030132834091111706
 374 21739 677 0.030201641684511064
 375 21734 678 0.030251650901302874
 376 21722 680 0.030354432639942863
 377 21715 683 0.030493794088757926
 378 21713 685 0.030583087775694257
 379 21711 691 0.030845460226765466
 380 21693 693 0.03095684803001876
 381 21692 694 0.031001518806396854
 382 21681 694 0.031016759776536312
 383 21674 696 0.031113097898971837
 384 21658 697 0.0311787072243346
 385 21653 700 0.03131570706392878
 386 21647 705 0.031540801717967075
 387 21648 706 0.031582714502997225
 388 21638 708 0.03168352277812584
 389 21631 712 0.03186680392069104
 390 21616 713 0.03193156881185902
 391 21607 718 0.03216125419932811
 392 21591 722 0.03235781831219468
 393 21581 722 0.032372326592835045
 394 21559 722 0.032404290651227505
 395 21550 726 0.032591129466690606
 396 21536 728 0.03269852676967301
 397 21525 730 0.03280161761401932
 398 21507 731 0.03287166112060437
 399 21499 735 0.033057479535846
 400 21474 736 0.03313822602431337
 401 21480 740 0.0333033303330333
 402 21461 741 0.033375371588145214
 403 21456 742 0.0334264348139472
 404 21436 745 0.033587304449754295
 405 21430 751 0.03385780623055768
 406 21414 752 0.03392583235586032
 407 21410 756 0.03410628891094469
 408 21394 759 0.03426172527422922
 409 21381 764 0.03449988710769925
 410 21362 766 0.03461677512653651
 411 21354 769 0.03476020431225422
 412 21335 771 0.03487740884827649
 413 21324 772 0.03493845039826213
 414 21313 777 0.03517428700769579
 415 21301 783 0.035455533417859085
 416 21291 788 0.035690022193034104
 417 21276 789 0.035757987763426244
 418 21250 792 0.035931403683876234
 419 21239 792 0.035949344106032406
 420 21231 793 0.03600617508172902
 421 21226 797 0.0361894383144894
 422 21206 801 0.03639750988321898
 423 21200 803 0.0364950234058992
 424 21178 808 0.03675065951059765
 425 21173 810 0.036846654232816266
 426 21166 811 0.036902215953041814
 427 21159 814 0.03704546488872707
 428 21143 818 0.03724784845863121
 429 21138 825 0.037563174429722714
 430 21110 831 0.037874299257098586
 431 21096 834 0.038030095759233926
 432 21071 838 0.03824912136564882
 433 21069 841 0.03838429940666362
 434 21045 844 0.038558179907716206
 435 21034 851 0.03888508110578021
 436 21015 852 0.038962820688709016
 437 21008 852 0.03897529734675206
 438 20994 855 0.03913222573115474
 439 20987 857 0.03923274125618019
 440 20968 859 0.03935492738351583
 441 20958 860 0.03941699514162618
 442 20939 863 0.039583524447298415
 443 20929 867 0.039777940906588365
 444 20912 870 0.039941235882839043
 445 20896 871 0.040014701153121696
 446 20870 872 0.04010670591481924
 447 20857 875 0.04026320633167679
 448 20835 879 0.040480795799944735
 449 20825 884 0.04072043852779953
 450 20802 887 0.04089630688367375
 451 20786 891 0.041103473727914376
 452 20773 892 0.04117239787675975
 453 20756 896 0.041381858488823205
 454 20733 900 0.041603106365275276
 455 20726 902 0.041705196966894766
 456 20711 903 0.04177847691311187
 457 20691 907 0.041994629132327065
 458 20677 912 0.042243735235536616
 459 20668 915 0.042394477134782005
 460 20648 920 0.04265578635014837
 461 20640 922 0.042760411835636766
 462 20621 925 0.042931402580525385
 463 20604 929 0.04314308271025867
 464 20582 932 0.04332062842800037
 465 20566 935 0.043486349472117575
 466 20550 940 0.043741275011633315
 467 20544 943 0.04388700144273282
 468 20528 944 0.043964232488822655
 469 20519 946 0.04407174470067552
 470 20505 947 0.044145068058922245
 471 20495 951 0.04434393360067145
 472 20468 954 0.04453365698814303
 473 20458 959 0.04477751319045618
 474 20436 961 0.04491283824835257
 475 20428 964 0.04506357516828721
 476 20408 972 0.04546304957904584
 477 20400 979 0.04579260021516442
 478 20382 981 0.04592051678135094
 479 20368 986 0.046174018919172055
 480 20345 988 0.04631322364411944
 481 20339 992 0.046505086493835265
 482 20326 996 0.04671231591783135
 483 20308 999 0.04688599990613414
 484 20296 1000 0.04695717505634861
 485 20281 1006 0.04725889040259313
 486 20257 1011 0.04753620462666917
 487 20243 1013 0.04765713210387655
 488 20226 1016 0.047829771207984186
 489 20222 1024 0.048197307728513605
 490 20206 1025 0.04827846074136875
 491 20191 1027 0.04840229993401829
 492 20175 1028 0.048483705136065654
 493 20164 1032 0.04868843177958105
 494 20142 1034 0.04882886286361919
 495 20131 1038 0.04903396475979026
 496 20098 1041 0.049245470457448315
 497 20093 1051 0.049706772606886114
 498 20074 1056 0.049976336961665875
 499 20058 1061 0.050239121170509965
 500 20022 1066 0.05055007587253414
 501 20006 1069 0.050723606168446025
 502 19989 1076 0.051079990505577974
 503 19972 1082 0.051391659542129764
 504 19954 1087 0.05166104272610617
 505 19950 1093 0.051941263127881006
 506 19935 1097 0.05215861544313427
 507 19927 1102 0.05240382329164487
 508 19916 1106 0.052611549804966226
 509 19905 1112 0.052909549412380456
 510 19882 1121 0.05337332761986383
 511 19873 1124 0.05353145687479164
 512 19861 1128 0.053742436514364667
 513 19856 1136 0.054115853658536585
 514 19843 1141 0.05437476172321769
 515 19835 1145 0.05457578646329838
 516 19828 1149 0.054774276588644706
 517 19819 1151 0.054887935145445876
 518 19799 1157 0.05521091811414392
 519 19787 1158 0.05528765815230365
 520 19760 1162 0.05553962336296721
 521 19755 1167 0.05577860625179237
 522 19747 1171 0.05598049526723396
 523 19737 1179 0.05636833046471601
 524 19714 1182 0.05656584992343032
 525 19713 1187 0.056794258373205744
 526 19686 1193 0.0571387518559318
 527 19675 1195 0.05725922376617154
 528 19660 1197 0.05739080404660306
 529 19653 1200 0.05754567688102431
 530 19635 1202 0.05768584729087681
 531 19626 1207 0.057936926990831854
 532 19615 1211 0.05814846826082781
 533 19606 1214 0.058309317963496636
 534 19592 1218 0.05852955309947141
 535 19579 1229 0.0590638216070742
 536 19565 1238 0.059510647502764025
 537 19546 1239 0.05961029588645658
 538 19528 1245 0.05993356761180378
 539 19516 1251 0.0602398035344537
 540 19502 1256 0.06050679256190385
 541 19494 1258 0.06062066306861989
 542 19478 1265 0.06098442848189751
 543 19467 1269 0.061197916666666664
 544 19458 1276 0.06154142953602778
 545 19447 1281 0.061800463141644155
 546 19432 1284 0.06198107742807492
 547 19429 1294 0.06244269652077402
 548 19416 1299 0.06270818247646633
 549 19417 1307 0.06306697548735765
 550 19408 1314 0.06341086767686517
 551 19400 1322 0.0637969307981855
 552 19379 1325 0.06399729520865534
 553 19372 1331 0.06429019948799691
 554 19355 1341 0.06479512949362196
 555 19346 1344 0.06495891735137747
 556 19340 1352 0.06533926155035763
 557 19334 1355 0.06549374063512012
 558 19320 1359 0.06571884520528072
 559 19306 1366 0.0660797213622291
 560 19300 1374 0.06646028828480216
 561 19291 1382 0.06685048130411649
 562 19281 1386 0.06706343446073451
 563 19276 1388 0.06716995741385985
 564 19254 1394 0.06751259201859744
 565 19251 1402 0.06788360044545587
 566 19231 1411 0.06835577947873268
 567 19218 1420 0.06880511677488128
 568 19202 1430 0.06930981000387747
 569 19189 1437 0.06966934936487928
 570 19165 1442 0.06997622167224729
 571 19154 1447 0.07023930877141886
 572 19144 1452 0.07049912604389202
 573 19148 1457 0.070710992477554
 574 19138 1462 0.07097087378640776
 575 19128 1469 0.07132106617468563
 576 19121 1475 0.07161584773742474
 577 19117 1484 0.07203533809038397
 578 19102 1494 0.072538356962517
 579 19097 1499 0.07278112254806758
 580 19085 1502 0.07295866323407976
 581 19078 1508 0.07325366754104731
 582 19067 1515 0.07360800699640463
 583 19058 1519 0.07382028478398212
 584 19056 1524 0.07405247813411078
 585 19054 1531 0.07437454457128978
 586 19041 1539 0.07478134110787173
 587 19035 1543 0.07498299154436777
 588 19029 1545 0.07509477981918927
 589 19024 1551 0.0753827460510328
 590 19017 1556 0.07563311135954892
 591 19011 1561 0.07587983667120357
 592 18988 1566 0.07618954947942007
 593 18980 1572 0.07648890618917867
 594 18969 1576 0.07670966171817961
 595 18955 1585 0.07716650438169426
 596 18940 1591 0.07749257220788076
 597 18932 1601 0.07797204500073053
 598 18918 1612 0.07851924013638578
 599 18914 1617 0.07875894988066826
 600 18898 1623 0.07908971297695044
 601 18893 1632 0.0795127892813642
 602 18879 1636 0.07974652693151353
 603 18869 1645 0.08018913912450035
 604 18850 1650 0.08048780487804878
 605 18848 1656 0.08076472883339836
 606 18840 1662 0.0810652619256658
 607 18840 1675 0.08164757494516207
 608 18829 1682 0.08200477792404076
 609 18833 1685 0.0821230139389804
 610 18821 1691 0.08243954758190328
 611 18815 1700 0.08286619546673166
 612 18795 1704 0.0831260061466413
 613 18787 1710 0.08342684295262721
 614 18777 1715 0.08369119656451299
 615 18767 1723 0.0840897999023914
 616 18761 1728 0.0843379374298404
 617 18762 1735 0.08464653363906913
 618 18755 1744 0.08507732084491926
 619 18751 1755 0.08558470691504926
 620 18734 1764 0.0860571763098839
 621 18731 1769 0.08629268292682926
 622 18718 1777 0.08670407416443035
 623 18704 1782 0.08698623450161086
 624 18686 1793 0.08755310317886615
 625 18678 1802 0.08798828125
 626 18676 1809 0.08830851842811814
 627 18669 1812 0.08847224256628095
 628 18657 1816 0.08870219313241831
 629 18653 1819 0.08885306760453301
 630 18642 1825 0.08916792886109347
 631 18637 1831 0.08945671291772522
 632 18627 1838 0.08981187393110188
 633 18617 1849 0.09034496237662465
 634 18599 1858 0.09082465659676395
 635 18596 1862 0.09101573956398475
 636 18577 1865 0.09123373446825164
 637 18569 1869 0.09144730404149135
 638 18557 1875 0.09176781519185591
 639 18550 1879 0.09197709138969112
 640 18535 1885 0.09231145935357493
 641 18537 1893 0.09265785609397945
 642 18532 1899 0.09294699231559884
 643 18523 1912 0.09356496207487154
 644 18516 1916 0.0937744714173845
 645 18511 1920 0.09397484215163232
 646 18493 1931 0.09454563258911085
 647 18486 1944 0.09515418502202644
 648 18470 1953 0.09562747882289575
 649 18467 1962 0.09603994321797445
 650 18467 1976 0.09665900308173947
 651 18463 1992 0.09738450256660963
 652 18440 2001 0.09789149258842522
 653 18438 2010 0.0982981220657277
 654 18429 2020 0.0987823365445743
 655 18415 2029 0.0992467227548425
 656 18406 2039 0.09973098557104426
 657 18399 2042 0.09989726530013208
 658 18388 2050 0.10030335649280751
 659 18387 2058 0.10066030814380043
 660 18382 2071 0.1012565393829756
 661 18376 2085 0.10190117785054494
 662 18367 2094 0.10234103904989982
 663 18360 2101 0.10268315331606472
 664 18352 2107 0.1029864607263307
 665 18344 2118 0.10350894340729157
 666 18339 2124 0.10379709719982408
 667 18338 2137 0.10437118437118437
 668 18332 2149 0.10492651725989942
 669 18328 2154 0.10516551118054877
 670 18314 2160 0.10549965810295985
 671 18310 2163 0.10565134567479119
 672 18294 2170 0.10603987490226739
 673 18287 2177 0.10638193901485536
 674 18278 2184 0.10673443456162643
 675 18273 2193 0.10715332746995015
 676 18259 2200 0.10753213744562296
 677 18256 2207 0.10785319845574941
 678 18234 2214 0.10827464788732394
 679 18230 2222 0.10864463133189908
 680 18213 2231 0.10912737233418118
 681 18203 2243 0.10970360950797221
 682 18198 2250 0.11003521126760564
 683 18192 2258 0.1104156479217604
 684 18176 2266 0.11085021035123765
 685 18171 2271 0.11109480481361902
 686 18166 2284 0.11168704156479217
 687 18159 2290 0.11198591618172038
 688 18145 2295 0.112279843444227
 689 18141 2300 0.11251895699818991
 690 18135 2307 0.1128558849427649
 691 18125 2313 0.11317154320383599
 692 18110 2325 0.11377538536824076
 693 18105 2335 0.11423679060665362
 694 18096 2343 0.11463378834580948
 695 18093 2352 0.11504035216434336
 696 18086 2364 0.11559902200488997
 697 18082 2371 0.1159243142815235
 698 18066 2381 0.11644740059666454
 699 18055 2388 0.1168126008902803
 700 18049 2396 0.11719246759598924
 701 18045 2407 0.11769020144729121
 702 18028 2416 0.1181764820974369
 703 18024 2420 0.11837213852475054
 704 18007 2432 0.1189882088164783
 705 18004 2439 0.11930734236658025
 706 17995 2445 0.11961839530332681
 707 17989 2451 0.1199119373776908
 708 17974 2461 0.12043063371666259
 709 17970 2472 0.12092750220135016
 710 17964 2476 0.12113502935420743
 711 17959 2487 0.12163748410447031
 712 17941 2496 0.12213142829182365
 713 17946 2511 0.1227452705675319
 714 17940 2520 0.12316715542521994
 715 17942 2526 0.12341215555989837
 716 17936 2533 0.12374810689335092
 717 17921 2543 0.1242670054730258
 718 17905 2547 0.12453549775083121
 719 17898 2556 0.12496333235552948
 720 17891 2567 0.12547658617655685
 721 17878 2578 0.12602659366445051
 722 17879 2588 0.12644745199589583
 723 17880 2596 0.12678257472162532
 724 17868 2602 0.12711284807034684
 725 17862 2610 0.12749120750293083
 726 17854 2623 0.12809493578160863
 727 17845 2629 0.12840675979290808
 728 17834 2639 0.12890147999804621
 729 17828 2648 0.12932213322914632
 730 17815 2655 0.12970200293111872
 731 17817 2669 0.13028409645611638
 732 17802 2682 0.13093145869947276
 733 17800 2693 0.13141072561362416
 734 17793 2708 0.1320911175064631
 735 17786 2727 0.1329400867742407
 736 17776 2737 0.13342758250865305
 737 17782 2750 0.1339372686538087
 738 17777 2756 0.1342229581649053
 739 17780 2766 0.13462474447581038
 740 17766 2783 0.13543238113776826
 741 17762 2795 0.13596341878678794
 742 17745 2803 0.1364123029005256
 743 17743 2817 0.13701361867704281
 744 17731 2826 0.1374714209271781
 745 17719 2836 0.13797129652152762
 746 17716 2855 0.13878761363083952
 747 17712 2868 0.13935860058309038
 748 17704 2877 0.13978912589281375
 749 17692 2885 0.14020508334548282
 750 17679 2897 0.14079510108864696
 751 17668 2912 0.1414965986394558
 752 17661 2920 0.14187843156309218
 753 17657 2931 0.14236448416553332
 754 17645 2942 0.14290571720017486
 755 17632 2952 0.14341235911387484
 756 17623 2962 0.14389118290017003
 757 17612 2975 0.14450867052023122
 758 17604 2986 0.14502185526954833
 759 17601 2997 0.14549956306437517
 760 17595 3004 0.14583232195737658
 761 17585 3011 0.1461934356185667
 762 17572 3018 0.14657600777076252
 763 17565 3025 0.14691597863040312
 764 17548 3041 0.14770022827723542
 765 17534 3045 0.14796637348753583
 766 17531 3052 0.14827770490210368
 767 17516 3060 0.14871695178849145
 768 17492 3068 0.14922178988326848
 769 17476 3076 0.1496691319579603
 770 17463 3084 0.15009490436560083
 771 17460 3099 0.1507369035458923
 772 17451 3105 0.1510507880910683
 773 17438 3114 0.15151810042818217
 774 17425 3126 0.15210938640455451
 775 17417 3137 0.15262236061107326
 776 17404 3148 0.1531724406383807
 777 17395 3160 0.1537338846995865
 778 17379 3173 0.15438886726352666
 779 17375 3178 0.15462462900793073
 780 17365 3194 0.15535775086336884
 781 17346 3202 0.15583025111933035
 782 17338 3218 0.1565479665304534
 783 17333 3233 0.15720120587377223
 784 17325 3247 0.15783589344740423
 785 17307 3260 0.15850634511596245
 786 17303 3265 0.1587417347335667
 787 17296 3273 0.15912295201516846
 788 17283 3280 0.15950979915381996
 789 17269 3296 0.16027230731825917
 790 17262 3304 0.16065350578624915
 791 17255 3314 0.1611162428897856
 792 17243 3328 0.16178114821836567
 793 17233 3341 0.16238942354427918
 794 17227 3356 0.16304717485303405
 795 17232 3365 0.1633733067922513
 796 17223 3375 0.1638508593067288
 797 17219 3381 0.164126213592233
 798 17210 3389 0.16452254963833196
 799 17203 3395 0.1648218273618798
 800 17191 3400 0.16512068379389053
 801 17176 3411 0.1656870840821878
 802 17166 3419 0.16609181442798154
 803 17165 3426 0.1663833713758438
 804 17156 3437 0.16690137425338708
 805 17152 3447 0.16733822030195641
 806 17141 3455 0.16775101961545932
 807 17131 3463 0.1681557735262698
 808 17115 3472 0.16865011900714044
 809 17103 3478 0.16899081677275157
 810 17095 3490 0.1695409278600923
 811 17094 3496 0.16979116075764936
 812 17077 3510 0.17049594404235682
 813 17067 3521 0.17102195453662328
 814 17060 3532 0.17152292152292153
 815 17046 3550 0.17236356574092057
 816 17036 3559 0.17280893420733187
 817 17030 3572 0.17338122512377438
 818 17015 3581 0.17386871237133425
 819 17002 3600 0.17474031647412872
 820 16991 3614 0.1753943217665615
 821 16996 3625 0.17579166868726057
 822 16988 3641 0.17649910320422707
 823 16974 3648 0.1768984579575211
 824 16965 3661 0.1774944245127509
 825 16958 3674 0.17807289647150057
 826 16962 3692 0.17875472063522804
 827 16955 3710 0.1795306073070409
 828 16938 3720 0.18007551553877432
 829 16935 3734 0.18065702259422323
 830 16922 3749 0.1813651976198539
 831 16918 3767 0.18211264201111918
 832 16911 3774 0.18245105148658447
 833 16904 3787 0.18302643661495335
 834 16894 3792 0.18331238518804988
 835 16890 3801 0.18370305930114542
 836 16875 3810 0.18419144307469182
 837 16864 3824 0.1848414539829853
 838 16854 3841 0.18560038656680358
 839 16847 3852 0.18609594666409005
 840 16838 3862 0.18657004830917875
 841 16828 3867 0.18685672867842473
 842 16817 3881 0.18750603923084355
 843 16806 3889 0.18791978738825804
 844 16793 3901 0.18850874649656904
 845 16784 3906 0.1887868535524408
 846 16774 3915 0.18923099231475662
 847 16771 3923 0.18957185657678555
 848 16758 3930 0.18996519721577726
 849 16753 3941 0.1904416739151445
 850 16743 3957 0.19115942028985508
 851 16731 3963 0.19150478399536097
 852 16717 3978 0.19222034307803817
 853 16703 3987 0.19270178830352827
 854 16683 4007 0.19366843885935234
 855 16671 4023 0.1944041751232241
 856 16662 4026 0.19460556844547564
 857 16653 4043 0.19535175879396985
 858 16640 4056 0.19597989949748743
 859 16630 4063 0.1963465906345141
 860 16623 4072 0.19676250302005316
 861 16625 4083 0.1971701757774773
 862 16614 4090 0.19754636785162288
 863 16612 4103 0.1980690321023413
 864 16596 4114 0.19864799613713183
 865 16584 4127 0.19926609048331803
 866 16573 4144 0.2000289617222571
 867 16558 4154 0.20056006179992275
 868 16540 4164 0.20112055641421947
 869 16528 4178 0.2017772626291896
 870 16517 4189 0.20230850961074084
 871 16504 4201 0.20289785076068584
 872 16499 4214 0.20344711051030753
 873 16499 4223 0.2037930701669723
 874 16482 4231 0.2042678511079998
 875 16474 4243 0.20480764589467587
 876 16467 4259 0.20549068802470327
 877 16456 4276 0.20625120586532897
 878 16448 4287 0.20675186882083435
 879 16439 4298 0.20726238125090418
 880 16418 4308 0.2078548682813857
 881 16411 4316 0.20823081005451827
 882 16389 4331 0.20902509652509652
 883 16377 4345 0.20968053276710744
 884 16353 4361 0.21053393839915033
 885 16346 4371 0.2109861466428537
 886 16332 4389 0.21181410163602143
 887 16326 4398 0.21221771858714533
 888 16315 4416 0.21301432637113502
 889 16300 4433 0.21381372690879275
 890 16284 4450 0.21462332400887432
 891 16267 4469 0.21551890432098766
 892 16253 4483 0.2161940586419753
 893 16240 4504 0.21712302352487467
 894 16232 4522 0.21788570877903055
 895 16216 4531 0.21839302067768834
 896 16199 4544 0.2190618521911006
 897 16187 4559 0.2197532054371927
 898 16179 4576 0.22047699349554326
 899 16168 4591 0.2211570884917385
 900 16161 4606 0.22179419270958733
 901 16152 4619 0.22237735304029657
 902 16146 4632 0.22292809702570027
 903 16135 4643 0.22345750312830878
 904 16128 4657 0.22405580947798892
 905 16117 4663 0.22439846005774783
 906 16106 4680 0.2251515443086693
 907 16100 4695 0.22577542678528492
 908 16085 4707 0.22638514813389765
 909 16081 4719 0.226875
 910 16071 4737 0.22765282583621685
 911 16060 4755 0.22844102810473216
 912 16049 4770 0.22911763293145684
 913 16039 4783 0.22970896167515129
 914 16018 4793 0.23031089327759358
 915 16004 4813 0.23120526492770332
 916 15984 4826 0.23190773666506487
 917 15977 4839 0.23246541122213682
 918 15969 4861 0.23336533845415267
 919 15960 4879 0.23412831709774942
 920 15946 4899 0.23502038858239385
 921 15934 4915 0.23574272147345196
 922 15914 4929 0.23648227222568727
 923 15894 4943 0.23722224888419638
 924 15871 4961 0.2381432411674347
 925 15862 4980 0.2389406007101046
 926 15852 4994 0.23956634366305288
 927 15847 5007 0.24009782295962406
 928 15834 5019 0.2406847935548842
 929 15825 5029 0.2411527764457658
 930 15817 5044 0.24179090168256556
 931 15801 5055 0.24237629459148446
 932 15792 5071 0.24306187988304653
 933 15778 5080 0.24355163486432063
 934 15762 5092 0.24417377961062625
 935 15751 5107 0.24484610221497746
 936 15745 5118 0.24531467190720413
 937 15738 5128 0.24575865043611617
 938 15724 5145 0.2465379270688581
 939 15712 5158 0.24714901772879733
 940 15694 5174 0.24793942879049263
 941 15671 5187 0.2486815610317384
 942 15653 5206 0.24958051680329835
 943 15637 5221 0.25031163102886184
 944 15623 5236 0.25101874490627546
 945 15613 5256 0.2518568211222387
 946 15599 5265 0.25234854294478526
 947 15588 5286 0.2532336878413337
 948 15571 5304 0.25408383233532933
 949 15563 5327 0.255002393489708
 950 15549 5343 0.25574382538770823
 951 15540 5356 0.25631699846860645
 952 15528 5375 0.2571401234272592
 953 15511 5389 0.2578468899521531
 954 15503 5404 0.258478021715215
 955 15486 5419 0.2592202822291318
 956 15477 5435 0.25989862280030607
 957 15460 5451 0.2606761991296447
 958 15435 5471 0.2616952071175739
 959 15422 5489 0.262493424513414
 960 15413 5507 0.2632409177820268
 961 15402 5526 0.2640481651376147
 962 15383 5546 0.2649911605905681
 963 15369 5562 0.26573025655725957
 964 15352 5583 0.2666825889658467
 965 15332 5599 0.26749796951889543
 966 15317 5611 0.2681097094801223
 967 15305 5631 0.2689625525410776
 968 15297 5646 0.26958888411402376
 969 15292 5663 0.27024576473395373
 970 15278 5680 0.27101822693005057
 971 15269 5695 0.27165617248616675
 972 15259 5714 0.27244552519906545
 973 15246 5733 0.2732732732732733
 974 15229 5744 0.27387593572688695
 975 15210 5762 0.2747472820904063
 976 15200 5769 0.27512041585197194
 977 15176 5784 0.27595419847328245
 978 15157 5805 0.276929682282225
 979 15148 5821 0.2776002670608994
 980 15138 5835 0.2782148476612788
 981 15126 5843 0.27864943488006105
 982 15115 5859 0.27934585677505486
 983 15097 5872 0.2800324288235014
 984 15089 5885 0.2805854867931725
 985 15072 5898 0.28125894134477825
 986 15063 5914 0.2819278257138771
 987 15053 5922 0.28233611442193085
 988 15031 5943 0.2833508152951273
 989 15011 5957 0.2840995803128577
 990 14990 5969 0.28479412185695885
 991 14967 5986 0.2856870137927743
 992 14948 6005 0.2865938051830287
 993 14923 6016 0.2873107598261617
 994 14909 6031 0.2880133715377268
 995 14894 6045 0.28869573523090886
 996 14874 6058 0.2894133384291993
 997 14855 6074 0.2902193129150939
 998 14839 6090 0.29098380237947347
 999 14829 6105 0.2916308397821725
 1000 14812 6129 0.29267943269184854
 1001 14784 6138 0.29337539432176657
 1002 14770 6150 0.2939770554493308
 1003 14753 6168 0.2948233832034798
 1004 14736 6185 0.29563596386406005
 1005 14716 6208 0.29669279296501627
 1006 14699 6232 0.29774019397066553
 1007 14681 6249 0.29856665074056377
 1008 14667 6269 0.29943637753152463
 1009 14644 6286 0.3003344481605351
 1010 14628 6297 0.30093189964157707
 1011 14609 6312 0.3017064193872186
 1012 14596 6328 0.30242783406614415
 1013 14576 6342 0.30318386078975046
 1014 14567 6361 0.3039468654434251
 1015 14552 6381 0.3048296947403621
 1016 14541 6401 0.30565371024734983
 1017 14528 6419 0.3064400630161837
 1018 14514 6431 0.30704225352112674
 1019 14497 6450 0.30791998854251207
 1020 14483 6470 0.3087863313129385
 1021 14457 6489 0.30979661987969065
 1022 14437 6497 0.31035635807776824
 1023 14414 6511 0.3111589008363202
 1024 14404 6531 0.3119656078337712
 1025 14384 6544 0.31269113149847094
 1026 14369 6565 0.31360466227190215
 1027 14357 6578 0.3142106520181514
 1028 14340 6594 0.3149899684723416
 1029 14326 6613 0.3158221500549214
 1030 14307 6635 0.31682742813484865
 1031 14287 6643 0.3173913043478261
 1032 14267 6659 0.31821657268469844
 1033 14248 6678 0.3191245340724458
 1034 14238 6696 0.31986242476354254
 1035 14218 6719 0.3209151263313751
 1036 14181 6738 0.3220995267460204
 1037 14163 6753 0.32286288009179576
 1038 14139 6777 0.3240103270223752
 1039 14114 6799 0.325108784009946
 1040 14092 6818 0.32606408417025345
 1041 14066 6828 0.3267923805877285
 1042 14048 6846 0.32765387192495454
 1043 14032 6861 0.32838749820514046
 1044 14015 6878 0.32920116785526254
 1045 14004 6900 0.33008036739380026
 1046 13982 6914 0.33087672281776415
 1047 13953 6924 0.33165684724816785
 1048 13928 6937 0.33247064462017734
 1049 13910 6955 0.3333333333333333
 1050 13889 6978 0.3344036037762975
 1051 13864 7000 0.33550613496932513
 1052 13848 7017 0.3363048166786485
 1053 13824 7039 0.33739155442649665
 1054 13806 7069 0.3386347305389222
 1055 13793 7085 0.3393524283935243
 1056 13770 7113 0.3406119810372073
 1057 13748 7132 0.3415708812260536
 1058 13728 7154 0.3425917057753089
 1059 13707 7186 0.3439429473986503
 1060 13692 7209 0.3449117267116406
 1061 13676 7237 0.34605269449624637
 1062 13660 7257 0.3469426782043314
 1063 13638 7274 0.3478385615914308
 1064 13623 7287 0.348493543758967
 1065 13603 7308 0.34948113433121325
 1066 13586 7326 0.3503251721499617
 1067 13568 7350 0.35137202409408164
 1068 13550 7371 0.35232541465513123
 1069 13527 7398 0.3535483870967742
 1070 13515 7421 0.3544612151318303
 1071 13504 7439 0.35520221553741105
 1072 13479 7453 0.35605771068220904
 1073 13456 7467 0.3568799885293696
 1074 13435 7477 0.3575459066564652
 1075 13415 7500 0.35859431030360983
 1076 13390 7506 0.35920750382848393
 1077 13371 7531 0.36030044971773034
 1078 13360 7540 0.36076555023923446
 1079 13339 7561 0.3617703349282297
 1080 13320 7573 0.3624658976690758
 1081 13300 7585 0.3631793152980608
 1082 13288 7595 0.3636929559929129
 1083 13252 7614 0.364899837055497
 1084 13234 7632 0.3657624844244225
 1085 13213 7651 0.3667082055214724
 1086 13191 7670 0.3676717319399837
 1087 13178 7690 0.36850680467701746
 1088 13162 7706 0.3692735288479969
 1089 13136 7720 0.3701572688914461
 1090 13111 7741 0.3712353731056973
 1091 13087 7758 0.3721755816742624
 1092 13056 7789 0.37366274886063805
 1093 13043 7806 0.37440644635234305
 1094 13013 7825 0.375515884441885
 1095 12986 7852 0.37681159420289856
 1096 12968 7869 0.37764553438594806
 1097 12943 7888 0.37866641063799145
 1098 12917 7904 0.37961673310599875
 1099 12892 7924 0.38066871637202154
 1100 12874 7940 0.381474007879312
 1101 12862 7952 0.38205054290381474
 1102 12836 7969 0.3830329247776977
 1103 12810 7982 0.3838976529434398
 1104 12788 7999 0.38480781257516716
 1105 12768 8014 0.38562217303435664
 1106 12750 8037 0.38663587819310147
 1107 12733 8059 0.38760100038476336
 1108 12722 8074 0.3882477399499904
 1109 12700 8092 0.3891881492881878
 1110 12678 8116 0.39030489564297394
 1111 12656 8134 0.39124579124579123
 1112 12631 8149 0.3921559191530318
 1113 12600 8174 0.3934726099932608
 1114 12579 8202 0.39468745488667534
 1115 12556 8229 0.39591051238874186
 1116 12530 8254 0.3971324095458045
 1117 12509 8274 0.39811384304479625
 1118 12484 8303 0.39943233751864143
 1119 12457 8318 0.40038507821901326
 1120 12434 8344 0.4015785927423236
 1121 12414 8368 0.40265614474064093
 1122 12399 8383 0.4033779232027716
 1123 12377 8402 0.40435054622455363
 1124 12352 8421 0.40538198623212823
 1125 12333 8438 0.40623946848972126
 1126 12315 8455 0.4070775156475686
 1127 12296 8466 0.4077641845679607
 1128 12273 8488 0.40884350464813835
 1129 12248 8508 0.40990556947388707
 1130 12233 8522 0.4105998554565165
 1131 12207 8551 0.4119375662395221
 1132 12183 8569 0.41292405551272165
 1133 12164 8592 0.41395259202158413
 1134 12142 8613 0.41498434112262106
 1135 12124 8641 0.41613291596436314
 1136 12102 8663 0.4171923910426198
 1137 12083 8680 0.41805134132832444
 1138 12061 8703 0.4191388942400308
 1139 12037 8731 0.4204063944530046
 1140 12015 8757 0.42157712305025996
 1141 11996 8774 0.422436206066442
 1142 11975 8796 0.42347503731163644
 1143 11952 8822 0.4246654471936074
 1144 11935 8848 0.42573256988885144
 1145 11916 8874 0.42683982683982685
 1146 11892 8891 0.42780156858971274
 1147 11873 8915 0.42885318452953625
 1148 11850 8934 0.42984988452655887
 1149 11842 8963 0.43080990146599374
 1150 11818 8981 0.4317996057502765
 1151 11797 9005 0.43289106816652245
 1152 11781 9027 0.4338235294117647
 1153 11752 9044 0.4348913252548567
 1154 11739 9067 0.4357877535326348
 1155 11707 9088 0.4370281317624429
 1156 11683 9117 0.4383173076923077
 1157 11661 9142 0.439455847714272
 1158 11649 9175 0.4405973876296581
 1159 11626 9201 0.4417823018197532
 1160 11598 9226 0.4430464848252017
 1161 11574 9247 0.44411891839969264
 1162 11554 9269 0.44513278586178745
 1163 11528 9284 0.44608879492600423
 1164 11506 9302 0.447039600153787
 1165 11478 9326 0.4482791770813305
 1166 11456 9342 0.44917780555822673
 1167 11437 9361 0.4500913549379748
 1168 11417 9390 0.4512904311049166
 1169 11396 9408 0.4522207267833109
 1170 11376 9425 0.45310321619152927
 1171 11354 9449 0.45421333461519975
 1172 11321 9467 0.4554069655570521
 1173 11305 9490 0.45635970185140656
 1174 11287 9502 0.45706864207032566
 1175 11267 9521 0.4580046180488743
 1176 11240 9535 0.4589651022864019
 1177 11220 9552 0.45984979780473717
 1178 11199 9572 0.46083481777478214
 1179 11173 9593 0.4619570451699894
 1180 11155 9616 0.4629531558422801
 1181 11121 9634 0.4641773066730908
 1182 11094 9659 0.46542668529851106
 1183 11066 9678 0.46654454300038567
 1184 11046 9694 0.4674059787849566
 1185 11015 9719 0.4687469856274718
 1186 10995 9743 0.46981386826116306
 1187 10980 9765 0.47071583514099785
 1188 10955 9787 0.4718445665798862
 1189 10931 9802 0.472772874161964
 1190 10919 9824 0.4736055536807598
 1191 10900 9848 0.47464815885868517
 1192 10887 9870 0.47550224020812254
 1193 10856 9892 0.4767688451898978
 1194 10829 9906 0.47774294670846396
 1195 10813 9932 0.47876596770306096
 1196 10781 9954 0.4800578731613214
 1197 10753 9980 0.48135822119326677
 1198 10736 10004 0.4823529411764706
 1199 10720 10030 0.4833734939759036
 1200 10703 10051 0.4842921846391057
 1201 10674 10068 0.4853919583453862
 1202 10645 10083 0.48644345812427636
 1203 10624 10111 0.4876296117675428
 1204 10602 10131 0.4886412964838663
 1205 10575 10151 0.4897713017465985
 1206 10554 10167 0.49066164760388015
 1207 10535 10187 0.4916031271112827
 1208 10523 10207 0.49237819585142306
 1209 10491 10225 0.49357984166827573
 1210 10470 10242 0.49449594438006955
 1211 10451 10272 0.49568112724991553
 1212 10426 10292 0.496766097113621
 1213 10415 10313 0.49753956001543803
 1214 10397 10341 0.4986498215835664
 1215 10370 10360 0.49975880366618425
 1216 10345 10394 0.5011813491489464
 1217 10317 10411 0.5022674642994983
 1218 10294 10427 0.5032093045702427
 1219 10264 10454 0.5045853846896419
 1220 10237 10483 0.5059362934362934
 1221 10213 10507 0.5070945945945946
 1222 10193 10530 0.5081310621049075
 1223 10167 10550 0.5092436163537192
 1224 10139 10577 0.5105715389071249
 1225 10116 10597 0.5116110655144113
 1226 10085 10621 0.5129431082777939
 1227 10065 10645 0.5140028971511347
 1228 10050 10669 0.5149379796322217
 1229 10024 10693 0.516146160158324
 1230 9995 10721 0.5175226877775633
 1231 9968 10743 0.5187098643233065
 1232 9945 10764 0.519774011299435
 1233 9925 10794 0.5209710893382885
 1234 9898 10809 0.5219973921862172
 1235 9875 10831 0.5230850961074085
 1236 9847 10849 0.5242075763432548
 1237 9823 10872 0.5253442860594346
 1238 9808 10897 0.5262979956532239
 1239 9774 10921 0.5277120077313361
 1240 9754 10946 0.528792270531401
 1241 9731 10967 0.5298579572905595
 1242 9712 10990 0.5308665829388465
 1243 9687 11009 0.5319385388480866
 1244 9664 11040 0.5332302936630603
 1245 9636 11059 0.5343802850930176
 1246 9618 11078 0.5352725164282953
 1247 9591 11098 0.5364203199767993
 1248 9566 11118 0.5375169212918197
 1249 9542 11147 0.5387887283097298
 1250 9515 11173 0.5400715390564579
 1251 9496 11197 0.5411008553617165
 1252 9469 11221 0.5423392943450942
 1253 9442 11240 0.5434677497340683
 1254 9413 11266 0.5448039073456163
 1255 9403 11288 0.5455512058382872
 1256 9373 11314 0.546913520568473
 1257 9352 11330 0.5478193598298037
 1258 9334 11358 0.5489077904504156
 1259 9324 11381 0.5496739917894229
 1260 9293 11410 0.5511278558662995
 1261 9273 11424 0.5519640527612697
 1262 9251 11447 0.553048603729829
 1263 9236 11467 0.5538810800367097
 1264 9217 11479 0.5546482412060302
 1265 9197 11494 0.5555072253636847
 1266 9185 11531 0.5566229001737787
 1267 9163 11562 0.5578769601930036
 1268 9145 11585 0.5588519054510371
 1269 9129 11609 0.5597936155849166
 1270 9109 11628 0.5607368471813666
 1271 9087 11651 0.561818883209567
 1272 9065 11669 0.562795408507765
 1273 9046 11692 0.5637959301764877
 1274 9020 11720 0.5650916104146577
 1275 8994 11749 0.5664079448488647
 1276 8970 11771 0.5675232631020684
 1277 8952 11788 0.5683702989392478
 1278 8927 11791 0.5691186407954436
 1279 8903 11813 0.5702355667117204
 1280 8869 11838 0.5716907326025016
 1281 8848 11861 0.5727461490173354
 1282 8822 11883 0.5739193431538275
 1283 8803 11904 0.5748780605592312
 1284 8779 11920 0.5758732305908498
 1285 8756 11954 0.5772090777402221
 1286 8738 11969 0.5780170956681315
 1287 8724 11990 0.5788355701457951
 1288 8706 12024 0.5800289435600579
 1289 8680 12048 0.5812427634118101
 1290 8652 12066 0.5823921227917752
 1291 8634 12087 0.583321268278558
 1292 8612 12109 0.5843829930987887
 1293 8593 12129 0.5853199498117942
 1294 8562 12152 0.5866563676740368
 1295 8544 12175 0.5876248853709156
 1296 8522 12188 0.5885079671656205
 1297 8505 12206 0.5893486553039448
 1298 8477 12231 0.5906412980490632
 1299 8463 12253 0.5914751882602819
 1300 8444 12273 0.5924120287686441
 1301 8414 12287 0.593546205497319
 1302 8385 12321 0.5950449145175312
 1303 8356 12349 0.5964259840618208
 1304 8337 12383 0.5976351351351351
 1305 8316 12404 0.5986486486486486
 1306 8294 12424 0.5996717829906362
 1307 8272 12439 0.6005987156583458
 1308 8248 12457 0.6016421154310553
 1309 8231 12483 0.6026358984261851
 1310 8211 12503 0.6036014289852274
 1311 8193 12527 0.6045849420849421
 1312 8172 12549 0.6056174895034023
 1313 8146 12587 0.6070997926011672
 1314 8125 12604 0.608037049544117
 1315 8093 12622 0.6093169201062032
 1316 8055 12638 0.6107379307012033
 1317 8033 12659 0.611782331335782
 1318 8014 12682 0.6127754155392346
 1319 7989 12702 0.6138900971436857
 1320 7972 12722 0.6147675654779163
 1321 7948 12742 0.6158530691155147
 1322 7928 12761 0.6168011987046257
 1323 7910 12784 0.6177636029767082
 1324 7885 12807 0.6189348540498744
 1325 7859 12830 0.6201363043163034
 1326 7841 12851 0.6210612797216315
 1327 7820 12872 0.6220761647013339
 1328 7805 12896 0.6229650741510072
 1329 7783 12903 0.6237551967514261
 1330 7763 12927 0.6247945867568874
 1331 7749 12947 0.6255798221878623
 1332 7724 12978 0.6268959520819245
 1333 7708 12994 0.6276688242681866
 1334 7690 13018 0.6286459339385745
 1335 7663 13057 0.6301640926640927
 1336 7643 13083 0.6312361285342083
 1337 7616 13107 0.6324856439704676
 1338 7595 13135 0.6336227689339122
 1339 7570 13156 0.6347582746308984
 1340 7547 13185 0.6359733744935365
 1341 7530 13203 0.6368108812038779
 1342 7519 13220 0.6374463571049713
 1343 7494 13245 0.6386518154202228
 1344 7474 13272 0.6397377807770173
 1345 7462 13298 0.6405587668593449
 1346 7437 13316 0.6416421722160651
 1347 7417 13333 0.6425542168674698
 1348 7396 13353 0.6435490867029736
 1349 7379 13375 0.6444540811409849
 1350 7354 13394 0.6455561981877771
 1351 7327 13408 0.6466361224981915
 1352 7308 13417 0.6473823884197829
 1353 7280 13442 0.6486825595984943
 1354 7252 13471 0.6500506683395262
 1355 7234 13497 0.6510539771356905
 1356 7218 13513 0.6518257681732671
 1357 7205 13531 0.6525366512345679
 1358 7186 13551 0.6534696436321551
 1359 7158 13567 0.6546200241254524
 1360 7131 13582 0.6557234586974364
 1361 7102 13601 0.656957928802589
 1362 7079 13627 0.6581184197817058
 1363 7064 13641 0.6588263704419223
 1364 7045 13660 0.6597440231828061
 1365 7016 13676 0.6609317610670791
 1366 6992 13692 0.6619609359891704
 1367 6964 13708 0.6631191950464397
 1368 6951 13721 0.6637480650154799
 1369 6927 13743 0.664876632801161
 1370 6908 13763 0.665812007159789
 1371 6888 13769 0.6665537106065741
 1372 6869 13800 0.6676665537761866
 1373 6844 13821 0.66881200096782
 1374 6822 13834 0.6697327652982185
 1375 6795 13861 0.6710398915569326
 1376 6770 13878 0.6721232080588919
 1377 6760 13907 0.6729085014757826
 1378 6742 13937 0.6739687605783645
 1379 6721 13967 0.6751256767208044
 1380 6700 13995 0.6762503020053153
 1381 6670 14015 0.6775441140923374
 1382 6650 14032 0.6784643651484382
 1383 6627 14052 0.679529957928333
 1384 6606 14070 0.6804991294254208
 1385 6586 14092 0.6814972434471419
 1386 6563 14117 0.6826402321083173
 1387 6537 14140 0.6838516225758089
 1388 6522 14163 0.6846990572878898
 1389 6501 14190 0.6858054226475279
 1390 6482 14217 0.6868447751099087
 1391 6458 14246 0.688079598145286
 1392 6438 14264 0.6890155540527485
 1393 6412 14283 0.690166706934042
 1394 6394 14298 0.6909916876087376
 1395 6374 14321 0.6920028992510269
 1396 6351 14340 0.6930549514281572
 1397 6338 14363 0.6938312158832907
 1398 6318 14390 0.69490052153757
 1399 6294 14419 0.6961328634191087
 1400 6269 14456 0.6975150784077201
 1401 6247 14473 0.698503861003861
 1402 6224 14491 0.699541395124306
 1403 6204 14505 0.7004201071997682
 1404 6174 14536 0.7018831482375664
 1405 6154 14555 0.7028345163938384
 1406 6136 14575 0.7037323161604945
 1407 6112 14594 0.704819858978074
 1408 6093 14620 0.7058369140153526
 1409 6060 14646 0.7073312083454071
 1410 6027 14672 0.7088265133581333
 1411 6019 14682 0.709241099463794
 1412 5998 14702 0.7102415458937198
 1413 5978 14725 0.7112495773559387
 1414 5955 14743 0.7122910426128128
 1415 5933 14758 0.7132569716301773
 1416 5915 14785 0.7142512077294686
 1417 5898 14811 0.7151962914674779
 1418 5877 14831 0.7161966389801043
 1419 5860 14860 0.7171814671814671
 1420 5838 14877 0.7181752353367126
 1421 5809 14893 0.7193990918751811
 1422 5790 14916 0.720370906983483
 1423 5774 14939 0.7212378699367546
 1424 5747 14959 0.722447599729547
 1425 5727 14986 0.7235069762950804
 1426 5702 15004 0.724620882835893
 1427 5675 15033 0.7259513231601313
 1428 5644 15054 0.7273166489515895
 1429 5627 15072 0.7281511184115175
 1430 5606 15104 0.7293095123128923
 1431 5595 15134 0.7300882821168412
 1432 5569 15151 0.7312258687258687
 1433 5549 15168 0.7321523386590723
 1434 5528 15190 0.7331788782701033
 1435 5506 15218 0.7343176992858521
 1436 5487 15242 0.7352983742582855
 1437 5468 15259 0.7361895112654991
 1438 5449 15278 0.737106189993728
 1439 5425 15291 0.7381251206796678
 1440 5399 15314 0.7393424419446725
 1441 5377 15337 0.7404171092015063
 1442 5349 15351 0.7415942028985507
 1443 5327 15368 0.7425948296690021
 1444 5308 15394 0.7435996522075162
 1445 5285 15407 0.7445872801082544
 1446 5272 15424 0.7452647854657904
 1447 5254 15437 0.7460731719104925
 1448 5235 15467 0.7471258815573375
 1449 5214 15494 0.7482132509175198
 1450 5200 15519 0.7490226362276171
 1451 5180 15542 0.7500241289450825
 1452 5158 15559 0.7510257276632717
 1453 5140 15582 0.7519544445516843
 1454 5121 15594 0.7527878349022448
 1455 5099 15614 0.7538260995510067
 1456 5084 15635 0.7546213620348472
 1457 5060 15653 0.75570897503983
 1458 5041 15678 0.7566967517737343
 1459 5023 15696 0.7575655195714079
 1460 5007 15712 0.7583377576137844
 1461 4984 15741 0.7595174909529554
 1462 4963 15772 0.7606462503014227
 1463 4943 15797 0.7616682738669238
 1464 4918 15821 0.7628622402237331
 1465 4907 15837 0.7634496721943694
 1466 4891 15865 0.7643572942763538
 1467 4873 15885 0.765247133635225
 1468 4852 15907 0.7662700515439087
 1469 4835 15920 0.7670440857624669
 1470 4815 15937 0.7679741711642252
 1471 4797 15954 0.7688304178111898
 1472 4786 15972 0.7694382888524907
 1473 4769 15991 0.7702793834296724
 1474 4747 16024 0.771460208945164
 1475 4730 16052 0.7723991916081224
 1476 4718 16070 0.7730421396959785
 1477 4695 16095 0.7741702741702742
 1478 4676 16118 0.7751274406078676
 1479 4656 16131 0.7760138548131044
 1480 4642 16146 0.7766980950548393
 1481 4628 16158 0.7773501395169826
 1482 4611 16188 0.7783066493581422
 1483 4596 16210 0.7791021820628665
 1484 4574 16229 0.7801278661731481
 1485 4564 16246 0.7806823642479577
 1486 4541 16266 0.7817561397606575
 1487 4517 16281 0.7828156553514761
 1488 4501 16306 0.7836785697121161
 1489 4486 16332 0.7845134018637717
 1490 4477 16358 0.7851211903047756
 1491 4458 16382 0.786084452975048
 1492 4439 16398 0.7869654940730432
 1493 4420 16416 0.7878671530044155
 1494 4411 16438 0.7884310998129407
 1495 4393 16455 0.7892843438219493
 1496 4378 16472 0.7900239808153477
 1497 4359 16487 0.7908951357574595
 1498 4346 16493 0.7914487259465426
 1499 4329 16506 0.7922246220302376
 1500 4300 16524 0.7935074913561275
 1501 4294 16549 0.7939835916134913
 1502 4271 16563 0.7949985600460785
 1503 4253 16579 0.7958429339477726
 1504 4236 16601 0.7967077794308202
 1505 4212 16620 0.7978110599078341
 1506 4203 16633 0.7982818199270494
 1507 4187 16650 0.7990593655516629
 1508 4170 16669 0.7998944287153894
 1509 4146 16685 0.800969708607364
 1510 4127 16703 0.8018722995679308
 1511 4105 16718 0.8028622196609518
 1512 4091 16733 0.8035439877064925
 1513 4070 16747 0.8044867175865879
 1514 4062 16767 0.8049834365548034
 1515 4042 16781 0.8058877203092734
 1516 4028 16790 0.8065135940051879
 1517 4003 16812 0.8076867643526303
 1518 3981 16824 0.8086517664023072
 1519 3967 16837 0.8093155162468756
 1520 3960 16856 0.809761721752498
 1521 3947 16877 0.8104590856703804
 1522 3940 16885 0.8108043217286914
 1523 3917 16896 0.8118003171094988
 1524 3909 16916 0.8122929171668668
 1525 3886 16933 0.8133435803833037
 1526 3870 16951 0.814129964939244
 1527 3844 16981 0.8154141656662665
 1528 3825 16989 0.8162294609397521
 1529 3813 17020 0.8169730715691451
 1530 3801 17046 0.8176716074255288
 1531 3789 17061 0.8182733812949641
 1532 3777 17071 0.8188315425940138
 1533 3759 17083 0.8196430285001439
 1534 3743 17097 0.8203934740882918
 1535 3732 17118 0.8210071942446043
 1536 3726 17131 0.8213549407872657
 1537 3714 17138 0.8218875887205064
 1538 3707 17158 0.8223340522405943
 1539 3696 17184 0.8229885057471265
 1540 3686 17194 0.8234674329501915
 1541 3678 17204 0.8238674456469687
 1542 3661 17222 0.824689939184983
 1543 3646 17234 0.8253831417624521
 1544 3626 17247 0.8262827576294735
 1545 3610 17254 0.8269746932515337
 1546 3590 17266 0.827867280398926
 1547 3579 17288 0.8284851679685628
 1548 3565 17298 0.8291233283803864
 1549 3552 17316 0.8297872340425532
 1550 3535 17336 0.8306262277801735
 1551 3522 17344 0.8312086648135724
 1552 3511 17356 0.831743901854603
 1553 3493 17368 0.8325583624946071
 1554 3474 17384 0.8334452008821556
 1555 3458 17396 0.8341804929509926
 1556 3441 17414 0.8350035962598897
 1557 3421 17436 0.8359783286186891
 1558 3402 17453 0.8368736514025413
 1559 3389 17471 0.837535953978907
 1560 3374 17482 0.8382240122746452
 1561 3365 17490 0.8386478062814673
 1562 3352 17510 0.8393250886779791
 1563 3335 17528 0.8401476297752001
 1564 3320 17551 0.8409276028939677
 1565 3303 17567 0.8417345471969334
 1566 3284 17571 0.8425317669623591
 1567 3268 17589 0.8433139953013377
 1568 3258 17613 0.8438982319965502
 1569 3245 17620 0.8444763958782651
 1570 3233 17636 0.845081220949734
 1571 3212 17656 0.8460801226758674
 1572 3200 17663 0.8466184153765038
 1573 3186 17673 0.8472601754638286
 1574 3168 17687 0.8480939822584512
 1575 3157 17697 0.8486141747386593
 1576 3142 17710 0.8493190101668905
 1577 3133 17731 0.8498370398773006
 1578 3119 17743 0.8504937206403989
 1579 3105 17765 0.8512218495448012
 1580 3088 17775 0.8519867708383262
 1581 3073 17792 0.852719865803978
 1582 3057 17802 0.8534445563066302
 1583 3045 17813 0.8540128487870361
 1584 3029 17839 0.8548495303814453
 1585 3019 17859 0.8553980266309034
 1586 2999 17873 0.8563146799540053
 1587 2984 17883 0.8569990894714142
 1588 2976 17898 0.8574302960620868
 1589 2968 17909 0.8578339799779662
 1590 2954 17931 0.8585587742398851
 1591 2941 17943 0.8591744876460449
 1592 2922 17965 0.8601043711399435
 1593 2906 17983 0.8608837187036239
 1594 2893 18003 0.861552450229709
 1595 2883 18009 0.8620045950603101
 1596 2873 18023 0.8625095712098009
 1597 2865 18036 0.8629252188890484
 1598 2851 18045 0.863562404287902
 1599 2841 18061 0.8640799923452301
 1600 2827 18080 0.8647821303869517
 1601 2812 18102 0.8655446112651812
 1602 2804 18110 0.8659271301520512
 1603 2797 18126 0.8663193614682407
 1604 2780 18133 0.8670683307033903
 1605 2772 18137 0.867425510545698
 1606 2750 18150 0.868421052631579
 1607 2736 18162 0.8690783807062877
 1608 2720 18185 0.869887586701746
 1609 2705 18204 0.8706298723037926
 1610 2693 18222 0.8712407363136505
 1611 2679 18225 0.8718427095292767
 1612 2662 18242 0.8726559510141599
 1613 2645 18256 0.8734510310511459
 1614 2634 18260 0.873935100985929
 1615 2622 18278 0.8745454545454545
 1616 2609 18285 0.8751316167320762
 1617 2597 18303 0.8757416267942584
 1618 2579 18311 0.8765438008616563
 1619 2565 18325 0.8772139779798946
 1620 2548 18338 0.8780044048645025
 1621 2533 18351 0.8787109749090213
 1622 2524 18371 0.8792055515673606
 1623 2511 18390 0.879862207549878
 1624 2499 18403 0.8804420629604822
 1625 2486 18408 0.8810184742031205
 1626 2473 18418 0.8816236656933608
 1627 2462 18426 0.8821332822673306
 1628 2448 18433 0.8827642354293377
 1629 2428 18444 0.8836719049444232
 1630 2417 18454 0.8841933783719036
 1631 2394 18461 0.8852073843203069
 1632 2382 18468 0.8857553956834532
 1633 2375 18479 0.8861129759278795
 1634 2360 18484 0.886777969679524
 1635 2342 18504 0.8876523073971025
 1636 2331 18522 0.8882175226586103
 1637 2322 18539 0.8886918172666699
 1638 2312 18554 0.8891977379468993
 1639 2304 18555 0.8895440816913562
 1640 2286 18561 0.8903439343790474
 1641 2276 18572 0.8908288564850345
 1642 2256 18595 0.8918037504196441
 1643 2248 18601 0.892177082833709
 1644 2235 18616 0.8928108963598869
 1645 2221 18618 0.8934209894908585
 1646 2215 18637 0.8937751774410129
 1647 2206 18644 0.8941966426858513
 1648 2198 18651 0.8945752793898988
 1649 2186 18662 0.8951458173445894
 1650 2175 18675 0.89568345323741
 1651 2159 18680 0.896396180238975
 1652 2151 18685 0.8967652140526012
 1653 2139 18695 0.8973312853988672
 1654 2126 18707 0.8979503672058753
 1655 2118 18719 0.8983538897154101
 1656 2103 18740 0.89910281629324
 1657 2096 18745 0.8994290101242742
 1658 2089 18761 0.8998081534772182
 1659 2075 18774 0.9004748429181255
