 "time" "normal population" "cancer population" "cancer proportion"patch_inflammation:0.2
 1 10391 0 0
 2 10391 0 0
 3 10597 2 1.8869704689121616E-4
 4 10599 2 1.8866144703329874E-4
 5 10755 4 3.717817641044707E-4
 6 10764 4 3.714710252600297E-4
 7 10942 9 8.218427540863848E-4
 8 10948 9 8.213927169845761E-4
 9 11112 12 0.0010787486515641855
 10 11121 12 0.0010778765831312314
 11 11269 16 0.0014178112538768277
 12 11280 17 0.0015048242896344162
 13 11429 19 0.0016596785464709992
 14 11462 19 0.0016549081090497344
 15 11615 25 0.002147766323024055
 16 11637 26 0.0022292720569321786
 17 11794 28 0.0023684655726611404
 18 11825 28 0.002362271154981861
 19 11951 30 0.002503964610633503
 20 11981 30 0.002497710432103905
 21 12113 34 0.002799045031695069
 22 12137 34 0.0027935255936241887
 23 12290 38 0.003082414016872161
 24 12330 39 0.0031530439000727628
 25 12462 42 0.0033589251439539347
 26 12491 42 0.0033511529561956435
 27 12591 49 0.0038765822784810125
 28 12634 49 0.003863439249388946
 29 12749 49 0.0038287232380059383
 30 12781 51 0.003974438902743142
 31 12908 54 0.00416602376176516
 32 12935 56 0.004310676622276961
 33 13054 57 0.004347494470292121
 34 13082 59 0.004489764858077772
 35 13200 64 0.0048250904704463205
 36 13240 64 0.004810583283223091
 37 13338 71 0.005294951152211201
 38 13382 72 0.005351568306823249
 39 13495 74 0.005453607487655686
 40 13531 74 0.005439176773245131
 41 13636 79 0.005760116660590594
 42 13670 79 0.005745872427085606
 43 13775 83 0.005989320248232068
 44 13813 86 0.006187495503273617
 45 13905 87 0.006217838765008576
 46 13945 89 0.006341741484965085
 47 14047 90 0.006366272900898352
 48 14084 93 0.006559920998800875
 49 14186 94 0.0065826330532212885
 50 14210 95 0.006641034603285564
 51 14303 96 0.006667129661782068
 52 14341 97 0.006718382047374983
 53 14442 103 0.007081471295978
 54 14478 105 0.00720016457519029
 55 14560 106 0.007227601254602482
 56 14596 108 0.0073449401523395
 57 14688 111 0.0075005067909993915
 58 14735 112 0.007543611504007544
 59 14804 118 0.007907787159898138
 60 14839 120 0.008021926599371615
 61 14911 120 0.00798350076508549
 62 14944 121 0.008031861931629605
 63 15031 121 0.007985744456177403
 64 15061 124 0.008165953243332236
 65 15119 124 0.008134881584989831
 66 15167 129 0.008433577405857741
 67 15233 132 0.008590953465668728
 68 15265 135 0.008766233766233766
 69 15337 140 0.009045680687471733
 70 15383 141 0.00908271064158722
 71 15442 143 0.009175489252486365
 72 15480 147 0.009406795930120945
 73 15553 150 0.009552314844297269
 74 15593 154 0.009779640566457103
 75 15676 156 0.009853461344113188
 76 15711 158 0.009956518999306824
 77 15780 159 0.00997553171466215
 78 15821 162 0.01013576925483326
 79 15905 165 0.010267579340385812
 80 15952 167 0.010360444196290092
 81 16028 171 0.010556207173282301
 82 16078 173 0.010645498738539167
 83 16144 176 0.010784313725490196
 84 16198 178 0.010869565217391304
 85 16273 181 0.011000364652971922
 86 16302 183 0.011101000909918108
 87 16367 184 0.01111715304211226
 88 16420 185 0.011141222523336344
 89 16484 190 0.01139498620606933
 90 16525 194 0.011603564806507566
 91 16598 196 0.011670834821960224
 92 16639 198 0.011759814693829067
 93 16706 198 0.01171320397539044
 94 16751 200 0.01179871394018052
 95 16828 203 0.011919441019317715
 96 16863 205 0.012010780407780643
 97 16930 209 0.012194410409008694
 98 16978 209 0.012160353755745621
 99 17050 210 0.01216685979142526
 100 17111 211 0.012181041450178964
 101 17161 216 0.01243022385912413
 102 17204 217 0.012456230985592101
 103 17261 219 0.012528604118993135
 104 17305 223 0.012722501141031493
 105 17373 223 0.012673334848829279
 106 17413 226 0.012812517716423834
 107 17478 230 0.012988479783148859
 108 17523 236 0.013289036544850499
 109 17588 239 0.013406630392101868
 110 17637 243 0.013590604026845638
 111 17698 248 0.013819235484230469
 112 17744 251 0.013948318977493749
 113 17798 255 0.014125076164626377
 114 17831 258 0.014262811653491072
 115 17897 259 0.014265256664463538
 116 17943 260 0.014283359885733121
 117 18006 261 0.014288060436853342
 118 18044 263 0.014366089473971704
 119 18104 268 0.014587415632484215
 120 18142 270 0.014664349337388659
 121 18203 273 0.014775925525005413
 122 18235 274 0.014803609055054298
 123 18298 276 0.014859480994939162
 124 18339 277 0.014879673399226473
 125 18391 280 0.014996518665309839
 126 18428 286 0.015282676071390403
 127 18470 287 0.015300954310390788
 128 18507 292 0.015532741103250173
 129 18557 292 0.015491538012626664
 130 18595 293 0.015512494705633206
 131 18643 297 0.015681098204857444
 132 18686 298 0.015697429414243572
 133 18724 298 0.015666070865313846
 134 18758 302 0.01584470094438615
 135 18800 305 0.01596440722323999
 136 18833 307 0.016039707419017765
 137 18881 312 0.016255926639920804
 138 18913 314 0.016331200915379415
 139 18956 317 0.01644788045452187
 140 18978 317 0.016429126716766003
 141 19023 322 0.016645127940036183
 142 19046 324 0.016726897263810016
 143 19098 325 0.01673273953560212
 144 19132 329 0.0169056060839628
 145 19173 330 0.01692047377326565
 146 19210 331 0.01693874417890589
 147 19259 334 0.01704690450671158
 148 19281 338 0.017228197155818338
 149 19324 341 0.01734045258072718
 150 19354 341 0.017314039096217315
 151 19404 343 0.017369727047146403
 152 19437 343 0.017340748230535896
 153 19479 348 0.017551823271296715
 154 19505 350 0.017627801561319566
 155 19539 352 0.017696445628676286
 156 19562 353 0.01772533266382124
 157 19612 354 0.017730141240108185
 158 19639 356 0.017804451112778195
 159 19690 359 0.017906129981545213
 160 19711 362 0.018034175260299906
 161 19752 365 0.018143858428195058
 162 19785 367 0.018211591901548235
 163 19818 370 0.018327719437289478
 164 19844 370 0.01830414564163451
 165 19881 372 0.018367649237150053
 166 19899 373 0.018399763220205208
 167 19930 374 0.01842001576044129
 168 19955 377 0.01854219948849105
 169 19993 379 0.018603966228156292
 170 20014 380 0.018632931254290476
 171 20051 382 0.018695247883325994
 172 20066 385 0.01882548530634199
 173 20099 387 0.018890949917016498
 174 20124 391 0.01905922495734828
 175 20155 392 0.01907821093103616
 176 20176 395 0.019201788926158182
 177 20215 395 0.019165453663270257
 178 20222 400 0.01939676074095626
 179 20254 403 0.019509125235997484
 180 20273 404 0.019538617787880252
 181 20304 408 0.019698725376593278
 182 20315 408 0.019688269073010665
 183 20348 411 0.01979864155306132
 184 20370 411 0.019777681536018478
 185 20409 414 0.019881861403256016
 186 20433 415 0.019905986185725248
 187 20466 415 0.0198745270820363
 188 20486 416 0.019902401684049373
 189 20511 420 0.020065930915866417
 190 20526 421 0.020098343438201174
 191 20550 423 0.020168788442282936
 192 20569 424 0.020197208593340638
 193 20596 426 0.020264484825420988
 194 20610 427 0.020297570946427722
 195 20636 429 0.020365535248041775
 196 20651 435 0.020629801764203738
 197 20675 437 0.02069912845774915
 198 20695 441 0.020864875094625285
 199 20735 443 0.020917933704787988
 200 20748 448 0.021136063408190225
 201 20772 450 0.021204410517387615
 202 20785 455 0.02142184557438795
 203 20812 455 0.021394648986692997
 204 20827 457 0.021471527908287914
 205 20853 460 0.021583071364894665
 206 20867 460 0.021568903268157736
 207 20896 460 0.021539614159955048
 208 20917 460 0.02151845441362212
 209 20938 461 0.021543062759942052
 210 20956 462 0.021570641516481463
 211 20979 463 0.021593134968752915
 212 20987 464 0.021630693207775862
 213 21005 465 0.021658127619934794
 214 21022 469 0.021823088734819227
 215 21043 470 0.021847255148050016
 216 21065 471 0.021870356612184248
 217 21092 471 0.021842971757176644
 218 21111 471 0.021823742007228246
 219 21142 472 0.021837697788470434
 220 21162 474 0.021907931225734888
 221 21179 477 0.022026228297007757
 222 21198 479 0.02209715366517507
 223 21214 480 0.022125933437816908
 224 21228 481 0.022156709198949746
 225 21245 482 0.02218437888341695
 226 21260 482 0.02216907368227394
 227 21277 484 0.022241624925325124
 228 21289 487 0.022364070536370316
 229 21310 489 0.022432221661544106
 230 21327 492 0.022549154406709748
 231 21349 494 0.022615941033740785
 232 21357 498 0.022786547700754976
 233 21371 499 0.022816643804298126
 234 21385 499 0.022802047157740816
 235 21399 501 0.02287671232876712
 236 21410 502 0.02290982110259219
 237 21428 503 0.022935570653412975
 238 21441 507 0.02310005467468562
 239 21458 508 0.023126650277701902
 240 21463 509 0.023165847442199163
 241 21475 512 0.02328648746986856
 242 21488 514 0.023361512589764568
 243 21509 514 0.023339236253008218
 244 21520 517 0.023460543631165766
 245 21536 519 0.023532078893674903
 246 21539 519 0.023528878411460695
 247 21561 519 0.023505434782608695
 248 21571 521 0.023583197537570162
 249 21584 522 0.023613498597665792
 250 21587 524 0.023698611550811814
 251 21607 526 0.02376541815388786
 252 21618 526 0.023753612716763007
 253 21633 527 0.02378158844765343
 254 21641 528 0.023817041815147277
 255 21656 529 0.02384494027496056
 256 21666 530 0.02387817624797261
 257 21677 531 0.023910302593659942
 258 21679 535 0.024083911047087424
 259 21695 536 0.024110476361837073
 260 21701 539 0.024235611510791368
 261 21712 539 0.024223630398633768
 262 21722 541 0.024300408749943853
 263 21728 543 0.024381482645592922
 264 21733 545 0.02446359637310351
 265 21745 545 0.024450426200089727
 266 21752 546 0.024486501031482644
 267 21764 547 0.024517054367800637
 268 21766 548 0.024558573093125393
 269 21781 550 0.024629438896601137
 270 21789 554 0.02479523788211073
 271 21805 556 0.02486471982469478
 272 21810 559 0.02498994143680987
 273 21821 560 0.025021223359099235
 274 21826 565 0.02523335268634719
 275 21835 567 0.02531024015712883
 276 21840 570 0.025435073627844713
 277 21844 574 0.025604425015612456
 278 21850 574 0.02559757402782733
 279 21853 575 0.025637595862314965
 280 21854 576 0.025679893000445833
 281 21860 578 0.025759871646314287
 282 21864 583 0.02597229028377957
 283 21875 584 0.026002938688276415
 284 21877 586 0.026087343631749988
 285 21891 588 0.0261577472307487
 286 21893 593 0.02637196477808414
 287 21901 596 0.026492421211717118
 288 21902 598 0.026577777777777777
 289 21911 599 0.026610395379831186
 290 21912 603 0.026782145236508993
 291 21915 606 0.026908218995604104
 292 21914 608 0.026995826303170233
 293 21920 609 0.02703182564694394
 294 21918 612 0.027163781624500664
 295 21923 613 0.02720092296769613
 296 21932 615 0.027276356056238082
 297 21934 617 0.027360205755842314
 298 21933 621 0.02753391859537111
 299 21937 625 0.027701444907366368
 300 21935 627 0.027790089531069942
 301 21939 629 0.027871322226160934
 302 21945 634 0.028079188626599937
 303 21952 636 0.028156543297326014
 304 21950 637 0.028202063133660957
 305 21956 638 0.028237585199610515
 306 21951 642 0.02841588102509627
 307 21957 644 0.028494314410866774
 308 21959 647 0.02862072016278864
 309 21959 650 0.028749612985979035
 310 21962 651 0.028788749834166186
 311 21962 653 0.0288746407251824
 312 21964 655 0.02895795570095937
 313 21975 656 0.0289867880341125
 314 21970 658 0.02907901714689765
 315 21971 660 0.029163536741637578
 316 21967 662 0.02925449644261788
 317 21967 664 0.029340285449162652
 318 21961 664 0.02934806629834254
 319 21956 665 0.029397462534812784
 320 21946 665 0.0294104639334837
 321 21944 666 0.029455992923485184
 322 21945 668 0.029540529783752708
 323 21952 670 0.029617186809300682
 324 21949 673 0.029749801078596056
 325 21956 675 0.029826344394856614
 326 21951 678 0.029961553758451543
 327 21956 682 0.03012633624878523
 328 21950 687 0.030348544418430004
 329 21950 691 0.030519853363367343
 330 21940 695 0.030704660923348795
 331 21940 695 0.030704660923348795
 332 21928 697 0.030806629834254144
 333 21926 697 0.030809353313000044
 334 21917 700 0.03095017022593624
 335 21917 702 0.03103585481232592
 336 21910 704 0.031131157689926595
 337 21914 707 0.03125414437911675
 338 21904 708 0.0313108084203078
 339 21905 713 0.03152356530197188
 340 21892 717 0.031713034632226106
 341 21891 717 0.03171443736730361
 342 21887 719 0.031805715296823855
 343 21889 719 0.031802901627742394
 344 21882 721 0.03189842056364199
 345 21877 724 0.032033980797309854
 346 21869 728 0.03221666592910563
 347 21869 729 0.03225949199044163
 348 21861 730 0.03231375326457439
 349 21857 731 0.032362316274127854
 350 21841 734 0.03251384274640089
 351 21843 735 0.032553813446718045
 352 21840 739 0.03272952743699898
 353 21832 739 0.03274112799610119
 354 21827 741 0.032834101382488476
 355 21823 744 0.032968493818407406
 356 21809 746 0.033074706273553536
 357 21802 749 0.03321360471819432
 358 21791 750 0.033272703074397766
 359 21780 756 0.03354632587859425
 360 21776 757 0.03359517152620601
 361 21772 761 0.03377268894510274
 362 21761 762 0.03383208275984549
 363 21755 765 0.03396980461811723
 364 21741 767 0.03407677270303892
 365 21742 770 0.034203980099502485
 366 21734 772 0.03430196392073225
 367 21725 774 0.03440152895684253
 368 21717 776 0.03449962210465478
 369 21717 780 0.03467128950526737
 370 21703 780 0.03469287906418183
 371 21703 782 0.03477874138314432
 372 21692 783 0.03483870967741935
 373 21681 783 0.03485576923076923
 374 21668 786 0.03500489890442683
 375 21650 786 0.03503298270636477
 376 21642 788 0.035131520285332146
 377 21635 788 0.03514248762431432
 378 21614 789 0.035218497522653214
 379 21612 790 0.035264708508168915
 380 21590 792 0.03538557769636315
 381 21581 792 0.03539981227372279
 382 21572 793 0.03545718756986363
 383 21560 795 0.03556251397897562
 384 21546 798 0.03571428571428571
 385 21536 803 0.03594610322753928
 386 21526 807 0.03613486768459231
 387 21522 809 0.036227665577000585
 388 21499 811 0.036351411922904524
 389 21482 812 0.03642235579079573
 390 21468 815 0.036574967463985995
 391 21464 818 0.036711246746252583
 392 21453 825 0.037032049555615405
 393 21453 830 0.03724812637436611
 394 21437 834 0.03744780207444659
 395 21426 836 0.03755278052286407
 396 21410 839 0.03770955998022383
 397 21403 841 0.037807948210753464
 398 21385 842 0.037881855401088765
 399 21376 842 0.037897200468088935
 400 21355 844 0.03801973061849633
 401 21337 848 0.03822402524228082
 402 21325 850 0.038331454340473504
 403 21317 853 0.03847541723049166
 404 21297 858 0.03872714962762356
 405 21291 859 0.03878103837471783
 406 21282 863 0.038970422217204786
 407 21273 867 0.03915989159891599
 408 21264 870 0.03930604499864462
 409 21252 872 0.0394142108117881
 410 21241 875 0.039564116476758907
 411 21229 877 0.0396724871075726
 412 21203 880 0.039849658108046915
 413 21187 882 0.03996556255380851
 414 21167 884 0.040088884857829576
 415 21153 886 0.040201461046326964
 416 21132 890 0.04041413132322223
 417 21112 892 0.04053808398473005
 418 21091 896 0.04075135307226998
 419 21072 899 0.040917573164626096
 420 21051 901 0.041044096209912534
 421 21041 905 0.04123758315866217
 422 21018 909 0.0414557394992475
 423 21006 912 0.041609635915685735
 424 20988 916 0.041818845872899926
 425 20981 920 0.042007214282452854
 426 20957 922 0.04214086567027744
 427 20939 925 0.042306988657153315
 428 20920 927 0.042431455119696065
 429 20908 930 0.04258631742833593
 430 20883 936 0.04289839131032586
 431 20871 938 0.04300976661011509
 432 20854 939 0.04308722984444546
 433 20841 940 0.04315687984941004
 434 20825 941 0.043232564550215936
 435 20811 944 0.043392323603769246
 436 20785 947 0.04357629302411191
 437 20779 954 0.04389637877881562
 438 20768 955 0.043962620264236064
 439 20754 958 0.04412306558585114
 440 20735 965 0.044470046082949306
 441 20727 967 0.044574536738268646
 442 20709 969 0.044699695543869364
 443 20696 974 0.044946931241347486
 444 20680 979 0.0452006094464195
 445 20672 984 0.04543775397118582
 446 20652 988 0.04565619223659889
 447 20643 992 0.045851629304367925
 448 20621 994 0.045986583391163544
 449 20611 998 0.046184460178629275
 450 20591 1000 0.046315594460654905
 451 20579 1004 0.04651809294352036
 452 20560 1006 0.046647500695539273
 453 20553 1012 0.04692789241827035
 454 20537 1017 0.047183817388883734
 455 20507 1020 0.047382357039996284
 456 20483 1020 0.04743524159419616
 457 20475 1027 0.047762998790810154
 458 20460 1033 0.04806215977294933
 459 20446 1036 0.04822642212084536
 460 20430 1040 0.04843968327899394
 461 20420 1041 0.048506593355388844
 462 20402 1049 0.04890214908395879
 463 20379 1053 0.04913213885778275
 464 20366 1059 0.04942823803967328
 465 20352 1064 0.049682480388494585
 466 20340 1065 0.049754730203223546
 467 20330 1071 0.050044390449044435
 468 20317 1076 0.05029682606460057
 469 20303 1079 0.05046300626695351
 470 20285 1080 0.05054996489585771
 471 20268 1081 0.05063469014942152
 472 20253 1089 0.05102614562833849
 473 20245 1092 0.05117870366030838
 474 20229 1098 0.05148403432268955
 475 20212 1102 0.0517031059397579
 476 20196 1113 0.05223145149936646
 477 20194 1121 0.052592071311283135
 478 20183 1124 0.052752616511005775
 479 20172 1132 0.053135561396920765
 480 20161 1134 0.05325193707443062
 481 20148 1136 0.05337342604773539
 482 20133 1141 0.053633543292281656
 483 20122 1147 0.05392825238610184
 484 20113 1149 0.05404007148904148
 485 20098 1151 0.05416725492964375
 486 20093 1155 0.054358057228915665
 487 20083 1157 0.05447269303201507
 488 20073 1159 0.05458741522230595
 489 20061 1164 0.054840989399293286
 490 20047 1167 0.05501084189686056
 491 20025 1170 0.055201698513800426
 492 20005 1173 0.05538766644631221
 493 19991 1177 0.05560279667422525
 494 19973 1180 0.05578404954379993
 495 19964 1188 0.056164901664145235
 496 19948 1190 0.05629671681332198
 497 19938 1199 0.05672517386573307
 498 19918 1202 0.05691287878787879
 499 19908 1203 0.05698451044479182
 500 19899 1210 0.0573215216258468
 501 19877 1213 0.0575154101469891
 502 19859 1217 0.05774340482064908
 503 19854 1222 0.057980641487948376
 504 19834 1225 0.058169903604159745
 505 19831 1228 0.05831236051094544
 506 19813 1231 0.058496483558258885
 507 19808 1235 0.05868935037779784
 508 19794 1244 0.0591310961117977
 509 19791 1246 0.059228977515805484
 510 19776 1249 0.059405469678953625
 511 19765 1253 0.059615567608716336
 512 19757 1258 0.05986200333095408
 513 19743 1261 0.06003618358407922
 514 19727 1268 0.06039533222195761
 515 19714 1274 0.060701353154183346
 516 19704 1278 0.06090935087217615
 517 19684 1284 0.06123616940099199
 518 19664 1290 0.06156342464445929
 519 19647 1296 0.0618822518263859
 520 19620 1299 0.06209665854008318
 521 19604 1300 0.06218905472636816
 522 19588 1303 0.062371356086352976
 523 19574 1308 0.06263767838329662
 524 19556 1313 0.06291628731611482
 525 19540 1317 0.06314426811142541
 526 19521 1321 0.06338163324057192
 527 19501 1323 0.06353246254321936
 528 19487 1324 0.0636202008553169
 529 19479 1328 0.06382467438842697
 530 19466 1333 0.06408961969325448
 531 19456 1339 0.06439047848040394
 532 19444 1343 0.06460768749699332
 533 19437 1351 0.06498941697132961
 534 19421 1359 0.06539942252165544
 535 19409 1365 0.06570713391739674
 536 19387 1373 0.06613680154142582
 537 19385 1379 0.06641302253900982
 538 19372 1385 0.06672447848918438
 539 19350 1391 0.06706523311315751
 540 19337 1395 0.06728728535597145
 541 19331 1398 0.06744174827536302
 542 19317 1398 0.06748732802317162
 543 19312 1404 0.0677737014867735
 544 19292 1413 0.06824438541415118
 545 19281 1419 0.06855072463768117
 546 19274 1422 0.06870892926169309
 547 19269 1426 0.06890553273737618
 548 19251 1434 0.0693255982596084
 549 19243 1438 0.06953242106281128
 550 19224 1442 0.06977644440143231
 551 19212 1452 0.070267131242741
 552 19194 1459 0.0706434900498717
 553 19182 1467 0.07104460264419585
 554 19169 1468 0.0711343703057615
 555 19162 1472 0.07133856741300766
 556 19152 1478 0.07164323800290838
 557 19151 1484 0.07191664647443664
 558 19141 1492 0.07231134590219551
 559 19135 1502 0.07278189659349711
 560 19122 1506 0.07300756253635834
 561 19108 1518 0.07359643168816057
 562 19092 1523 0.0738782439970895
 563 19086 1528 0.07412438148830891
 564 19079 1535 0.0744639565343941
 565 19074 1540 0.07470651013874066
 566 19047 1545 0.07502913752913754
 567 19043 1548 0.0751784760332184
 568 19023 1554 0.0755212130048112
 569 19018 1564 0.07598872801477019
 570 19004 1569 0.0762650075341467
 571 19001 1573 0.0764557208126762
 572 18988 1580 0.07681835861532478
 573 18975 1587 0.07718120805369127
 574 18965 1595 0.07757782101167315
 575 18956 1600 0.07783615489394824
 576 18948 1605 0.07809078966574223
 577 18942 1608 0.07824817518248176
 578 18928 1613 0.07852587507911007
 579 18920 1621 0.07891534005160411
 580 18891 1626 0.0792513525369206
 581 18880 1633 0.07960805342953249
 582 18868 1641 0.0800136525427861
 583 18865 1643 0.08011507704310512
 584 18858 1648 0.0803667219350434
 585 18853 1656 0.0807450387634697
 586 18832 1660 0.08100722233066562
 587 18825 1664 0.08121431011762409
 588 18809 1673 0.08168147641831852
 589 18795 1680 0.08205128205128205
 590 18786 1684 0.08226673180263801
 591 18783 1690 0.08254774581155669
 592 18761 1695 0.08286077434493547
 593 18747 1703 0.0832762836185819
 594 18740 1708 0.08352895148669796
 595 18739 1716 0.08389146907846493
 596 18723 1724 0.08431554751308261
 597 18705 1735 0.0848825831702544
 598 18687 1744 0.08536048162106603
 599 18675 1748 0.08558977623267884
 600 18665 1750 0.08572128337007102
 601 18659 1753 0.08588085439937292
 602 18656 1758 0.08611737043205643
 603 18649 1763 0.08637076229668822
 604 18635 1765 0.08651960784313725
 605 18625 1776 0.08705455614920837
 606 18620 1778 0.08716540837336993
 607 18613 1790 0.08773219624565015
 608 18601 1793 0.08791801510248112
 609 18595 1802 0.0883463254400157
 610 18586 1811 0.08878756679903907
 611 18582 1820 0.0892069404960298
 612 18574 1826 0.08950980392156863
 613 18574 1835 0.08991131363614092
 614 18568 1842 0.09024987751102401
 615 18561 1847 0.09050372402979223
 616 18552 1858 0.09103380695737384
 617 18549 1865 0.09135887136279024
 618 18539 1873 0.09175974916715657
 619 18531 1882 0.09219614951256552
 620 18525 1886 0.09240115623928274
 621 18514 1894 0.09280674245393963
 622 18502 1906 0.09339474715797727
 623 18497 1914 0.09377296555778747
 624 18481 1920 0.09411303367481987
 625 18471 1927 0.0944700460829493
 626 18460 1932 0.09474303648489604
 627 18450 1944 0.09532215357458076
 628 18442 1950 0.0956257355825814
 629 18444 1959 0.09601529186884282
 630 18438 1965 0.09630936626966623
 631 18430 1971 0.09661291113180727
 632 18415 1983 0.09721541327581136
 633 18419 1997 0.09781543887147336
 634 18411 2002 0.09807475628276098
 635 18403 2008 0.09837832541276763
 636 18392 2015 0.0987406282158083
 637 18389 2029 0.09937310216475659
 638 18374 2038 0.0998432294728591
 639 18366 2045 0.10019107344079173
 640 18367 2056 0.10067081231944376
 641 18361 2063 0.10100861731296513
 642 18351 2071 0.10141024385466654
 643 18337 2079 0.10183189655172414
 644 18333 2084 0.10207180290934026
 645 18324 2089 0.1023367461911527
 646 18312 2094 0.10261687738900323
 647 18307 2097 0.10277396588904136
 648 18306 2107 0.10321853720668202
 649 18309 2117 0.10364241652795457
 650 18296 2127 0.10414728492386036
 651 18286 2132 0.10441767068273092
 652 18273 2139 0.10479129923574368
 653 18272 2142 0.10492799059468992
 654 18268 2150 0.10529924576354198
 655 18259 2156 0.10560862111192751
 656 18249 2165 0.10605466836484766
 657 18239 2174 0.10650075932004115
 658 18223 2184 0.1070221002597148
 659 18217 2191 0.10735985887887103
 660 18206 2195 0.10759276506053625
 661 18211 2207 0.1080909001861103
 662 18200 2215 0.10849865295126132
 663 18201 2225 0.10892979535885636
 664 18202 2234 0.10931689175963985
 665 18194 2240 0.10962121953606734
 666 18185 2252 0.11019229828252679
 667 18181 2261 0.11060561588885627
 668 18171 2270 0.11105131842864831
 669 18164 2281 0.1115676204450966
 670 18149 2297 0.11234471290227918
 671 18146 2308 0.11283856458394446
 672 18140 2317 0.11326196411986117
 673 18133 2324 0.11360414528034414
 674 18124 2328 0.11382749853315079
 675 18124 2338 0.11426058058840778
 676 18112 2344 0.11458740711771608
 677 18110 2352 0.11494477568175154
 678 18100 2368 0.11569278874340434
 679 18091 2379 0.11621885686370298
 680 18082 2388 0.11665852467024915
 681 18075 2394 0.11695735013923494
 682 18067 2399 0.11721880191537183
 683 18066 2405 0.11748326901470373
 684 18052 2418 0.11812408402540303
 685 18046 2425 0.11846026085682185
 686 18035 2433 0.11886847762360758
 687 18025 2442 0.11931401768700836
 688 18016 2451 0.11975374993892608
 689 18008 2458 0.1201016319749829
 690 17994 2467 0.12057084208982943
 691 17993 2475 0.12092046120773892
 692 17982 2477 0.12107141111491275
 693 17975 2485 0.12145650048875856
 694 17971 2491 0.12173785553709315
 695 17971 2498 0.12203820411353754
 696 17961 2508 0.12252674776491279
 697 17962 2517 0.12290639191366766
 698 17947 2526 0.12338201533727348
 699 17935 2533 0.12375415282392027
 700 17930 2546 0.12434069154131666
 701 17926 2553 0.12466429024854729
 702 17924 2560 0.12497559070494044
 703 17926 2570 0.1253903200624512
 704 17925 2584 0.12599346628309524
 705 17918 2593 0.1264199697723173
 706 17908 2597 0.12665203608875883
 707 17900 2605 0.12704218483296756
 708 17893 2618 0.1276388279459802
 709 17893 2626 0.12797894634241436
 710 17887 2635 0.1283987915407855
 711 17881 2652 0.12915794087566357
 712 17864 2662 0.12968917470525188
 713 17860 2675 0.13026540053567082
 714 17851 2684 0.1307036766496226
 715 17840 2695 0.13123934745556368
 716 17823 2712 0.1320672023374726
 717 17816 2718 0.13236583227817278
 718 17813 2731 0.13293419003115264
 719 17809 2739 0.13329764453961457
 720 17798 2747 0.13370649793137016
 721 17788 2753 0.13402463365951026
 722 17779 2764 0.1345470476561359
 723 17778 2778 0.13514302393461763
 724 17767 2791 0.1357622336803191
 725 17757 2808 0.13654266958424507
 726 17747 2818 0.13702893265256505
 727 17739 2821 0.1372081712062257
 728 17728 2833 0.13778512718253003
 729 17721 2837 0.13799980542854362
 730 17704 2849 0.13861723349389385
 731 17692 2860 0.1391592059166991
 732 17680 2869 0.13961749963501874
 733 17670 2883 0.14027149321266968
 734 17658 2891 0.1406881113436177
 735 17648 2901 0.14117475302934449
 736 17646 2910 0.14156450671336837
 737 17640 2917 0.14189813688767816
 738 17630 2920 0.14209245742092458
 739 17617 2934 0.14276677533939955
 740 17619 2943 0.14312810037934054
 741 17620 2954 0.1435792748128706
 742 17612 2965 0.14409291927880644
 743 17598 2975 0.14460700918679822
 744 17594 2985 0.14505077992127896
 745 17592 2996 0.1455216631047212
 746 17586 3008 0.1460619597941148
 747 17583 3014 0.146331990095645
 748 17572 3026 0.1469074667443441
 749 17575 3033 0.14717585403726707
 750 17560 3042 0.14765556742063876
 751 17548 3050 0.1480726284105253
 752 17543 3065 0.14872864906832298
 753 17535 3074 0.1491581347954777
 754 17529 3081 0.149490538573508
 755 17526 3101 0.15033693702428855
 756 17520 3111 0.1507924967282245
 757 17518 3120 0.15117743967438704
 758 17515 3127 0.1514872589865323
 759 17507 3142 0.15216233231633494
 760 17498 3147 0.1524340033906515
 761 17497 3157 0.15285174784545366
 762 17485 3167 0.1533507650590742
 763 17479 3174 0.15368227376168112
 764 17465 3188 0.15436014138381834
 765 17462 3198 0.1547918683446273
 766 17450 3207 0.15525003630730502
 767 17434 3217 0.15577938114377027
 768 17421 3225 0.15620459168846265
 769 17426 3240 0.15677925094357884
 770 17415 3254 0.15743383811505152
 771 17405 3267 0.15803986068111456
 772 17396 3278 0.15855664119183516
 773 17396 3285 0.15884144867269476
 774 17389 3298 0.15942379272006574
 775 17377 3311 0.1600444702242846
 776 17363 3321 0.1605588860955328
 777 17356 3332 0.16105955143078113
 778 17346 3342 0.16154292343387472
 779 17340 3356 0.16215693853884808
 780 17336 3368 0.16267387944358577
 781 17325 3387 0.16352838933951333
 782 17306 3396 0.1640421215341513
 783 17301 3405 0.16444508838017965
 784 17286 3417 0.1650485436893204
 785 17286 3433 0.1656933249674212
 786 17267 3445 0.16632869833912708
 787 17258 3450 0.16660227931234306
 788 17236 3459 0.16714182169606184
 789 17224 3471 0.16772167190142548
 790 17208 3483 0.1683340582862114
 791 17200 3498 0.16900183592617643
 792 17200 3508 0.16940312922542014
 793 17188 3519 0.1699425315110832
 794 17173 3530 0.1705066898517123
 795 17162 3540 0.17099797121051105
 796 17154 3553 0.17158448833727724
 797 17149 3562 0.17198590121191637
 798 17145 3574 0.17249867271586466
 799 17143 3584 0.1729145558932793
 800 17135 3597 0.17349990353077369
 801 17129 3605 0.1738690074274139
 802 17113 3614 0.17436194335890384
 803 17100 3623 0.17482989914587657
 804 17094 3633 0.1752786220871327
 805 17088 3639 0.17556809958025762
 806 17074 3648 0.17604478332207316
 807 17068 3659 0.17653302455734066
 808 17062 3666 0.17686221536086452
 809 17054 3679 0.1774465827424878
 810 17050 3689 0.17787742899850523
 811 17039 3696 0.17824933687002653
 812 17044 3705 0.1785628223046894
 813 17046 3715 0.17894128413852897
 814 17032 3725 0.17945753239870887
 815 17028 3739 0.18004526412096114
 816 17017 3750 0.18057495064284682
 817 17004 3767 0.18135862500601801
 818 16992 3774 0.18173938168159492
 819 16982 3790 0.1824571538609667
 820 16975 3799 0.18287282179647638
 821 16967 3811 0.1834151506401001
 822 16956 3831 0.1842978784817434
 823 16949 3840 0.18471306941170812
 824 16943 3854 0.18531518969082078
 825 16934 3867 0.18590452382097014
 826 16924 3880 0.1865025956546818
 827 16918 3890 0.18694732795078817
 828 16907 3903 0.18755406054781354
 829 16900 3916 0.18812451960030746
 830 16879 3928 0.1887826212332388
 831 16867 3944 0.1895151602517899
 832 16846 3963 0.19044644144360612
 833 16838 3971 0.19083089048008073
 834 16821 3987 0.19160899653979238
 835 16814 4000 0.19217834150091284
 836 16809 4011 0.19265129682997117
 837 16800 4024 0.19323857087975413
 838 16791 4043 0.19405779015071517
 839 16787 4058 0.19467498201007435
 840 16775 4071 0.19528926412741054
 841 16757 4083 0.19592130518234166
 842 16745 4091 0.19634286811288154
 843 16734 4105 0.19698641969384328
 844 16728 4118 0.1975438933128658
 845 16728 4130 0.1980055614152843
 846 16714 4139 0.1984846305087997
 847 16701 4151 0.19906963360828697
 848 16690 4168 0.19982740435324575
 849 16669 4180 0.20048923209746272
 850 16657 4195 0.20117974295031651
 851 16655 4209 0.20173504601226994
 852 16648 4226 0.2024528121107598
 853 16640 4235 0.202874251497006
 854 16621 4251 0.20366998850134152
 855 16606 4268 0.20446488454536743
 856 16604 4275 0.2047511854015997
 857 16593 4289 0.2053922038118954
 858 16578 4300 0.20595842513650733
 859 16562 4313 0.20661077844311376
 860 16542 4327 0.20734103215295413
 861 16532 4339 0.20789612380815486
 862 16515 4354 0.20863481719296564
 863 16490 4373 0.20960552173704644
 864 16464 4388 0.2104354498369461
 865 16459 4404 0.21109140583808655
 866 16444 4418 0.21177260090116
 867 16431 4427 0.21224470227250936
 868 16413 4441 0.2129567469070682
 869 16399 4452 0.21351493933144694
 870 16385 4463 0.2140732924021489
 871 16370 4479 0.21483044750347738
 872 16352 4494 0.21558092679650773
 873 16338 4508 0.216252518468771
 874 16322 4519 0.21683220574828463
 875 16303 4535 0.21763125059986563
 876 16282 4551 0.21845149522392357
 877 16276 4571 0.21926416270926272
 878 16257 4580 0.21980131496856553
 879 16254 4601 0.22061855670103092
 880 16228 4612 0.22130518234165067
 881 16225 4620 0.22163588390501318
 882 16211 4635 0.22234481435287345
 883 16203 4653 0.2231012658227848
 884 16193 4669 0.22380404563320871
 885 16188 4683 0.22437832399022567
 886 16170 4695 0.22501797268152407
 887 16152 4717 0.2260290382864536
 888 16137 4740 0.22704411553384107
 889 16125 4754 0.22769289716940466
 890 16115 4771 0.22843052762616106
 891 16100 4783 0.22903797347124455
 892 16085 4796 0.22968248647095446
 893 16072 4813 0.2304524778549198
 894 16056 4825 0.2310713088453618
 895 16050 4837 0.23157945133336524
 896 16047 4843 0.2318334131163236
 897 16032 4857 0.23251472066637943
 898 16016 4869 0.23313382810629638
 899 15993 4881 0.23383156079333142
 900 15975 4892 0.23443714956630085
 901 15974 4905 0.23492504430288808
 902 15961 4927 0.2358770585982382
 903 15941 4941 0.23661526673690259
 904 15924 4951 0.23717365269461077
 905 15910 4971 0.23806331114410229
 906 15890 4981 0.23865650903167074
 907 15862 4989 0.23926909980336675
 908 15856 5012 0.2401763465593253
 909 15843 5031 0.241017533774073
 910 15826 5047 0.24179562113735448
 911 15811 5059 0.24240536655486344
 912 15803 5073 0.2430063230503928
 913 15783 5077 0.24338446788111218
 914 15763 5093 0.2441983122362869
 915 15755 5107 0.24479915636084748
 916 15736 5125 0.24567374526628638
 917 15726 5143 0.24644209113996837
 918 15717 5154 0.24694552249532845
 919 15704 5168 0.2476044461479494
 920 15692 5183 0.2482874251497006
 921 15678 5195 0.24888612082594738
 922 15661 5213 0.24973651432403948
 923 15644 5231 0.2505868263473054
 924 15633 5245 0.25122138135836763
 925 15620 5263 0.25202317674663605
 926 15602 5274 0.25263460433033147
 927 15588 5289 0.25334099726972265
 928 15572 5309 0.25425027536995354
 929 15554 5318 0.2547911077041012
 930 15547 5331 0.25534054986109783
 931 15535 5351 0.2562003255769415
 932 15521 5365 0.25687063104471897
 933 15504 5375 0.2574357009435318
 934 15489 5389 0.2581185937350321
 935 15477 5410 0.2590127830708096
 936 15461 5430 0.2599205399454311
 937 15440 5443 0.26064262797490784
 938 15430 5460 0.2613690761129727
 939 15408 5477 0.2622456308355279
 940 15390 5493 0.2630369199827611
 941 15369 5512 0.26397203199080504
 942 15349 5532 0.26492984052487906
 943 15327 5553 0.265948275862069
 944 15313 5564 0.26651338793888013
 945 15289 5580 0.2673822416023767
 946 15273 5594 0.26807878468395074
 947 15257 5608 0.2687754612988258
 948 15241 5619 0.2693672099712368
 949 15220 5628 0.2699539524174981
 950 15204 5638 0.2705114672296325
 951 15194 5657 0.27130593256918134
 952 15175 5673 0.27211243284727554
 953 15160 5688 0.272831926323868
 954 15145 5700 0.27344686975293836
 955 15132 5717 0.27420979423473546
 956 15111 5736 0.27514750323787596
 957 15095 5756 0.27605390628746823
 958 15071 5773 0.2769621953559777
 959 15049 5793 0.2779483734766337
 960 15041 5810 0.2786437101338065
 961 15026 5837 0.2797775967022959
 962 15021 5851 0.28032771176696053
 963 15001 5868 0.2811826153624994
 964 14974 5885 0.2821324128673474
 965 14962 5894 0.2826045262754123
 966 14943 5911 0.2834468207538122
 967 14919 5917 0.2839796506047226
 968 14905 5925 0.28444551128180506
 969 14898 5943 0.2851590614653807
 970 14884 5957 0.2858308142603522
 971 14866 5971 0.28655756586840714
 972 14845 5993 0.28759957769459643
 973 14827 6008 0.28836093112551
 974 14812 6029 0.28928554292020536
 975 14805 6043 0.28985993860322334
 976 14795 6061 0.29061181434599154
 977 14784 6079 0.2913770790394478
 978 14766 6097 0.292239850452955
 979 14757 6110 0.2928068241721378
 980 14739 6128 0.2936694302007955
 981 14722 6143 0.29441648693985145
 982 14701 6159 0.2952540747842761
 983 14674 6165 0.2958395316473919
 984 14659 6181 0.29659309021113245
 985 14638 6197 0.29743220542356613
 986 14621 6212 0.2981807708923343
 987 14606 6225 0.298833469348567
 988 14598 6248 0.29972176916434806
 989 14580 6272 0.300786495300211
 990 14560 6293 0.3017791205102383
 991 14545 6306 0.30243153805572875
 992 14525 6322 0.3032570633664316
 993 14511 6339 0.3040287769784173
 994 14501 6356 0.3047418133000911
 995 14494 6370 0.3053105828220859
 996 14485 6389 0.30607454249305355
 997 14462 6406 0.3069771899559134
 998 14441 6416 0.30761854533250227
 999 14428 6438 0.30854020895236267
 1000 14406 6453 0.3093628649503811
 1001 14388 6480 0.3105232892466935
 1002 14366 6505 0.3116764889080542
 1003 14345 6523 0.3125838604562009
 1004 14328 6545 0.31356297609351796
 1005 14314 6563 0.3143650907697466
 1006 14290 6575 0.3151210160555955
 1007 14267 6597 0.31619056748466257
 1008 14253 6618 0.317090700014374
 1009 14236 6632 0.31780716887099864
 1010 14209 6649 0.3187745709080449
 1011 14182 6663 0.3196449988006716
 1012 14166 6682 0.3205103607060629
 1013 14143 6702 0.3215159510674023
 1014 14133 6726 0.32245074068747304
 1015 14118 6750 0.3234617596319724
 1016 14105 6764 0.32411711150510325
 1017 14080 6778 0.32495924825007194
 1018 14071 6791 0.3255200843639153
 1019 14051 6806 0.32631730354317495
 1020 14035 6818 0.3269553541456865
 1021 14020 6833 0.3276746751066993
 1022 14003 6847 0.32839328537170265
 1023 13992 6869 0.3292747231676334
 1024 13973 6883 0.33002493287303414
 1025 13945 6907 0.33123920966813736
 1026 13919 6924 0.3321978601928705
 1027 13903 6942 0.33302950347805227
 1028 13893 6957 0.33366906474820146
 1029 13878 6978 0.3345799769850403
 1030 13853 6994 0.3354919173022497
 1031 13833 7012 0.33638762293115854
 1032 13818 7030 0.33720260936300844
 1033 13798 7047 0.33806668265771167
 1034 13780 7063 0.3388667658206592
 1035 13762 7079 0.33966700254306414
 1036 13747 7101 0.3406082118188795
 1037 13729 7116 0.3413768289757736
 1038 13707 7127 0.3420850532782951
 1039 13678 7146 0.34316173645793313
 1040 13657 7162 0.3440126807243383
 1041 13642 7184 0.344953423605109
 1042 13621 7201 0.3458361348573624
 1043 13602 7215 0.3465917279146851
 1044 13586 7237 0.3475483839984632
 1045 13570 7256 0.348410640545472
 1046 13547 7270 0.3492337992986501
 1047 13535 7287 0.3499663817116511
 1048 13508 7308 0.351076095311299
 1049 13492 7325 0.35187587068261517
 1050 13479 7346 0.35274909963985596
 1051 13456 7364 0.35369836695485113
 1052 13431 7388 0.35486814928670923
 1053 13416 7404 0.35561959654178676
 1054 13396 7432 0.3568273478010371
 1055 13380 7448 0.3575955444593816
 1056 13360 7472 0.358678955453149
 1057 13330 7494 0.3598732232039954
 1058 13318 7516 0.3607564557934146
 1059 13304 7536 0.3616122840690979
 1060 13278 7555 0.36264580233283733
 1061 13257 7573 0.36356216994719154
 1062 13229 7590 0.3645708247274125
 1063 13208 7610 0.365549044096455
 1064 13181 7626 0.36651127024559044
 1065 13164 7641 0.367267483777938
 1066 13143 7661 0.36824649105941165
 1067 13129 7686 0.3692529425894787
 1068 13118 7700 0.3698722259583053
 1069 13111 7717 0.3705108507777991
 1070 13098 7730 0.37113501056270404
 1071 13079 7749 0.3720472440944882
 1072 13058 7764 0.3728748439150898
 1073 13041 7778 0.3736010375138095
 1074 13029 7798 0.37441782301819754
 1075 13004 7814 0.37534825631664903
 1076 12983 7829 0.3761772054583894
 1077 12965 7857 0.3773412736528672
 1078 12943 7869 0.378099173553719
 1079 12930 7890 0.37896253602305474
 1080 12913 7912 0.3799279711884754
 1081 12898 7933 0.3808266525850895
 1082 12867 7953 0.38198847262247837
 1083 12844 7973 0.38300427535187587
 1084 12820 7998 0.38418676145643194
 1085 12798 8017 0.3851549363439827
 1086 12776 8048 0.38647714175950826
 1087 12754 8056 0.3871215761653051
 1088 12741 8077 0.38798155442405613
 1089 12715 8102 0.38920113368881204
 1090 12694 8121 0.3901513331731924
 1091 12673 8136 0.3909846700946706
 1092 12654 8152 0.39181005479188696
 1093 12639 8174 0.39273530966223036
 1094 12620 8192 0.39361906592350565
 1095 12599 8215 0.39468626885749974
 1096 12579 8232 0.3955600403632694
 1097 12555 8258 0.396771248738769
 1098 12530 8274 0.3977119784656797
 1099 12498 8300 0.39907683431099145
 1100 12478 8325 0.40018266596164015
 1101 12461 8340 0.4009422623912312
 1102 12438 8370 0.4022491349480969
 1103 12409 8389 0.4033560919319165
 1104 12375 8414 0.404733272403675
 1105 12356 8427 0.40547562911995383
 1106 12335 8446 0.40642894952119724
 1107 12308 8478 0.40787068218993555
 1108 12292 8498 0.40875420875420876
 1109 12272 8523 0.4098581389757153
 1110 12261 8549 0.41081210956271025
 1111 12242 8573 0.41186644246937304
 1112 12219 8594 0.41291500504492384
 1113 12201 8615 0.4138643351268255
 1114 12178 8635 0.41488492768942486
 1115 12151 8656 0.4160138414956505
 1116 12123 8672 0.41702332291416205
 1117 12099 8687 0.4179255267968825
 1118 12067 8705 0.4190737531292124
 1119 12044 8732 0.4202926453600308
 1120 12020 8741 0.42102981551948365
 1121 11997 8756 0.4219149038693201
 1122 11973 8766 0.42268190365977143
 1123 11942 8781 0.4237320851228104
 1124 11919 8795 0.42459206333880467
 1125 11889 8819 0.425874058334943
 1126 11879 8848 0.42688280986153326
 1127 11847 8865 0.4280127462340672
 1128 11830 8891 0.42908160803050044
 1129 11824 8913 0.4298114481361817
 1130 11809 8934 0.4306995130887528
 1131 11792 8959 0.4317382294829165
 1132 11775 8975 0.43253012048192774
 1133 11746 9003 0.4339004289363343
 1134 11724 9023 0.43490625150624185
 1135 11696 9046 0.43611994986018704
 1136 11668 9068 0.4373070987654321
 1137 11645 9085 0.4382537385431741
 1138 11616 9102 0.43932812047494935
 1139 11601 9117 0.44005212858384013
 1140 11558 9135 0.44145363166288115
 1141 11531 9162 0.4427584207219833
 1142 11509 9185 0.4438484584903837
 1143 11493 9202 0.44464846581299833
 1144 11461 9217 0.4457394332140439
 1145 11436 9234 0.4467343976777939
 1146 11417 9247 0.4474932249322493
 1147 11385 9267 0.4487216734456711
 1148 11366 9281 0.44950840315784374
 1149 11332 9298 0.45070285991274844
 1150 11303 9326 0.4520820204566387
 1151 11284 9348 0.4530825901512214
 1152 11253 9373 0.45442645205080967
 1153 11234 9396 0.45545322346097916
 1154 11222 9411 0.45611399214849996
 1155 11203 9436 0.45719269344444985
 1156 11182 9460 0.4582889254917159
 1157 11163 9474 0.4590783544119785
 1158 11150 9491 0.4598129935565137
 1159 11131 9506 0.4606289673886708
 1160 11105 9534 0.461940985512864
 1161 11083 9555 0.46298090900281036
 1162 11059 9578 0.4641178465862286
 1163 11036 9601 0.46523234966322624
 1164 11011 9621 0.46631446297014345
 1165 10993 9645 0.46734179668572534
 1166 10961 9666 0.46860910457167787
 1167 10942 9695 0.46978727528226
 1168 10923 9718 0.470810522745991
 1169 10908 9740 0.47171638899651297
 1170 10882 9761 0.4728479387685898
 1171 10863 9780 0.47376834762389186
 1172 10840 9808 0.47500968616815187
 1173 10820 9833 0.476105166319663
 1174 10791 9850 0.47720556174603945
 1175 10770 9871 0.47822295431422895
 1176 10744 9894 0.4794069192751236
 1177 10731 9913 0.48018794807207904
 1178 10708 9940 0.4814025571483921
 1179 10692 9974 0.4826284718861899
 1180 10672 9991 0.4835212699027247
 1181 10645 10008 0.48457851159637827
 1182 10612 10030 0.4859025288247263
 1183 10592 10053 0.4869459917655607
 1184 10575 10079 0.4879926406507214
 1185 10561 10106 0.488992113030435
 1186 10534 10121 0.49000242072137495
 1187 10515 10145 0.4910454985479187
 1188 10485 10173 0.49244844612256755
 1189 10472 10191 0.4932004065237381
 1190 10449 10210 0.4942155961082337
 1191 10435 10230 0.49503992257440116
 1192 10415 10258 0.49620277656847095
 1193 10387 10291 0.49767869233001255
 1194 10368 10307 0.4985247883917775
 1195 10341 10334 0.49983071342200724
 1196 10324 10354 0.5007254086468711
 1197 10298 10369 0.5017177142304157
 1198 10282 10381 0.5023955863137008
 1199 10261 10399 0.5033397870280736
 1200 10241 10412 0.5041398344066237
 1201 10225 10436 0.5051062388074149
 1202 10198 10461 0.5063652645336173
 1203 10167 10491 0.5078419982573337
 1204 10142 10512 0.5089571027403893
 1205 10129 10532 0.5097526741203233
 1206 10105 10553 0.5108432568496466
 1207 10089 10571 0.5116650532429816
 1208 10069 10596 0.5127510283087345
 1209 10040 10629 0.5142483913106585
 1210 10012 10655 0.5155562007064403
 1211 9994 10680 0.5165908871045758
 1212 9984 10692 0.5171213000580384
 1213 9966 10720 0.5182248863965967
 1214 9941 10744 0.5194102006284748
 1215 9926 10762 0.5202049497293116
 1216 9901 10777 0.5211819324886353
 1217 9879 10798 0.522222759587948
 1218 9865 10820 0.5230843606478124
 1219 9851 10837 0.5238302397525135
 1220 9834 10866 0.524927536231884
 1221 9817 10887 0.5258404173106646
 1222 9791 10908 0.5269819798057878
 1223 9769 10928 0.5279992269411026
 1224 9752 10946 0.5288433665088415
 1225 9730 10966 0.5298608426749131
 1226 9711 10994 0.5309828543829993
 1227 9686 11021 0.5322354759260154
 1228 9666 11042 0.5332238748309832
 1229 9641 11053 0.5341161689378564
 1230 9613 11071 0.5352446335331658
 1231 9587 11098 0.5365240512448635
 1232 9566 11119 0.5375392796712594
 1233 9533 11137 0.5388001935171747
 1234 9516 11163 0.5398230088495575
 1235 9498 11184 0.5407600812300551
 1236 9472 11201 0.5418178300198326
 1237 9435 11226 0.5433425294032235
 1238 9415 11242 0.5442222975262623
 1239 9400 11266 0.5451466176328269
 1240 9378 11289 0.546233125272173
 1241 9352 11313 0.5474473747882894
 1242 9326 11327 0.5484433254248777
 1243 9310 11368 0.5497630331753555
 1244 9283 11388 0.5509167432635093
 1245 9244 11409 0.5524136929259672
 1246 9220 11428 0.5534676481983727
 1247 9197 11444 0.5544305023981396
 1248 9175 11462 0.5554101855889907
 1249 9149 11481 0.5565196316044595
 1250 9127 11499 0.5575002424124891
 1251 9110 11518 0.5583672677913516
 1252 9089 11546 0.5595347710201115
 1253 9064 11572 0.5607675906183369
 1254 9039 11594 0.5619153782775166
 1255 9012 11620 0.5632027917797596
 1256 8993 11645 0.5642504118616145
 1257 8962 11668 0.5655841008240426
 1258 8933 11691 0.5668638479441428
 1259 8916 11718 0.5678976446641466
 1260 8894 11745 0.5690682688114734
 1261 8869 11769 0.5702587460025196
 1262 8835 11792 0.5716778979008096
 1263 8809 11817 0.5729176767187045
 1264 8779 11847 0.5743721516532532
 1265 8759 11870 0.5754035580978234
 1266 8735 11893 0.5765464417296878
 1267 8719 11914 0.5774245141278534
 1268 8701 11936 0.5783786403062461
 1269 8688 11966 0.579355088602692
 1270 8667 11984 0.5803108808290155
 1271 8649 12008 0.5813041583966694
 1272 8623 12016 0.5821987499394351
 1273 8600 12038 0.5832929547436767
 1274 8572 12059 0.5845087489699966
 1275 8558 12089 0.5855087906233352
 1276 8540 12108 0.5864006199147617
 1277 8523 12134 0.5874037856416711
 1278 8502 12160 0.588519988384474
 1279 8477 12180 0.5896306336834971
 1280 8461 12195 0.5903853601859024
 1281 8444 12221 0.591386402129204
 1282 8420 12254 0.5927251620392764
 1283 8388 12276 0.5940766550522648
 1284 8361 12301 0.5953441099603136
 1285 8331 12329 0.59675701839303
 1286 8305 12349 0.5978987121138762
 1287 8291 12368 0.5986737015344402
 1288 8266 12387 0.5997675882438387
 1289 8253 12402 0.6004357298474946
 1290 8223 12435 0.6019459773453384
 1291 8210 12453 0.6026714417073997
 1292 8186 12477 0.6038329381019213
 1293 8161 12499 0.6049854791868344
 1294 8130 12533 0.6065430963558051
 1295 8109 12558 0.6076353607199884
 1296 8087 12590 0.6088891038351791
 1297 8067 12609 0.6098374927452118
 1298 8047 12628 0.6107859733978235
 1299 8029 12652 0.6117692568057638
 1300 8011 12676 0.612751969836129
 1301 7989 12701 0.6138714354760754
 1302 7957 12723 0.6152321083172148
 1303 7928 12741 0.616430403019014
 1304 7909 12761 0.6173681664247702
 1305 7888 12777 0.618291797725623
 1306 7870 12801 0.6192733781626433
 1307 7854 12819 0.6200841677550428
 1308 7829 12842 0.6212568332446422
 1309 7809 12868 0.622333994293176
 1310 7785 12886 0.6233854191862996
 1311 7764 12917 0.6245829505343069
 1312 7734 12942 0.6259431224608242
 1313 7713 12963 0.6269587928032502
 1314 7697 12992 0.6279665522741553
 1315 7668 13022 0.6293861768970517
 1316 7639 13036 0.6305199516324063
 1317 7624 13066 0.6315128081198647
 1318 7600 13086 0.6326017596442038
 1319 7574 13104 0.6337169939065673
 1320 7544 13130 0.6350972235658314
 1321 7520 13148 0.6361525062899168
 1322 7492 13176 0.6375072575962841
 1323 7475 13195 0.6383647798742138
 1324 7456 13221 0.639406103399913
 1325 7433 13242 0.6404836759371221
 1326 7411 13274 0.641721053903795
 1327 7391 13298 0.6427570206389869
 1328 7376 13323 0.643654282815595
 1329 7352 13341 0.6447107717585657
 1330 7333 13370 0.6458001255856639
 1331 7301 13396 0.6472435618688699
 1332 7273 13413 0.6484095523542492
 1333 7250 13425 0.6493349455864571
 1334 7227 13453 0.6505319148936171
 1335 7200 13461 0.6515173515318716
 1336 7183 13483 0.6524242717507016
 1337 7157 13509 0.6536823768508662
 1338 7137 13533 0.6547169811320754
 1339 7119 13558 0.6557044058615853
 1340 7091 13587 0.6570751523358158
 1341 7067 13603 0.6581035316884374
 1342 7048 13617 0.6589402371158964
 1343 7020 13642 0.6602458619688317
 1344 7007 13671 0.6611374407582938
 1345 6984 13688 0.6621517027863777
 1346 6956 13718 0.6635387443165328
 1347 6939 13739 0.6644259599574427
 1348 6911 13764 0.6657315598548972
 1349 6889 13794 0.6669245273896437
 1350 6862 13819 0.6681978627725932
 1351 6852 13843 0.6689055327373762
 1352 6835 13855 0.6696471725471242
 1353 6808 13875 0.6708407871198568
 1354 6788 13899 0.6718712234736791
 1355 6771 13933 0.6729617465224111
 1356 6756 13955 0.6737965332432041
 1357 6734 13970 0.6747488408037094
 1358 6709 13993 0.6759250313979326
 1359 6694 14018 0.6768057164928544
 1360 6672 14041 0.6778834548351277
 1361 6650 14068 0.67902307172507
 1362 6637 14098 0.6799131902580179
 1363 6620 14121 0.6808254182537004
 1364 6603 14148 0.6817984675437329
 1365 6574 14172 0.6831196375204859
 1366 6542 14188 0.6844187168355041
 1367 6526 14212 0.6853119876555116
 1368 6500 14241 0.6866110602188901
 1369 6476 14266 0.687783241731752
 1370 6450 14291 0.6890217443710525
 1371 6427 14317 0.6901754724257617
 1372 6409 14343 0.6911622976098689
 1373 6384 14365 0.6923225215673044
 1374 6360 14387 0.693449655371861
 1375 6336 14411 0.6946064491251748
 1376 6321 14432 0.6954175299956633
 1377 6300 14461 0.6965464091325081
 1378 6278 14480 0.69756238558628
 1379 6255 14514 0.6988299869998555
 1380 6235 14535 0.6998074145402022
 1381 6207 14558 0.7010835540573079
 1382 6191 14570 0.7017966379268822
 1383 6171 14591 0.7027742992004624
 1384 6144 14605 0.7038893440647742
 1385 6122 14626 0.7049354154617312
 1386 6102 14648 0.7059277108433735
 1387 6086 14668 0.7067553242748386
 1388 6074 14689 0.7074603862640274
 1389 6049 14700 0.7084678779700226
 1390 6035 14719 0.7092126818926472
 1391 6014 14738 0.7101966075558982
 1392 5993 14760 0.7112224738592011
 1393 5977 14787 0.7121460219610865
 1394 5959 14809 0.7130681818181818
 1395 5933 14823 0.714154943148969
 1396 5911 14844 0.715201156347868
 1397 5889 14860 0.7161790929683358
 1398 5870 14868 0.7169447391262417
 1399 5840 14881 0.7181603204478548
 1400 5816 14903 0.7192914715961195
 1401 5794 14925 0.7203532989043873
 1402 5775 14938 0.7211895910780669
 1403 5754 14959 0.7222034471105103
 1404 5732 14978 0.7232254949299856
 1405 5713 15004 0.7242361345754694
 1406 5684 15036 0.7256756756756757
 1407 5664 15061 0.7267068757539203
 1408 5638 15083 0.7279088847063365
 1409 5615 15106 0.7290188697456687
 1410 5589 15128 0.7302215571752667
 1411 5568 15151 0.7312611612529563
 1412 5553 15169 0.7320239359135219
 1413 5531 15192 0.7330984896009265
 1414 5509 15206 0.7340574462949554
 1415 5485 15227 0.7351776747779065
 1416 5458 15253 0.7364685432861764
 1417 5436 15277 0.7375561241732246
 1418 5415 15293 0.7385068572532355
 1419 5400 15313 0.7392941630859846
 1420 5380 15335 0.7402848177649046
 1421 5364 15362 0.7411946347582746
 1422 5347 15382 0.7420521974046023
 1423 5339 15402 0.7425871462321006
 1424 5321 15419 0.7434426229508196
 1425 5298 15432 0.7444283646888568
 1426 5270 15459 0.7457668001350765
 1427 5248 15489 0.7469257848290495
 1428 5229 15521 0.748
 1429 5206 15548 0.7491567890527128
 1430 5182 15563 0.7502048686430465
 1431 5165 15598 0.7512401868708761
 1432 5144 15613 0.7521799874741051
 1433 5125 15634 0.7531191290524591
 1434 5106 15654 0.7540462427745664
 1435 5090 15671 0.7548287654737248
 1436 5071 15684 0.7556733317272947
 1437 5053 15698 0.7564936629560021
 1438 5026 15726 0.7578064764841943
 1439 5002 15740 0.7588467843023816
 1440 4992 15772 0.7595838952032363
 1441 4971 15790 0.7605606666345551
 1442 4957 15805 0.7612465080435411
 1443 4944 15824 0.7619414483821263
 1444 4932 15839 0.7625535602522748
 1445 4912 15854 0.7634595011075797
 1446 4900 15877 0.7641622948452615
 1447 4879 15899 0.7651843295793628
 1448 4856 15914 0.7662012518054887
 1449 4840 15925 0.76691548278353
 1450 4824 15938 0.7676524419612754
 1451 4809 15960 0.7684529828109201
 1452 4798 15983 0.7691160194408354
 1453 4780 15997 0.7699379121143572
 1454 4768 16017 0.7706038008178975
 1455 4748 16038 0.7715770229962474
 1456 4730 16062 0.7725086571758368
 1457 4707 16077 0.773527713625866
 1458 4686 16098 0.7745381062355658
 1459 4668 16118 0.7754257673434042
 1460 4645 16130 0.7764139590854392
 1461 4625 16150 0.7773766546329723
 1462 4604 16172 0.7783981517135156
 1463 4587 16193 0.7792589027911453
 1464 4571 16215 0.7800923698643317
 1465 4553 16230 0.7809267189529904
 1466 4533 16245 0.7818365578977765
 1467 4512 16276 0.7829517029055224
 1468 4490 16294 0.7839684372594303
 1469 4471 16316 0.7849136479530476
 1470 4454 16334 0.7857417741004425
 1471 4444 16356 0.7863461538461538
 1472 4430 16373 0.7870499447195116
 1473 4409 16387 0.7879880746297365
 1474 4390 16399 0.7888306315840108
 1475 4372 16409 0.789615514171599
 1476 4357 16431 0.7904079276505677
 1477 4346 16438 0.790896843725943
 1478 4329 16464 0.7918049343529072
 1479 4316 16484 0.7925
 1480 4299 16499 0.7932974324454275
 1481 4279 16516 0.7942293820629959
 1482 4259 16539 0.7952206942975286
 1483 4249 16562 0.7958291288261016
 1484 4226 16584 0.7969245555021625
 1485 4209 16597 0.7977025857925598
 1486 4186 16611 0.7987209693705823
 1487 4168 16629 0.7995864788190604
 1488 4140 16643 0.8007987297310302
 1489 4120 16674 0.8018659228623641
 1490 4101 16701 0.8028554946639747
 1491 4087 16725 0.8036229098596963
 1492 4076 16743 0.8042173015034344
 1493 4062 16764 0.804955344281187
 1494 4043 16777 0.8058117195004804
 1495 4032 16809 0.8065351950482222
 1496 4011 16825 0.807496640430025
 1497 3998 16841 0.8081481836940352
 1498 3976 16859 0.8091672666186706
 1499 3966 16872 0.8096746328822344
 1500 3944 16895 0.8107394788617496
 1501 3926 16915 0.8116213233530061
 1502 3910 16933 0.8124070431319868
 1503 3895 16946 0.8131087759704428
 1504 3880 16951 0.8137391387835438
 1505 3861 16966 0.8146156431555193
 1506 3836 16984 0.8157540826128722
 1507 3817 17004 0.8166754718793525
 1508 3801 17023 0.8174702266615443
 1509 3783 17048 0.8183956603139552
 1510 3767 17060 0.8191290152206271
 1511 3747 17077 0.8200633883980023
 1512 3735 17094 0.8206827020020164
 1513 3712 17104 0.8216756341275941
 1514 3700 17119 0.8222777270762285
 1515 3685 17138 0.8230322239830956
 1516 3666 17160 0.8239700374531835
 1517 3651 17186 0.8247828382204732
 1518 3636 17196 0.8254608294930875
 1519 3618 17219 0.8263665594855305
 1520 3601 17241 0.8272238748680549
 1521 3586 17264 0.8280095923261391
 1522 3579 17273 0.8283617878380971
 1523 3556 17291 0.8294238979229626
 1524 3544 17308 0.8300402839056206
 1525 3530 17327 0.8307522654264755
 1526 3515 17348 0.8315199156401285
 1527 3492 17362 0.8325501102905918
 1528 3482 17382 0.8331096625766872
 1529 3465 17396 0.8339005800297206
 1530 3453 17406 0.834459945347332
 1531 3446 17431 0.8349379700148489
 1532 3431 17444 0.8356407185628743
 1533 3421 17465 0.8362060710523795
 1534 3410 17477 0.8367405563269019
 1535 3393 17494 0.8375544597117824
 1536 3373 17501 0.8384114209063908
 1537 3362 17514 0.8389538225713739
 1538 3351 17533 0.839542233288642
 1539 3338 17548 0.8401800248970602
 1540 3319 17557 0.841013604138724
 1541 3308 17573 0.841578468464154
 1542 3294 17581 0.8422035928143713
 1543 3280 17600 0.842911877394636
 1544 3263 17616 0.8437185688969778
 1545 3238 17642 0.8449233716475095
 1546 3221 17657 0.8457227703803046
 1547 3213 17669 0.8461354276410306
 1548 3199 17687 0.8468352006128507
 1549 3185 17705 0.8475347056007659
 1550 3175 17723 0.8480715857976839
 1551 3159 17740 0.8488444423178142
 1552 3143 17747 0.8495452369554811
 1553 3126 17760 0.8503303648376903
 1554 3115 17771 0.8508570334195155
 1555 3099 17781 0.851580459770115
 1556 3085 17788 0.8522014085181814
 1557 3069 17805 0.852974992814027
 1558 3047 17806 0.8538819354529325
 1559 3027 17816 0.8547713860768603
 1560 3011 17828 0.8555113009261481
 1561 2998 17843 0.8561489371911136
 1562 2986 17854 0.8567178502879079
 1563 2975 17870 0.857279923242984
 1564 2959 17893 0.8580951467485133
 1565 2945 17918 0.8588410104011887
 1566 2933 17930 0.8594161913435269
 1567 2920 17944 0.8600460122699386
 1568 2900 17954 0.8609379495540423
 1569 2889 17960 0.8614322029833565
 1570 2874 17972 0.8621318238510985
 1571 2861 17980 0.8627225181133343
 1572 2847 18000 0.8634335875665563
 1573 2834 18001 0.8639788816894648
 1574 2824 18019 0.8645108669577316
 1575 2808 18036 0.8652849740932642
 1576 2792 18049 0.8660332997456935
 1577 2783 18054 0.8664395066468301
 1578 2773 18065 0.8669258086188694
 1579 2764 18071 0.8673386129109671
 1580 2752 18089 0.867952593445612
 1581 2741 18092 0.868429894878318
 1582 2731 18113 0.8689790827096526
 1583 2719 18145 0.8696798312883436
 1584 2708 18158 0.8702194958305377
 1585 2696 18184 0.8708812260536398
 1586 2681 18182 0.8714949911326272
 1587 2667 18205 0.8722211575316213
 1588 2649 18223 0.8730835569183595
 1589 2632 18234 0.8738617847215566
 1590 2617 18244 0.8745505968074397
 1591 2606 18256 0.875083884574825
 1592 2598 18275 0.8755329851961865
 1593 2582 18290 0.8762935990801073
 1594 2568 18293 0.8768994774938881
 1595 2558 18311 0.8774258469500216
 1596 2549 18322 0.8778688131857602
 1597 2541 18334 0.8782754491017964
 1598 2524 18349 0.8790782350404829
 1599 2511 18350 0.8796318489046546
 1600 2496 18369 0.8803738317757009
 1601 2484 18387 0.8809831824062095
 1602 2469 18405 0.8817188847369933
 1603 2467 18415 0.8818599750981707
 1604 2452 18423 0.8825389221556886
 1605 2444 18439 0.8829670066561318
 1606 2431 18452 0.8835895225781736
 1607 2422 18456 0.8839927196091579
 1608 2412 18473 0.8845104141728514
 1609 2400 18489 0.8851069941117334
 1610 2382 18501 0.8859359287458698
 1611 2366 18516 0.8866966765635476
 1612 2354 18529 0.8872767322702677
 1613 2344 18536 0.8877394636015326
 1614 2336 18548 0.8881440337100173
 1615 2324 18561 0.8887239645678717
 1616 2311 18585 0.8894046707503829
 1617 2296 18607 0.8901593072764675
 1618 2288 18618 0.8905577346216397
 1619 2271 18623 0.8913085096199866
 1620 2258 18629 0.8918944798199837
 1621 2244 18637 0.8925338824768929
 1622 2232 18651 0.8931188047694297
 1623 2219 18656 0.8937005988023952
 1624 2210 18672 0.8941672253615554
 1625 2205 18682 0.8944319433140231
 1626 2194 18687 0.8949284038120779
 1627 2181 18705 0.8955759839126688
 1628 2170 18717 0.896107626753483
 1629 2166 18742 0.8964032906064664
 1630 2158 18759 0.8968303293971411
 1631 2150 18766 0.89720787913559
 1632 2135 18781 0.8979250334672021
 1633 2126 18780 0.8983067062087439
 1634 2117 18783 0.8987081339712919
 1635 2108 18801 0.8991821703572624
 1636 2099 18799 0.899559766484831
 1637 2090 18814 0.900019135093762
