 "time" "normal population" "cancer population" "cancer proportion"patch_inflammation:0.1
 1 10391 0 0
 2 10391 0 0
 3 10567 3 2.838221381267739E-4
 4 10571 3 2.8371477208246644E-4
 5 10742 5 4.652461151949381E-4
 6 10749 6 5.578800557880056E-4
 7 10911 9 8.241758241758242E-4
 8 10918 9 8.236478447881395E-4
 9 11066 12 0.0010832280194981044
 10 11075 12 0.0010823486966717777
 11 11222 13 0.0011570983533600355
 12 11232 13 0.0011560693641618498
 13 11342 17 0.0014966106171317897
 14 11352 18 0.0015831134564643799
 15 11478 21 0.001826245760500913
 16 11499 21 0.0018229166666666667
 17 11603 24 0.0020641610045583555
 18 11620 24 0.0020611473720371005
 19 11722 27 0.0022980679206741
 20 11740 28 0.002379333786539769
 21 11829 31 0.0026138279932546374
 22 11845 31 0.0026103065005052208
 23 11903 32 0.0026811897779639715
 24 11927 35 0.0029259321183748538
 25 11997 37 0.003074621904603623
 26 12020 37 0.0030687567388239198
 27 12088 38 0.0031337621639452415
 28 12110 38 0.0031280869278893647
 29 12166 42 0.0034403669724770644
 30 12190 42 0.0034336167429692608
 31 12256 43 0.0034962192048133994
 32 12287 43 0.0034874290348742903
 33 12340 43 0.0034725026245659373
 34 12370 44 0.003544385371354922
 35 12428 44 0.003527902501603592
 36 12449 44 0.0035219723044905148
 37 12491 44 0.003510171519744715
 38 12509 45 0.003584514895650789
 39 12543 46 0.003653983636508063
 40 12570 47 0.003725132757390822
 41 12611 49 0.0038704581358609794
 42 12631 51 0.004021447721179625
 43 12681 52 0.004083876541270714
 44 12714 52 0.004073319755600814
 45 12753 53 0.004138684991410276
 46 12778 53 0.004130621151897748
 47 12824 53 0.004115865496621884
 48 12841 53 0.004110438963859159
 49 12882 53 0.004097410127560881
 50 12902 55 0.0042448097553446015
 51 12944 55 0.004231094699592276
 52 12967 55 0.00422362156350791
 53 13005 55 0.004211332312404288
 54 13031 55 0.0042029650007641755
 55 13059 56 0.004269919939001144
 56 13086 56 0.004261147466139096
 57 13126 56 0.004248217265968746
 58 13154 57 0.00431458632957384
 59 13187 60 0.00452932739488186
 60 13208 61 0.004597181400256237
 61 13243 62 0.004659902292371289
 62 13263 64 0.004802281083514669
 63 13293 64 0.004791495096204237
 64 13328 66 0.004927579513214872
 65 13358 66 0.004916567342073897
 66 13375 67 0.004984377324802856
 67 13406 70 0.005194419709112497
 68 13427 70 0.005186337704675113
 69 13456 71 0.005248761735787684
 70 13480 71 0.005239465722086931
 71 13504 71 0.005230202578268877
 72 13527 73 0.005367647058823529
 73 13552 73 0.005357798165137615
 74 13574 75 0.005494908051871932
 75 13610 76 0.005553119976618442
 76 13625 76 0.005547040362017371
 77 13667 81 0.005891766075065464
 78 13686 82 0.005955839628123184
 79 13724 82 0.005939446617412719
 80 13742 82 0.005931712962962963
 81 13761 83 0.005995377058653569
 82 13775 83 0.005989320248232068
 83 13800 86 0.0061932882039464204
 84 13815 86 0.006186605280195669
 85 13846 86 0.006172839506172839
 86 13861 88 0.006308695963868378
 87 13884 89 0.006369426751592357
 88 13905 89 0.00635986851507789
 89 13933 90 0.006418027526206946
 90 13941 90 0.006414368184733804
 91 13973 91 0.0064704209328782705
 92 13988 92 0.006534090909090909
 93 14018 93 0.006590603075614768
 94 14026 93 0.006586868758410652
 95 14050 93 0.006575691154634801
 96 14073 93 0.006565014824227023
 97 14086 93 0.006558995697863037
 98 14098 93 0.006553449369318582
 99 14129 94 0.006609013569570414
 100 14142 94 0.006602978364709188
 101 14160 95 0.006664328305857594
 102 14178 97 0.006795096322241681
 103 14202 97 0.00678369116721449
 104 14215 99 0.006916305714684924
 105 14238 99 0.006905210295040804
 106 14256 102 0.0071040534893439195
 107 14277 104 0.007231764133231347
 108 14302 105 0.0072881238286943845
 109 14328 105 0.00727499480357514
 110 14345 105 0.00726643598615917
 111 14361 106 0.0073270201147439
 112 14380 107 0.00738593221508939
 113 14403 108 0.007442629729170974
 114 14416 108 0.007435968052877995
 115 14435 110 0.0075627363355104844
 116 14451 110 0.007554426206991278
 117 14479 111 0.007607950651130912
 118 14486 113 0.0077402561819302695
 119 14506 115 0.00786539908351002
 120 14520 116 0.007925662749385078
 121 14538 116 0.007915927391838405
 122 14549 116 0.00790998977156495
 123 14573 116 0.007897065831574648
 124 14583 117 0.007959183673469388
 125 14595 117 0.007952691680261012
 126 14614 118 0.008009774640238936
 127 14635 118 0.007998373212228021
 128 14651 118 0.007989708172523528
 129 14677 120 0.008109751976752044
 130 14693 121 0.008167949237208046
 131 14705 124 0.008361993391327803
 132 14722 124 0.008352418159773677
 133 14741 126 0.008475146297168225
 134 14748 129 0.008671103044968743
 135 14768 129 0.008659461636571122
 136 14781 129 0.008651911468812877
 137 14808 130 0.00870263756861695
 138 14818 130 0.008696815627508696
 139 14833 132 0.008820581356498497
 140 14849 132 0.008811160803684668
 141 14870 135 0.008997000999666778
 142 14882 136 0.009055799707018244
 143 14908 136 0.00904014889657006
 144 14920 137 0.009098758052732948
 145 14941 137 0.009086085687756996
 146 14962 137 0.009073448572753162
 147 14978 137 0.009063843863711545
 148 14994 139 0.009185224344148549
 149 15016 141 0.009302632447054166
 150 15025 142 0.009362431594910002
 151 15045 143 0.00941532789043982
 152 15056 143 0.009408513718007763
 153 15076 143 0.009396149549904724
 154 15083 144 0.009456885794969462
 155 15107 145 0.009506949908208759
 156 15120 146 0.009563736407703393
 157 15138 149 0.009746843723425132
 158 15149 150 0.009804562389698674
 159 15164 153 0.009988901220865706
 160 15176 153 0.009981081610020223
 161 15197 153 0.00996742671009772
 162 15214 153 0.009956400078089412
 163 15233 153 0.00994410503054725
 164 15243 153 0.009937646141855027
 165 15256 153 0.009929262119540528
 166 15267 155 0.010050577097652703
 167 15278 156 0.010107554749254892
 168 15283 156 0.010104281365373405
 169 15300 157 0.010157210325418903
 170 15309 158 0.010215297084114566
 171 15322 158 0.01020671834625323
 172 15329 160 0.010329911550132352
 173 15342 161 0.010385086757401794
 174 15356 161 0.010375716955597088
 175 15361 161 0.010372374693982734
 176 15366 162 0.010432766615146832
 177 15388 163 0.010481641052022378
 178 15399 164 0.010537814046135064
 179 15420 164 0.010523613963039014
 180 15437 164 0.01051214665726556
 181 15461 165 0.010559324203250993
 182 15478 165 0.010547848878092438
 183 15497 166 0.01059822511651663
 184 15512 166 0.010588085214950886
 185 15528 166 0.010577290684337964
 186 15542 169 0.010756794602507797
 187 15559 169 0.010745167853509664
 188 15579 170 0.010794336148326878
 189 15603 170 0.010777911621124707
 190 15609 170 0.010773813296153114
 191 15622 170 0.010764944275582573
 192 15640 170 0.010752688172043012
 193 15653 171 0.010806370070778564
 194 15663 171 0.010799545282303903
 195 15681 173 0.010912072663050333
 196 15688 173 0.010907256793392599
 197 15691 173 0.010905194150277358
 198 15703 173 0.01089695137314185
 199 15720 174 0.010947527368818422
 200 15731 174 0.010939955988682804
 201 15744 174 0.010931021485111195
 202 15745 174 0.010930334820026383
 203 15761 177 0.011105533944033128
 204 15767 177 0.011101354741595584
 205 15784 179 0.011213431059324689
 206 15795 180 0.011267605633802818
 207 15810 180 0.01125703564727955
 208 15817 181 0.01131391423927991
 209 15829 182 0.011367185060271064
 210 15832 182 0.011365055576370676
 211 15844 183 0.011418231733948962
 212 15852 185 0.011535823408368149
 213 15864 185 0.011527197956258957
 214 15872 185 0.011521454817213676
 215 15880 185 0.011515717398070339
 216 15877 185 0.011517868260490598
 217 15887 185 0.011510701841712295
 218 15893 185 0.011506406269436498
 219 15910 186 0.011555666003976143
 220 15914 186 0.0115527950310559
 221 15924 187 0.01160697659983862
 222 15933 187 0.011600496277915633
 223 15950 189 0.011710762748621352
 224 15956 189 0.011706410653453082
 225 15970 191 0.011818575583194109
 226 15981 191 0.011810536730150877
 227 15997 192 0.011859904873679659
 228 16000 192 0.011857707509881422
 229 16013 192 0.011848195001542734
 230 16013 193 0.011909169443416018
 231 16031 193 0.011895956607495069
 232 16034 195 0.012015527758950028
 233 16039 197 0.012133530426213353
 234 16048 199 0.012248415092016988
 235 16060 200 0.012300123001230012
 236 16063 200 0.01229785402447273
 237 16077 203 0.012469287469287469
 238 16080 204 0.012527634487840826
 239 16094 207 0.012698607447395866
 240 16101 208 0.012753694279232326
 241 16108 208 0.012748222603579308
 242 16112 209 0.012805587892898719
 243 16120 210 0.012859767299448868
 244 16124 212 0.01297747306562194
 245 16127 213 0.013035495716034271
 246 16134 213 0.013029913745641402
 247 16144 215 0.01314261262913381
 248 16149 216 0.013198900091659029
 249 16154 216 0.013194868662186927
 250 16164 216 0.013186813186813187
 251 16178 218 0.013295925835569652
 252 16182 219 0.013352844338759832
 253 16188 219 0.01334796123605778
 254 16191 219 0.013345521023765997
 255 16196 219 0.013341455985379226
 256 16198 219 0.013339830663336785
 257 16205 220 0.013394216133942162
 258 16207 221 0.013452641831020209
 259 16221 223 0.013561177329117003
 260 16216 224 0.013625304136253041
 261 16227 224 0.013616193544465383
 262 16227 225 0.013676148796498906
 263 16229 227 0.013794360719494409
 264 16224 228 0.013858497447118891
 265 16234 230 0.013969873663751214
 266 16243 230 0.013962241243246524
 267 16251 230 0.013955463867483768
 268 16253 231 0.014013588934724581
 269 16258 232 0.01406913280776228
 270 16259 232 0.014068279667697532
 271 16262 232 0.014065720868194496
 272 16261 233 0.014126348975384988
 273 16264 233 0.01412378008122689
 274 16260 235 0.01424674143679903
 275 16265 237 0.01436189552781481
 276 16265 237 0.01436189552781481
 277 16261 238 0.014425116673737802
 278 16269 239 0.014477828931427187
 279 16273 240 0.014534003512384182
 280 16274 243 0.014712114790821578
 281 16275 245 0.014830508474576272
 282 16275 247 0.01494976395109551
 283 16277 247 0.014947954490438151
 284 16276 248 0.015008472524812393
 285 16284 249 0.015060787515877336
 286 16288 249 0.01505714458487029
 287 16290 249 0.015055323780155994
 288 16288 249 0.01505714458487029
 289 16293 249 0.01505259339862169
 290 16302 251 0.015163414486799975
 291 16302 251 0.015163414486799975
 292 16302 252 0.015222906850308082
 293 16307 253 0.015277777777777777
 294 16301 255 0.015402271079971008
 295 16306 258 0.015575947838686308
 296 16303 261 0.015757063511229172
 297 16310 261 0.015750407338120814
 298 16308 261 0.015752308527973928
 299 16307 262 0.0158126622004949
 300 16302 264 0.01593625498007968
 301 16306 265 0.015991792891195462
 302 16304 265 0.01599372321805782
 303 16301 267 0.01611540318686625
 304 16302 269 0.01623317844427011
 305 16308 270 0.016286644951140065
 306 16306 270 0.016288610038610037
 307 16303 271 0.016350911065524314
 308 16302 271 0.016351897664876606
 309 16302 271 0.016351897664876606
 310 16292 271 0.01636177021071062
 311 16299 271 0.01635485817742909
 312 16293 272 0.016420162994265016
 313 16298 274 0.016533912623702633
 314 16293 274 0.016538902637773887
 315 16292 274 0.016539901002052396
 316 16292 275 0.01659926359630591
 317 16293 277 0.01671695835847918
 318 16286 277 0.016724023425707904
 319 16289 278 0.016780346471901974
 320 16290 279 0.01683867463335144
 321 16288 280 0.016900048285852245
 322 16285 280 0.016903108964684575
 323 16289 280 0.01689902830587241
 324 16286 282 0.017020762916465475
 325 16285 282 0.01702179030603006
 326 16284 283 0.01708215126456208
 327 16280 283 0.017086276640705188
 328 16271 284 0.017154938085170643
 329 16268 284 0.017158047365877234
 330 16266 284 0.017160120845921452
 331 16270 285 0.017215342796738146
 332 16265 287 0.01733929434509425
 333 16268 287 0.01733615221987315
 334 16266 289 0.017456961643008154
 335 16264 290 0.017518424549957713
 336 16253 291 0.0175894584139265
 337 16256 291 0.01758626941439536
 338 16246 291 0.017596903912438774
 339 16244 292 0.017658442186744075
 340 16233 295 0.017848499515972893
 341 16233 296 0.017907919414362636
 342 16231 296 0.017910086525080172
 343 16228 298 0.018032191697930532
 344 16222 299 0.01809817807638763
 345 16219 302 0.01827976514738817
 346 16215 303 0.018343625136215038
 347 16219 305 0.018458000484144275
 348 16213 306 0.01852412373630365
 349 16206 307 0.0185914128262581
 350 16196 312 0.01889992730797189
 351 16190 313 0.018966248560867722
 352 16187 313 0.01896969696969697
 353 16187 314 0.01902914974850009
 354 16180 315 0.019096695968475297
 355 16178 317 0.0192179448317672
 356 16168 318 0.019289093776537668
 357 16160 318 0.019298458550795
 358 16154 319 0.01936502155041583
 359 16153 319 0.01936619718309859
 360 16139 320 0.019442250440488487
 361 16129 321 0.019513677811550154
 362 16124 321 0.01951961082395865
 363 16127 321 0.019516050583657588
 364 16123 321 0.019520797859401605
 365 16121 321 0.019523172363459435
 366 16107 321 0.01953981008035062
 367 16103 323 0.01966394740046268
 368 16096 323 0.019672330836226323
 369 16092 325 0.01979655235426692
 370 16089 327 0.019919590643274854
 371 16085 328 0.01998415889843417
 372 16069 330 0.020123178242575767
 373 16071 331 0.020180465796854043
 374 16059 336 0.020494053064958828
 375 16055 340 0.02073802988716072
 376 16048 340 0.02074688796680498
 377 16043 340 0.020753219801013245
 378 16031 340 0.020768431983385256
 379 16019 340 0.020783666483281373
 380 16006 340 0.02080019576654839
 381 16002 343 0.020985010706638114
 382 15998 344 0.021050055072818503
 383 15988 344 0.021062943913788882
 384 15970 343 0.021026175442898302
 385 15964 346 0.021213979153893316
 386 15956 349 0.021404477154247162
 387 15955 352 0.02158582203961489
 388 15941 352 0.021604369974835818
 389 15929 354 0.02174046551618252
 390 15914 359 0.02206108277514902
 391 15904 359 0.022074647973928548
 392 15895 360 0.02214703168255921
 393 15890 361 0.022214017598916988
 394 15878 361 0.022230432908430322
 395 15877 362 0.02229201305499107
 396 15863 364 0.02243174955321378
 397 15856 364 0.022441430332922317
 398 15847 367 0.02263476008387813
 399 15840 368 0.022704837117472853
 400 15835 370 0.02283245911755631
 401 15834 372 0.022954461310625694
 402 15829 373 0.02302184915442538
 403 15829 374 0.02308214528173795
 404 15821 375 0.023153865151889354
 405 15818 378 0.02333909607310447
 406 15802 381 0.023543224371253786
 407 15794 383 0.023675588798912035
 408 15780 385 0.02381688833900402
 409 15775 388 0.02400544453381179
 410 15762 389 0.02408519596309826
 411 15755 391 0.024216524216524215
 412 15746 391 0.02423003036499969
 413 15741 392 0.02429802268641914
 414 15733 392 0.024310077519379844
 415 15728 393 0.02437814031387631
 416 15716 395 0.024517410464899757
 417 15714 397 0.024641549252063806
 418 15703 399 0.024779530493106446
 419 15697 400 0.02484935081071007
 420 15689 403 0.02504349987571464
 421 15686 406 0.025229927914491673
 422 15678 408 0.02536367027228646
 423 15673 411 0.025553344939069883
 424 15669 411 0.025559701492537314
 425 15667 414 0.025744667620172874
 426 15655 415 0.02582451773490977
 427 15658 416 0.025880303595869104
 428 15652 416 0.025889967637540454
 429 15648 416 0.025896414342629483
 430 15641 417 0.0259683646780421
 431 15639 418 0.0260322600734882
 432 15631 420 0.026166593981683386
 433 15624 424 0.02642073778664008
 434 15613 425 0.026499563536600573
 435 15605 426 0.026573513816979602
 436 15584 426 0.02660836976889444
 437 15579 429 0.026799100449775112
 438 15572 429 0.02681082432347978
 439 15567 429 0.0268192048012003
 440 15557 432 0.027018575270498467
 441 15558 433 0.027077731223813396
 442 15550 434 0.02715215215215215
 443 15541 435 0.027228342513770657
 444 15533 439 0.027485599799649388
 445 15532 442 0.027669963690997872
 446 15530 443 0.027734301634007388
 447 15527 446 0.027922118575095474
 448 15511 449 0.028132832080200502
 449 15502 453 0.028392353494202445
 450 15492 456 0.028592927012791574
 451 15487 457 0.0286628198695434
 452 15474 458 0.028747175495857393
 453 15470 459 0.0288153681963714
 454 15455 460 0.028903550109959156
 455 15445 463 0.029104852904199147
 456 15436 463 0.029121328385433045
 457 15427 465 0.02926000503397936
 458 15419 465 0.029274741878619996
 459 15412 468 0.02947103274559194
 460 15391 470 0.02963243175083538
 461 15384 471 0.029706717123935668
 462 15376 473 0.02984415420531264
 463 15378 475 0.029962783069450577
 464 15369 477 0.030102234002271865
 465 15371 477 0.030098435133770824
 466 15368 479 0.030226541301192653
 467 15365 480 0.03029346797096876
 468 15353 481 0.030377668308702793
 469 15354 483 0.030498200416745596
 470 15347 484 0.030572926536542228
 471 15353 485 0.030622553352696046
 472 15341 485 0.030645772778971313
 473 15340 491 0.031015096961657506
 474 15320 492 0.031115608398684543
 475 15311 493 0.03119463426980511
 476 15298 495 0.03134300006331919
 477 15294 496 0.031412286257124764
 478 15274 497 0.03151353750554816
 479 15268 500 0.031709791983764585
 480 15254 500 0.03173797130887394
 481 15240 500 0.03176620076238882
 482 15229 500 0.03178841630109988
 483 15223 501 0.03186212159755787
 484 15215 503 0.03200152691182084
 485 15200 504 0.032093734080489045
 486 15188 505 0.032179952845217616
 487 15178 505 0.03220047184849838
 488 15171 507 0.03233830845771144
 489 15170 510 0.032525510204081634
 490 15163 514 0.03278688524590164
 491 15165 522 0.03327596098680436
 492 15158 524 0.03341410534370616
 493 15156 527 0.033603264681502265
 494 15138 530 0.03382690834822568
 495 15134 532 0.03395889186773905
 496 15126 534 0.03409961685823755
 497 15122 535 0.034170019799450724
 498 15112 536 0.03425357873210634
 499 15108 539 0.03444749792292452
 500 15103 541 0.03458194835080542
 501 15090 541 0.034610709487556776
 502 15083 543 0.034749776014335085
 503 15083 547 0.034996801023672426
 504 15076 548 0.0350742447516641
 505 15073 551 0.03526625704045059
 506 15071 552 0.03533252256288805
 507 15068 552 0.0353393085787452
 508 15060 555 0.03554274735830932
 509 15060 557 0.035666261125696354
 510 15040 558 0.03577381715604565
 511 15033 560 0.035913550952350416
 512 15023 560 0.035936597574279666
 513 15015 560 0.035955056179775284
 514 15008 562 0.036095054592164416
 515 15003 563 0.0361685725298728
 516 14993 566 0.036377659232598496
 517 14989 567 0.03644895860118282
 518 14981 569 0.036591639871382635
 519 14984 573 0.03683229414411519
 520 14980 578 0.037151304794960795
 521 14981 578 0.03714891702551578
 522 14976 580 0.03728464901002829
 523 14980 582 0.03739879192905796
 524 14982 583 0.03745583038869258
 525 14977 586 0.03765340872582407
 526 14960 586 0.037694583815772544
 527 14955 587 0.03776862694633895
 528 14942 590 0.037986093226886425
 529 14946 592 0.03810014158836401
 530 14941 594 0.038236240746701
 531 14940 596 0.03836251287332647
 532 14929 599 0.038575476558475014
 533 14915 603 0.03885810027065344
 534 14908 610 0.03930918932852172
 535 14911 613 0.03948724555526926
 536 14900 614 0.03957715611705556
 537 14899 617 0.03976540345449858
 538 14893 619 0.039904589994842705
 539 14888 620 0.039979365488779985
 540 14884 622 0.04011350444989036
 541 14877 624 0.040255467389200696
 542 14876 625 0.04031997935617057
 543 14870 628 0.04052135759452832
 544 14864 630 0.04066090099393314
 545 14860 634 0.04091906544468827
 546 14855 640 0.041303646337528234
 547 14856 643 0.04148654751919479
 548 14846 644 0.04157520981278244
 549 14845 645 0.041639767591994836
 550 14835 645 0.041666666666666664
 551 14830 648 0.04186587414394625
 552 14834 650 0.041978816843192976
 553 14835 653 0.042161673553719005
 554 14832 656 0.042355371900826444
 555 14830 657 0.04242267708400594
 556 14824 661 0.042686470778172426
 557 14827 666 0.042987155489575934
 558 14830 667 0.04304058850100019
 559 14827 669 0.04317243159525039
 560 14818 672 0.0433828276307295
 561 14821 677 0.04368305587817783
 562 14816 679 0.04382058728622136
 563 14809 684 0.04414897050280772
 564 14797 686 0.0443066589162307
 565 14794 687 0.0443769782313804
 566 14787 689 0.04452054794520548
 567 14786 690 0.04458516412509692
 568 14779 693 0.04479058945191313
 569 14776 694 0.04486102133160957
 570 14776 697 0.04504620952627157
 571 14773 698 0.04511666989851981
 572 14761 704 0.04552214678305852
 573 14763 705 0.045577967416602014
 574 14746 707 0.0457516339869281
 575 14744 712 0.04606625258799172
 576 14733 716 0.04634604181500421
 577 14729 719 0.04654324184360435
 578 14721 721 0.04669084315503173
 579 14718 724 0.04688511850796529
 580 14714 727 0.04708244284696587
 581 14711 729 0.04721502590673575
 582 14706 730 0.04729204457113242
 583 14702 731 0.0473660338236247
 584 14699 737 0.04774552993003369
 585 14697 741 0.04799844539448115
 586 14690 745 0.04826692581794623
 587 14692 746 0.04832232154424148
 588 14679 747 0.048424737456242706
 589 14676 752 0.048742546020222974
 590 14668 755 0.04895286260779356
 591 14663 760 0.049277053750891524
 592 14661 762 0.04940673020813072
 593 14652 765 0.049620548744892
 594 14644 766 0.049707981829980534
 595 14646 769 0.049886474213428476
 596 14646 771 0.050009729519361744
 597 14643 775 0.05026592294720457
 598 14636 780 0.050596782563570315
 599 14640 785 0.05089141004862237
 600 14636 787 0.051027685923620565
 601 14642 788 0.051069345430978616
 602 14637 791 0.05127041742286751
 603 14633 792 0.051345218800648296
 604 14625 795 0.05155642023346303
 605 14621 797 0.05169282656635102
 606 14615 799 0.051835993252886986
 607 14611 800 0.051910972681850624
 608 14595 803 0.05214962982205481
 609 14596 806 0.05233086612128295
 610 14597 809 0.05251200830845125
 611 14597 813 0.052757949383517196
 612 14585 817 0.053045059083235944
 613 14574 817 0.05308297056721461
 614 14575 821 0.05332553910106521
 615 14571 823 0.053462387943354554
 616 14569 827 0.053715250714471294
 617 14571 832 0.054015451535415177
 618 14573 835 0.054192627206645895
 619 14572 840 0.054502984687256686
 620 14564 845 0.05483808164059965
 621 14562 847 0.05496787591667208
 622 14552 848 0.05506493506493507
 623 14548 852 0.055324675324675325
 624 14540 855 0.055537512179278985
 625 14542 857 0.05565296447821287
 626 14535 859 0.05580096141353774
 627 14530 863 0.05606444487754174
 628 14522 866 0.05627761892383676
 629 14515 873 0.05673251884585391
 630 14508 874 0.05681965934208816
 631 14503 878 0.05708341460243157
 632 14498 878 0.05710197710718002
 633 14499 883 0.05740475880899753
 634 14492 886 0.05761477435297178
 635 14487 891 0.05793991416309013
 636 14483 895 0.05820002601118481
 637 14485 897 0.058314913535301
 638 14478 900 0.05852516582130316
 639 14475 902 0.05865903622293035
 640 14472 904 0.058792924037460975
 641 14470 905 0.05886178861788618
 642 14462 910 0.05919854280510018
 643 14467 911 0.05924047340356353
 644 14461 916 0.059569486896013525
 645 14461 922 0.05993629331079763
 646 14457 926 0.060196320613664436
 647 14460 927 0.06024566192240203
 648 14451 930 0.06046420908913595
 649 14448 931 0.06053709604005462
 650 14444 935 0.06079719097470577
 651 14448 937 0.06090347741306467
 652 14452 942 0.06119267246979342
 653 14450 946 0.0614445310470252
 654 14443 947 0.061533463287849255
 655 14451 951 0.0617452278924815
 656 14451 956 0.062049717660803534
 657 14445 961 0.06237829417110217
 658 14440 963 0.06252028825553464
 659 14435 964 0.06260146762776804
 660 14428 967 0.06281260149399155
 661 14428 971 0.06305604260016884
 662 14425 976 0.0633725082786832
 663 14427 983 0.06378974691758599
 664 14422 986 0.06399273104880582
 665 14421 989 0.06417910447761194
 666 14418 991 0.0643130637938867
 667 14422 995 0.06453914509956542
 668 14417 997 0.06468145841442845
 669 14414 1000 0.0648760866744518
 670 14409 1003 0.06507915909680768
 671 14411 1006 0.06525264318609328
 672 14408 1011 0.06556845450418315
 673 14403 1015 0.06583214424698404
 674 14394 1016 0.06593121349772875
 675 14388 1020 0.06619937694704049
 676 14378 1021 0.06630300668874602
 677 14375 1025 0.06655844155844155
 678 14370 1030 0.06688311688311688
 679 14365 1032 0.06702604403455219
 680 14360 1035 0.06722962000649561
 681 14361 1039 0.06746753246753247
 682 14352 1044 0.06780982073265783
 683 14351 1048 0.0680563672965777
 684 14347 1050 0.06819510294213159
 685 14347 1054 0.06843711447308616
 686 14346 1058 0.06868345884185925
 687 14345 1063 0.0689901349948079
 688 14342 1070 0.0694264209706722
 689 14346 1074 0.06964980544747082
 690 14343 1079 0.06996498508624044
 691 14346 1085 0.07031300628604757
 692 14343 1087 0.07044718081659106
 693 14344 1093 0.07080391267733367
 694 14340 1096 0.0710028504793988
 695 14340 1097 0.07106303038155082
 696 14336 1099 0.07120181405895691
 697 14341 1102 0.07135919186686525
 698 14334 1106 0.0716321243523316
 699 14323 1107 0.07174335709656514
 700 14319 1110 0.07194244604316546
 701 14310 1112 0.07210478537154714
 702 14302 1114 0.07226258432797093
 703 14306 1118 0.0724844398340249
 704 14299 1122 0.07275792750145905
 705 14303 1126 0.0729794542744183
 706 14298 1127 0.07306320907617504
 707 14297 1130 0.07324820120567836
 708 14299 1132 0.07335882314820816
 709 14301 1140 0.0738294151933165
 710 14301 1143 0.07400932400932402
 711 14300 1146 0.07419396607535932
 712 14297 1150 0.07444811290218166
 713 14295 1153 0.07463749352667012
 714 14289 1157 0.07490612456299366
 715 14286 1158 0.07498057498057498
 716 14278 1160 0.07513926674439694
 717 14279 1163 0.07531407848724259
 718 14277 1164 0.07538371867107052
 719 14281 1170 0.0757232541583069
 720 14277 1171 0.07580269290523045
 721 14273 1173 0.07594199145409815
 722 14272 1176 0.07612635939927499
 723 14274 1184 0.07659464355026524
 724 14272 1188 0.07684346701164295
 725 14273 1189 0.07689820204372008
 726 14265 1195 0.07729624838292368
 727 14266 1196 0.0773509248480145
 728 14268 1196 0.07734092084842215
 729 14267 1200 0.07758453481606
 730 14266 1207 0.07800685064305564
 731 14268 1213 0.07835411149150572
 732 14263 1215 0.07849851401989921
 733 14261 1218 0.07868725369855933
 734 14252 1220 0.07885211995863495
 735 14247 1222 0.07899670308358653
 736 14243 1223 0.07907668433984223
 737 14240 1225 0.07921112188813449
 738 14244 1228 0.07936918304033092
 739 14244 1230 0.0794881737107406
 740 14236 1236 0.07988624612202688
 741 14223 1240 0.08019142469119835
 742 14217 1245 0.08051998447807528
 743 14217 1252 0.0809360656797466
 744 14219 1254 0.08104439992244555
 745 14216 1259 0.08135702746365105
 746 14219 1265 0.08169723585636786
 747 14219 1266 0.08175653858572812
 748 14211 1271 0.08209533651982948
 749 14209 1279 0.08258006198347108
 750 14206 1279 0.082596060703907
 751 14209 1284 0.08287613761053379
 752 14203 1289 0.08320423444358378
 753 14202 1293 0.08344627299128751
 754 14192 1294 0.08355934392354385
 755 14180 1300 0.08397932816537468
 756 14173 1305 0.08431321876211396
 757 14168 1313 0.08481364252955235
 758 14161 1319 0.08520671834625324
 759 14158 1323 0.08545959563335702
 760 14153 1329 0.08584162252938897
 761 14151 1335 0.08620689655172414
 762 14140 1337 0.08638625056535504
 763 14141 1345 0.08685264109518274
 764 14130 1352 0.0873272187055936
 765 14131 1355 0.08749838563864136
 766 14127 1364 0.08805112646052547
 767 14129 1371 0.08845161290322581
 768 14125 1375 0.08870967741935484
 769 14122 1375 0.08872685035813384
 770 14111 1376 0.08884871182281914
 771 14108 1381 0.08916004906707986
 772 14109 1384 0.08933066546182147
 773 14108 1384 0.08933643170668733
 774 14106 1386 0.08946553059643687
 775 14107 1390 0.08969477963476802
 776 14108 1396 0.09004127966976264
 777 14101 1402 0.09043410952718829
 778 14092 1406 0.09072138340431023
 779 14095 1412 0.09105565228606435
 780 14094 1418 0.09141309953584321
 781 14091 1422 0.09166505511506479
 782 14084 1428 0.09205776173285199
 783 14086 1432 0.09227993298105426
 784 14084 1439 0.09270115312761708
 785 14081 1444 0.09301127214170693
 786 14071 1452 0.09353862011209174
 787 14074 1453 0.09357892703033426
 788 14073 1459 0.09393510172547
 789 14074 1462 0.09410401647785788
 790 14062 1465 0.0943517743285889
 791 14065 1472 0.0947415846044925
 792 14067 1478 0.09507880347378578
 793 14064 1481 0.09527179157285301
 794 14055 1486 0.09561804259700148
 795 14061 1487 0.09563931052225366
 796 14055 1493 0.09602521224594804
 797 14055 1497 0.09625771604938271
 798 14047 1507 0.09688826025459689
 799 14040 1510 0.09710610932475884
 800 14038 1513 0.09729277859944697
 801 14037 1518 0.09758919961427194
 802 14037 1525 0.09799511630895771
 803 14041 1530 0.09825958512619613
 804 14033 1534 0.0985417871137663
 805 14037 1539 0.09880585516178736
 806 14025 1544 0.09917143040657717
 807 14013 1547 0.09942159383033419
 808 14010 1551 0.09967225756699441
 809 14004 1558 0.1001156663667909
 810 13995 1562 0.10040496239634891
 811 13997 1566 0.10062327314785068
 812 13997 1572 0.10096987603571199
 813 13995 1578 0.10132922365632827
 814 13998 1583 0.10159810025030486
 815 14003 1585 0.1016807800872466
 816 13999 1588 0.10187977160454224
 817 13992 1590 0.10204081632653061
 818 13978 1593 0.10230556804315716
 819 13981 1596 0.10245875329010722
 820 13970 1603 0.10293456623643485
 821 13970 1611 0.10339516077273603
 822 13966 1613 0.10353681237563386
 823 13958 1617 0.10382022471910113
 824 13947 1621 0.10412384378211717
 825 13942 1627 0.1045025370929411
 826 13927 1631 0.10483352616017483
 827 13923 1637 0.10520565552699229
 828 13913 1645 0.1057333847538244
 829 13912 1651 0.10608494506200604
 830 13903 1654 0.10631869897795204
 831 13899 1660 0.10669066135355743
 832 13892 1665 0.10702577617792633
 833 13890 1671 0.10738384422594949
 834 13879 1675 0.10768934036260769
 835 13870 1680 0.10803858520900321
 836 13873 1684 0.10824709134151829
 837 13876 1691 0.1086272242564399
 838 13860 1694 0.10891089108910891
 839 13857 1703 0.10944730077120822
 840 13855 1704 0.10951860659425412
 841 13848 1709 0.1098540849778235
 842 13843 1717 0.11034704370179949
 843 13843 1719 0.11046138028531037
 844 13832 1724 0.1108254049884289
 845 13836 1731 0.11119676238196184
 846 13836 1737 0.1115392024658062
 847 13824 1748 0.11225276136655536
 848 13815 1758 0.11288769023309574
 849 13809 1767 0.11344375963020031
 850 13809 1772 0.11372825877671523
 851 13809 1779 0.11412625096227867
 852 13804 1782 0.11433337610676247
 853 13804 1788 0.1146741918932786
 854 13799 1799 0.11533529939735863
 855 13793 1804 0.1156632685772905
 856 13794 1808 0.1158825791565184
 857 13798 1817 0.11636247198206852
 858 13793 1824 0.11679579944931805
 859 13795 1830 0.11712
 860 13791 1833 0.11731950844854071
 861 13786 1837 0.1175830506304807
 862 13774 1837 0.11767343539811671
 863 13771 1846 0.11820452071460588
 864 13768 1852 0.11856594110115237
 865 13763 1857 0.11888604353393085
 866 13758 1860 0.11909335382251249
 867 13749 1866 0.11950048030739674
 868 13741 1871 0.11984370996669229
 869 13744 1873 0.11993340590382276
 870 13738 1879 0.12031760261253761
 871 13740 1885 0.12064
 872 13735 1891 0.12101625495968259
 873 13727 1893 0.12119078104993598
 874 13731 1898 0.12144091112675155
 875 13728 1907 0.12196993923888712
 876 13723 1909 0.12212128966223132
 877 13713 1915 0.12253647299718454
 878 13706 1922 0.12298438699769644
 879 13705 1927 0.1232727737973388
 880 13700 1934 0.12370474606626583
 881 13696 1940 0.12407265285239191
 882 13700 1946 0.12437683753035919
 883 13698 1947 0.12444870565675935
 884 13695 1950 0.12464046021093
 885 13696 1954 0.12485623003194889
 886 13687 1962 0.1253754233497348
 887 13686 1965 0.1255510829978915
 888 13677 1971 0.12595858895705522
 889 13672 1975 0.12622227903112418
 890 13660 1981 0.12665430599066557
 891 13660 1988 0.12704498977505113
 892 13656 1996 0.12752363915154613
 893 13651 2000 0.127787361829915
 894 13642 2008 0.1283067092651757
 895 13634 2013 0.1286508595896977
 896 13630 2019 0.129017828615247
 897 13626 2023 0.12927343600230046
 898 13624 2030 0.1296793151910055
 899 13618 2036 0.1300626038073336
 900 13608 2042 0.13047923322683705
 901 13608 2048 0.1308124680633623
 902 13609 2053 0.13108159877410291
 903 13612 2055 0.13116742196974532
 904 13598 2064 0.13178393564040353
 905 13598 2069 0.13206101997829833
 906 13592 2071 0.1322224350379876
 907 13584 2077 0.13262243790307132
 908 13575 2079 0.13280950555768495
 909 13570 2082 0.13301814464605163
 910 13559 2085 0.13327793403221683
 911 13560 2092 0.1336570406337848
 912 13552 2097 0.13400217266278996
 913 13553 2104 0.13438078814587726
 914 13546 2108 0.13466206720327073
 915 13545 2111 0.1348364844149208
 916 13541 2115 0.13509197751660706
 917 13536 2119 0.13535611625678698
 918 13531 2127 0.13584110358921958
 919 13518 2129 0.13606442129481688
 920 13513 2133 0.13632877412757255
 921 13513 2144 0.13693555598135018
 922 13506 2151 0.13738264035255796
 923 13499 2155 0.1376644946978408
 924 13492 2160 0.13800153335037055
 925 13485 2164 0.13828359639593585
 926 13481 2170 0.1386492875854578
 927 13480 2176 0.13898824731732243
 928 13476 2184 0.13946360153256704
 929 13472 2189 0.13977396079432985
 930 13471 2197 0.14022210875670155
 931 13472 2200 0.14037774374680959
 932 13462 2208 0.14090619017230377
 933 13451 2214 0.14133418448771146
 934 13454 2224 0.1418548284219926
 935 13455 2228 0.14206465599693935
 936 13442 2234 0.14251084460321511
 937 13435 2239 0.1428480285823657
 938 13422 2245 0.14329482351439332
 939 13419 2252 0.1437049326781954
 940 13421 2258 0.14401428662542254
 941 13418 2260 0.14415103967342774
 942 13411 2267 0.1445975251945401
 943 13409 2280 0.14532474982471796
 944 13400 2281 0.14546266182003698
 945 13397 2293 0.1461440407903123
 946 13391 2298 0.14647205048122888
 947 13383 2301 0.14671002295332825
 948 13379 2306 0.14701944532993305
 949 13378 2314 0.1474636757583482
 950 13364 2316 0.14770408163265306
 951 13358 2325 0.1482496971242747
 952 13347 2332 0.148733975381083
 953 13338 2336 0.14903662115605462
 954 13326 2342 0.1494766402859331
 955 13314 2349 0.14997126987167209
 956 13307 2355 0.15036393819435576
 957 13307 2360 0.15063509287036447
 958 13301 2369 0.1511805998723676
 959 13296 2381 0.1518785481916183
 960 13283 2390 0.15249154597077777
 961 13277 2395 0.1528203164880041
 962 13267 2405 0.15345839714139867
 963 13265 2414 0.15396390075897698
 964 13260 2425 0.15460631176283074
 965 13258 2428 0.15478770878490375
 966 13241 2435 0.15533299311048737
 967 13242 2441 0.15564624115284065
 968 13232 2450 0.15623007269480935
 969 13217 2460 0.1569177776360273
 970 13212 2466 0.15729047072330654
 971 13206 2468 0.15745821105014673
 972 13193 2482 0.15834130781499203
 973 13185 2491 0.1589053329931105
 974 13175 2496 0.15927509412290217
 975 13169 2502 0.159657966945313
 976 13161 2507 0.16000765892264487
 977 13153 2513 0.16041108132260948
 978 13146 2517 0.16069718444742387
 979 13137 2525 0.16121823521900142
 980 13126 2532 0.16170647592285095
 981 13118 2535 0.16194978598351753
 982 13123 2545 0.1624329844268573
 983 13120 2549 0.16267789903631374
 984 13114 2553 0.1629539797025595
 985 13110 2564 0.16358300370039555
 986 13104 2568 0.1638591117917305
 987 13101 2574 0.16421052631578947
 988 13095 2586 0.1649129519801033
 989 13090 2591 0.1652318091958421
 990 13087 2604 0.1659550060544261
 991 13080 2614 0.16656046896903276
 992 13074 2616 0.16673040152963672
 993 13068 2621 0.16705972337306393
 994 13062 2624 0.16728292745123038
 995 13058 2627 0.16748485814472425
 996 13045 2632 0.167889264527652
 997 13037 2637 0.16824039811152228
 998 13026 2644 0.16873005743458838
 999 13020 2647 0.16895385204570115
 1000 13009 2653 0.1693908823904993
 1001 13009 2657 0.1696029618281629
 1002 12999 2662 0.16997637443330565
 1003 12990 2665 0.1702331523474928
 1004 12981 2674 0.17080804854679016
 1005 12972 2677 0.1710652437855454
 1006 12959 2683 0.17152538038613988
 1007 12949 2689 0.1719529351579486
 1008 12943 2693 0.17223074955231518
 1009 12942 2700 0.17261219792865362
 1010 12932 2707 0.17309290875375663
 1011 12927 2721 0.17388803680981596
 1012 12919 2730 0.17445204166400408
 1013 12917 2732 0.17457984535753082
 1014 12903 2737 0.175
 1015 12897 2739 0.1751726784343822
 1016 12888 2747 0.17569555484489927
 1017 12878 2755 0.17622977035757692
 1018 12871 2757 0.17641412848733043
 1019 12859 2766 0.177024
 1020 12852 2768 0.17720870678617157
 1021 12844 2776 0.17772087067861717
 1022 12836 2786 0.17833824094226092
 1023 12832 2796 0.1789096493473253
 1024 12823 2807 0.1795905310300704
 1025 12819 2820 0.18031843468252445
 1026 12816 2827 0.18071981077798377
 1027 12811 2833 0.18109179238046536
 1028 12804 2838 0.18143459915611815
 1029 12791 2849 0.18216112531969308
 1030 12787 2852 0.18236460131721977
 1031 12785 2868 0.18322366319555355
 1032 12780 2872 0.1834909276769742
 1033 12770 2875 0.18376478108021732
 1034 12761 2879 0.18407928388746803
 1035 12758 2884 0.184375399565273
 1036 12746 2890 0.18482987976464568
 1037 12739 2893 0.18506908904810646
 1038 12739 2898 0.1853296668158854
 1039 12730 2906 0.18585315937579944
 1040 12714 2917 0.18661633932569893
 1041 12713 2927 0.18714833759590793
 1042 12708 2939 0.18783153320125265
 1043 12697 2943 0.18817135549872122
 1044 12696 2950 0.1885465933784993
 1045 12689 2953 0.18878660017900525
 1046 12679 2959 0.1892185701496355
 1047 12662 2969 0.18994306186424412
 1048 12654 2978 0.19050665301944728
 1049 12657 2986 0.19088410151505467
 1050 12650 2990 0.19117647058823528
 1051 12647 2997 0.19157504474558937
 1052 12636 3004 0.19207161125319694
 1053 12625 3008 0.19241348429604044
 1054 12621 3017 0.19292748433303492
 1055 12618 3023 0.1932740873345694
 1056 12622 3033 0.19374001916320666
 1057 12611 3042 0.19433974318022104
 1058 12596 3048 0.19483508054206086
 1059 12586 3055 0.19531999232785627
 1060 12582 3061 0.19567857827782395
 1061 12577 3072 0.19630647325707712
 1062 12562 3083 0.19705976350271653
 1063 12555 3087 0.19735327963176064
 1064 12552 3094 0.19775022369934808
 1065 12549 3104 0.19830064524372326
 1066 12538 3110 0.1987474437627812
 1067 12530 3118 0.19925869120654396
 1068 12527 3128 0.19980836793356754
 1069 12531 3134 0.2000638365783594
 1070 12523 3140 0.20047245099917002
 1071 12517 3151 0.2011105437835078
 1072 12510 3161 0.201710165273435
 1073 12503 3168 0.2021568502329143
 1074 12500 3177 0.2026535689226255
 1075 12483 3180 0.20302624018387283
 1076 12472 3182 0.20327072952599975
 1077 12465 3190 0.2037687639731715
 1078 12457 3198 0.20427978281699138
 1079 12451 3206 0.20476464201315706
 1080 12438 3212 0.20523961661341852
 1081 12439 3220 0.2056325435851587
 1082 12436 3230 0.20617898633984424
 1083 12422 3237 0.20671818123762692
 1084 12413 3243 0.20714103219213081
 1085 12406 3246 0.20738563761819576
 1086 12390 3250 0.2078005115089514
 1087 12382 3256 0.20821076864049112
 1088 12368 3263 0.20875183929371122
 1089 12366 3273 0.20928448110492998
 1090 12355 3281 0.2098362752622154
 1091 12341 3286 0.21027708453317975
 1092 12334 3294 0.21077553109802918
 1093 12324 3303 0.21136494528700325
 1094 12312 3311 0.2119311271842796
 1095 12304 3322 0.21259439395878663
 1096 12286 3330 0.21324282786885246
 1097 12279 3336 0.21364073006724305
 1098 12272 3349 0.21439088406632098
 1099 12267 3354 0.21471096600729786
 1100 12257 3360 0.2151501568803227
 1101 12254 3367 0.21554317905383777
 1102 12249 3376 0.216064
 1103 12247 3385 0.21654298874104402
 1104 12234 3391 0.217024
 1105 12217 3404 0.21791178541706677
 1106 12214 3410 0.21825396825396826
 1107 12201 3420 0.21893604762819283
 1108 12195 3425 0.21927016645326505
 1109 12187 3431 0.21968241772313996
 1110 12183 3436 0.21998847557462065
 1111 12177 3449 0.2207218738000768
 1112 12166 3456 0.2212264754832928
 1113 12163 3461 0.22151817716333846
 1114 12153 3471 0.22215821812596007
 1115 12147 3478 0.222592
 1116 12135 3487 0.22321085648444502
 1117 12131 3495 0.22366568539613466
 1118 12123 3504 0.22422729890574006
 1119 12109 3508 0.22462700902862265
 1120 12100 3521 0.225401702835926
 1121 12094 3532 0.22603353385383335
 1122 12080 3541 0.22668203059983355
 1123 12073 3556 0.22752575340712777
 1124 12066 3571 0.22836861290528873
 1125 12060 3577 0.22875231821960734
 1126 12058 3581 0.22897883496387236
 1127 12048 3585 0.22932258683554022
 1128 12047 3592 0.2296822047445489
 1129 12046 3596 0.2298938754634957
 1130 12034 3601 0.2303165973776783
 1131 12026 3606 0.23068065506653018
 1132 12014 3616 0.23134996801023672
 1133 12004 3625 0.2319406232004607
 1134 11991 3632 0.23247775715291558
 1135 11987 3641 0.23297926798054774
 1136 11974 3652 0.23371304236528861
 1137 11967 3658 0.234112
 1138 11954 3664 0.23460110129337944
 1139 11949 3679 0.23541080112618376
 1140 11948 3688 0.23586595037093885
 1141 11940 3697 0.23642642450597942
 1142 11933 3710 0.23716678386498755
 1143 11924 3721 0.23783956535634387
 1144 11917 3731 0.23843302658486706
 1145 11908 3734 0.23871627669096024
 1146 11902 3745 0.23934300504889117
 1147 11892 3759 0.2401763465593253
 1148 11886 3771 0.2408507376892125
 1149 11880 3778 0.24128241154681312
 1150 11875 3784 0.2416501692317517
 1151 11862 3796 0.2424319836505301
 1152 11851 3800 0.24279598747683853
 1153 11840 3808 0.24335378323108384
 1154 11830 3814 0.24379953975965227
 1155 11814 3825 0.24458085555342413
 1156 11809 3836 0.24519015659955257
 1157 11802 3847 0.24583040449869
 1158 11791 3857 0.24648517382413088
 1159 11782 3869 0.24720465145997061
 1160 11775 3880 0.24784413925263493
 1161 11758 3888 0.24849801866291704
 1162 11746 3898 0.24916901048325238
 1163 11732 3910 0.24996803477816137
 1164 11723 3920 0.25059131880074154
 1165 11708 3927 0.2511672529581068
 1166 11698 3937 0.25180684362008315
 1167 11682 3943 0.252352
 1168 11669 3953 0.2530405837920881
 1169 11666 3961 0.253471555640878
 1170 11660 3970 0.25399872040946897
 1171 11639 3980 0.2548178500544209
 1172 11627 3991 0.2555384812395953
 1173 11623 4004 0.25622320342996097
 1174 11616 4005 0.25638563472248893
 1175 11613 4017 0.25700575815738963
 1176 11605 4022 0.2573750559928329
 1177 11597 4039 0.2583141468406242
 1178 11587 4044 0.25871665280532274
 1179 11578 4055 0.25938719375679653
 1180 11569 4068 0.26015220310801307
 1181 11557 4078 0.2608250719539495
 1182 11547 4082 0.26118113762876705
 1183 11540 4089 0.26162902297011964
 1184 11523 4097 0.262291933418694
 1185 11515 4107 0.26289847650748943
 1186 11515 4118 0.2634171304292202
 1187 11507 4126 0.2639288684193693
 1188 11498 4134 0.26445752302968273
 1189 11484 4145 0.26521210570094056
 1190 11470 4160 0.26615483045425464
 1191 11466 4166 0.2665046059365404
 1192 11452 4180 0.2674002047082907
 1193 11445 4191 0.2680353031465848
 1194 11439 4200 0.26855937080375986
 1195 11426 4208 0.26915696558782143
 1196 11415 4215 0.2696737044145873
 1197 11407 4224 0.27023223082336384
 1198 11399 4228 0.2705573686568119
 1199 11385 4237 0.2712200742542568
 1200 11377 4247 0.2718253968253968
 1201 11369 4257 0.2724305644438756
 1202 11357 4269 0.2731985152950211
 1203 11344 4281 0.273984
 1204 11334 4293 0.2747168362449606
 1205 11325 4303 0.27533913488610184
 1206 11312 4307 0.27575388949356555
 1207 11304 4316 0.2763124199743918
 1208 11297 4329 0.27703826955074873
 1209 11289 4339 0.2776426926030202
 1210 11282 4356 0.2785522445325489
 1211 11271 4364 0.27911736488647265
 1212 11261 4370 0.2795726441046638
 1213 11248 4377 0.280128
 1214 11239 4395 0.2811180759882308
 1215 11227 4404 0.2817478088414049
 1216 11214 4412 0.28234992960450533
 1217 11208 4424 0.28300921187308087
 1218 11198 4439 0.2838779817100467
 1219 11182 4446 0.28448937803941643
 1220 11170 4456 0.2851657493920389
 1221 11155 4466 0.2858971896805582
 1222 11146 4484 0.2868841970569418
 1223 11145 4491 0.28722179585571755
 1224 11131 4497 0.2877527514717174
 1225 11118 4507 0.288448
 1226 11114 4516 0.2889315419065899
 1227 11102 4530 0.2897901740020471
 1228 11092 4539 0.2903844923549357
 1229 11090 4543 0.29060321115588816
 1230 11073 4554 0.29141869840660395
 1231 11068 4559 0.2917386574518462
 1232 11054 4572 0.29258927428644566
 1233 11044 4578 0.29304826526693123
 1234 11030 4588 0.2937636060955308
 1235 11022 4598 0.2943661971830986
 1236 11018 4608 0.2948931268398822
 1237 11000 4615 0.29554915145693245
 1238 10990 4626 0.296234631147541
 1239 10982 4642 0.29710701484895036
 1240 10980 4646 0.2973249712018431
 1241 10969 4655 0.2979390681003584
 1242 10955 4665 0.2986555697823303
 1243 10946 4677 0.29936631888881776
 1244 10934 4688 0.3000896172065036
 1245 10921 4695 0.3006531762295082
 1246 10920 4708 0.30125415920143334
 1247 10910 4721 0.3020280212398439
 1248 10910 4739 0.30283085181161734
 1249 10896 4747 0.3034584159048776
 1250 10885 4749 0.3037610336446207
 1251 10877 4758 0.3043172369683403
 1252 10865 4772 0.3051736266547292
 1253 10859 4781 0.30569053708439897
 1254 10837 4791 0.3065651394932173
 1255 10832 4798 0.3069737683941139
 1256 10819 4806 0.307584
 1257 10812 4819 0.3082976137163329
 1258 10803 4827 0.3088291746641075
 1259 10795 4835 0.3093410108765195
 1260 10783 4846 0.3100646234563952
 1261 10765 4857 0.31090769427730125
 1262 10754 4865 0.3114796081695371
 1263 10739 4880 0.3124399769511492
 1264 10732 4888 0.312932138284251
 1265 10718 4895 0.3135207839620829
 1266 10711 4911 0.3143643579567277
 1267 10706 4920 0.31485984896966596
 1268 10694 4934 0.3157153826465319
 1269 10680 4941 0.3163049740733628
 1270 10679 4950 0.31671891995649115
 1271 10671 4962 0.31740548838994437
 1272 10654 4970 0.31810035842293904
 1273 10646 4980 0.3186996032253936
 1274 10640 4996 0.31951905858275775
 1275 10633 5001 0.3198797492644237
 1276 10618 5019 0.3209694954275117
 1277 10609 5037 0.32193531893135624
 1278 10597 5046 0.3225723965991178
 1279 10590 5058 0.3232361963190184
 1280 10581 5066 0.3237681344666709
 1281 10566 5077 0.32455411366106246
 1282 10555 5090 0.32534356024288913
 1283 10545 5101 0.32602582129617796
 1284 10525 5107 0.3267016376663255
 1285 10508 5124 0.32778915046059365
 1286 10492 5132 0.32846902201740913
 1287 10487 5142 0.3290037750335914
 1288 10481 5155 0.32968789971859813
 1289 10473 5161 0.3301138544198542
 1290 10454 5180 0.3313291544070615
 1291 10441 5192 0.33211795560672935
 1292 10430 5203 0.3328215953431843
 1293 10410 5216 0.3338026366312556
 1294 10405 5227 0.334378198567042
 1295 10394 5238 0.3350818833162743
 1296 10371 5250 0.3360860380257346
 1297 10354 5265 0.3370894423458608
 1298 10335 5272 0.3377971423079387
 1299 10321 5282 0.33852464269691723
 1300 10310 5296 0.33935665769575807
 1301 10296 5302 0.33991537376586745
 1302 10283 5317 0.3408333333333333
 1303 10270 5328 0.34158225413514554
 1304 10257 5343 0.3425
 1305 10248 5352 0.34307692307692306
 1306 10237 5363 0.3437820512820513
 1307 10226 5375 0.344529196846356
 1308 10215 5388 0.345318208036916
 1309 10203 5398 0.3460034613165823
 1310 10195 5411 0.34672561835191595
 1311 10181 5424 0.3475809035565524
 1312 10165 5442 0.34868969052348303
 1313 10155 5463 0.3497887053399923
 1314 10138 5475 0.35066931403317747
 1315 10124 5485 0.35139983342943176
 1316 10112 5499 0.3522516174492345
 1317 10106 5514 0.3530089628681178
 1318 10092 5521 0.35361557676295396
 1319 10086 5532 0.35420668459469845
 1320 10069 5543 0.355047399436331
 1321 10056 5550 0.3556324490580546
 1322 10037 5570 0.3568911385916576
 1323 10019 5579 0.3576740607770227
 1324 10013 5590 0.3582644363263475
 1325 9997 5598 0.358961205514588
 1326 9984 5606 0.35958948043617706
 1327 9967 5617 0.36043377823408623
 1328 9956 5624 0.36097560975609755
 1329 9927 5636 0.3621409753903489
 1330 9918 5647 0.3628011564407324
 1331 9901 5662 0.3638116044464435
 1332 9888 5672 0.36452442159383036
 1333 9878 5679 0.3650446744230893
 1334 9865 5689 0.36575800437186573
 1335 9856 5704 0.36658097686375324
 1336 9847 5717 0.36732202518632745
 1337 9829 5730 0.3682755961180024
 1338 9818 5743 0.36906368485315855
 1339 9805 5755 0.3698586118251928
 1340 9795 5766 0.3705417389627916
 1341 9785 5791 0.3717899332306112
 1342 9769 5797 0.372414236155724
 1343 9756 5808 0.37316885119506554
 1344 9742 5822 0.37406836288871753
 1345 9733 5836 0.3748474532725287
 1346 9708 5857 0.3762929649855445
 1347 9698 5868 0.37697545933444687
 1348 9690 5876 0.377489399974303
 1349 9687 5892 0.37820142499518583
 1350 9679 5901 0.3787548138639281
 1351 9667 5907 0.3792859894696289
 1352 9661 5917 0.37983053023494673
 1353 9652 5936 0.38080574801129075
 1354 9636 5941 0.3813956474289016
 1355 9621 5953 0.3822396301528188
 1356 9618 5964 0.38274932614555257
 1357 9602 5978 0.38369704749679073
 1358 9581 5992 0.3847685095999486
 1359 9573 6003 0.38540061633281975
 1360 9561 6017 0.38624983951726793
 1361 9546 6031 0.38717339667458434
 1362 9530 6044 0.3880827019391293
 1363 9526 6059 0.3887712544112929
 1364 9513 6066 0.38937030618139806
 1365 9497 6074 0.3900841307558924
 1366 9489 6083 0.39063704084253786
 1367 9479 6097 0.39143554185927065
 1368 9470 6113 0.3922864660206635
 1369 9461 6129 0.39313662604233485
 1370 9454 6142 0.39381892793023854
 1371 9439 6158 0.39481951657370007
 1372 9425 6167 0.39552334530528477
 1373 9416 6178 0.39617801718609724
 1374 9397 6192 0.39720315607158896
 1375 9384 6207 0.39811429670964016
 1376 9369 6223 0.39911493073370957
 1377 9360 6237 0.3998845931909983
 1378 9346 6253 0.40085902942496315
 1379 9332 6271 0.4019098891238864
 1380 9327 6288 0.4026897214217099
 1381 9314 6300 0.4034840527731523
 1382 9297 6304 0.40407666175245177
 1383 9276 6315 0.4050413700211661
 1384 9258 6329 0.4060434977866171
 1385 9245 6340 0.4068014116137312
 1386 9234 6354 0.407621247113164
 1387 9215 6367 0.40861250160441537
 1388 9198 6386 0.4097792607802875
 1389 9183 6396 0.4105526670518005
 1390 9173 6412 0.41142123837022776
 1391 9158 6432 0.4125721616420783
 1392 9144 6445 0.4134325485919559
 1393 9137 6458 0.4141070856043604
 1394 9122 6474 0.41510643754808924
 1395 9106 6484 0.41590763309813983
 1396 9087 6492 0.41671480839591757
 1397 9084 6509 0.41743089848008724
 1398 9062 6518 0.4183568677792041
 1399 9047 6531 0.41924508922839904
 1400 9039 6544 0.4199448116537252
 1401 9026 6562 0.4209648447523736
 1402 9013 6573 0.42172462466315924
 1403 9002 6595 0.4228377252035648
 1404 8988 6606 0.42362447095036554
 1405 8978 6618 0.4243395742498076
 1406 8957 6637 0.42561241503142233
 1407 8939 6647 0.42647247529834464
 1408 8914 6658 0.4275622912920627
 1409 8901 6676 0.42858059960197725
 1410 8890 6688 0.4293234048016433
 1411 8875 6698 0.43010338406215887
 1412 8868 6714 0.43088178667693494
 1413 8844 6724 0.4319116135662898
 1414 8824 6729 0.432649649585289
 1415 8807 6740 0.43352415256962756
 1416 8790 6752 0.4344357225582293
 1417 8789 6764 0.43490001928888317
 1418 8774 6779 0.4358644634475664
 1419 8759 6792 0.4367564786830429
 1420 8744 6806 0.43768488745980705
 1421 8719 6815 0.4387150766061542
 1422 8708 6829 0.43953144107614084
 1423 8692 6837 0.4402730375426621
 1424 8685 6858 0.44122756224667053
 1425 8673 6873 0.4421072944808954
 1426 8658 6881 0.44282128837119505
 1427 8656 6895 0.44337984695517973
 1428 8632 6906 0.444458746299395
 1429 8620 6913 0.44505246893710165
 1430 8610 6924 0.44573194283507145
 1431 8598 6938 0.44657569515962925
 1432 8584 6948 0.447334535153232
 1433 8570 6962 0.44823590007725983
 1434 8550 6979 0.44941721939596885
 1435 8535 6996 0.45045393084798147
 1436 8525 7005 0.4510624597553123
 1437 8511 7016 0.45185805371288723
 1438 8508 7037 0.4526857510453522
 1439 8494 7049 0.4535160522421669
 1440 8485 7062 0.45423554383482345
 1441 8464 7073 0.45523588852416813
 1442 8441 7090 0.4565063421544009
 1443 8427 7105 0.4574426989441154
 1444 8413 7117 0.4582743077913715
 1445 8395 7124 0.4590501965332818
 1446 8382 7131 0.45967897892090503
 1447 8366 7147 0.4607103719461097
 1448 8358 7170 0.4617465224111283
 1449 8343 7189 0.46285088848828226
 1450 8330 7203 0.4637223974763407
 1451 8313 7215 0.46464451313755795
 1452 8293 7229 0.4657260662285788
 1453 8281 7242 0.4665335308896476
 1454 8272 7255 0.46725059573645905
 1455 8253 7265 0.4681660007732955
 1456 8240 7278 0.46900373759505093
 1457 8225 7291 0.469902036607373
 1458 8216 7305 0.4706526641324657
 1459 8199 7316 0.47154366741862713
 1460 8175 7330 0.472750725572396
 1461 8161 7340 0.47351783755886717
 1462 8148 7350 0.4742547425474255
 1463 8140 7366 0.4750419192570618
 1464 8129 7378 0.4757851292964468
 1465 8113 7397 0.47691811734364925
 1466 8097 7412 0.4779160487458895
 1467 8086 7422 0.47859169460923395
 1468 8075 7436 0.47940171491199796
 1469 8067 7450 0.48011857962234966
 1470 8048 7463 0.4811424150602798
 1471 8032 7482 0.48227407502900604
 1472 8023 7498 0.4830874299336383
 1473 8004 7517 0.48431157786225115
 1474 7997 7530 0.48496167965479486
 1475 7985 7545 0.4858338699291693
 1476 7975 7561 0.48667610710607623
 1477 7957 7572 0.4876038379805525
 1478 7949 7580 0.4881190031553867
 1479 7941 7594 0.48883167042162856
 1480 7926 7607 0.4897315393034185
 1481 7913 7624 0.4906996202613117
 1482 7899 7639 0.49163341485390655
 1483 7874 7653 0.49288336446190506
 1484 7860 7669 0.493850215725417
 1485 7847 7677 0.4945246070600361
 1486 7835 7697 0.4955575585887201
 1487 7828 7707 0.49610556807209527
 1488 7821 7715 0.4965885684860968
 1489 7803 7720 0.49732654770340784
 1490 7790 7730 0.49806701030927836
 1491 7779 7741 0.4987757731958763
 1492 7771 7753 0.4994202525122391
 1493 7759 7771 0.5003863490019318
 1494 7744 7786 0.5013522215067611
 1495 7730 7799 0.5022216498164724
 1496 7712 7817 0.5033807714598493
 1497 7688 7830 0.504575331872664
 1498 7669 7846 0.5057041572671608
 1499 7661 7855 0.5062516112400103
 1500 7659 7867 0.5066984413242304
 1501 7650 7871 0.5071193866374589
 1502 7643 7880 0.5076338336661728
 1503 7629 7901 0.5087572440437862
 1504 7608 7919 0.5100148129065499
 1505 7596 7931 0.5107876602048045
 1506 7585 7954 0.5118733509234829
 1507 7574 7970 0.5127380339680906
 1508 7558 7980 0.5135796112755825
 1509 7544 8002 0.5147304772931944
 1510 7530 8011 0.5154751946464191
 1511 7517 8029 0.5164672584587675
 1512 7500 8050 0.5176848874598071
 1513 7487 8066 0.518613772262586
 1514 7469 8088 0.5198945812174584
 1515 7453 8099 0.5207690329218106
 1516 7443 8123 0.5218424771938841
 1517 7428 8135 0.5227141296665168
 1518 7423 8151 0.5233722871452421
 1519 7406 8168 0.5244638500064209
 1520 7391 8179 0.5253050738599871
 1521 7377 8196 0.526295511462146
 1522 7368 8209 0.5269949284201065
 1523 7356 8221 0.5277652949861976
 1524 7340 8237 0.5287924504076523
 1525 7330 8243 0.5293135555127464
 1526 7322 8260 0.5300988319856245
 1527 7320 8268 0.5304080061585835
 1528 7307 8288 0.5314523885860852
 1529 7287 8299 0.5324650327216733
 1530 7269 8311 0.5334403080872914
 1531 7256 8327 0.5343643714304049
 1532 7237 8345 0.5355538441791811
 1533 7223 8350 0.5361844217556027
 1534 7210 8358 0.5368705035971223
 1535 7197 8367 0.5375867386276022
 1536 7183 8377 0.5383676092544987
 1537 7170 8394 0.5393215111796453
 1538 7157 8408 0.5401863154513331
 1539 7139 8424 0.541283814174645
 1540 7124 8439 0.5422476386300842
 1541 7104 8457 0.5434740697898592
 1542 7086 8470 0.5444844433016199
 1543 7073 8484 0.5453493604165327
 1544 7061 8495 0.5460915402417074
 1545 7047 8512 0.5470788611093258
 1546 7037 8529 0.547924964666581
 1547 7021 8538 0.5487499196606466
 1548 7011 8554 0.5495663347253453
 1549 6998 8573 0.5505747864620127
 1550 6984 8596 0.5517329910141207
 1551 6971 8610 0.5525961106475836
 1552 6954 8623 0.5535725749502471
 1553 6939 8633 0.5543924993578218
 1554 6927 8650 0.555305899723952
 1555 6904 8654 0.556241162103098
 1556 6888 8669 0.5572411133251912
 1557 6880 8683 0.5579258497718949
 1558 6876 8704 0.5586649550706033
 1559 6861 8717 0.5595711901399409
 1560 6846 8721 0.5602235498169205
 1561 6830 8736 0.5612231787228575
 1562 6815 8752 0.5622149418642
 1563 6807 8764 0.5628411791150215
 1564 6801 8776 0.5633947486679078
 1565 6778 8795 0.5647595196815001
 1566 6764 8819 0.5659372392992363
 1567 6749 8834 0.5668998267342616
 1568 6740 8854 0.5677824804411953
 1569 6728 8868 0.5686073352141575
 1570 6711 8876 0.569448899724129
 1571 6690 8892 0.5706584520600693
 1572 6678 8905 0.571456073926715
 1573 6668 8924 0.5723447922011288
 1574 6653 8931 0.5730877823408624
 1575 6637 8943 0.57400513478819
 1576 6620 8961 0.5751235479109171
 1577 6602 8976 0.5761972011811529
 1578 6586 8993 0.5772514282046345
 1579 6575 9002 0.5779033189959556
 1580 6567 9011 0.5784439594299653
 1581 6553 9026 0.5793696642916747
 1582 6537 9030 0.5800732318365773
 1583 6520 9038 0.5809229978146291
 1584 6503 9053 0.5819619439444588
 1585 6492 9069 0.5828031617505302
 1586 6471 9077 0.5838049909956264
 1587 6458 9091 0.5846678242973825
 1588 6446 9104 0.5854662379421222
 1589 6438 9118 0.5861403959886861
 1590 6418 9142 0.5875321336760926
 1591 6408 9159 0.5883599922913856
 1592 6399 9171 0.5890173410404624
 1593 6385 9180 0.5897847735303565
 1594 6374 9198 0.5906755715386591
 1595 6361 9211 0.5915104032879528
 1596 6345 9221 0.5923808300141333
 1597 6327 9226 0.5931974538674211
 1598 6317 9239 0.5939187451787091
 1599 6306 9255 0.5947561210719106
 1600 6290 9267 0.5956804011056116
 1601 6275 9286 0.5967482809588073
 1602 6269 9295 0.5972115137496787
 1603 6257 9307 0.597982523772809
 1604 6243 9318 0.598804704067862
 1605 6231 9339 0.5998073217726397
 1606 6218 9351 0.6006166099299891
 1607 6209 9370 0.6014506707747609
 1608 6198 9388 0.6023354292313615
 1609 6188 9402 0.6030788967286722
 1610 6178 9424 0.6040251249839764
 1611 6167 9442 0.6049074252034083
 1612 6149 9454 0.6059091200410177
 1613 6138 9476 0.6068912514410145
 1614 6118 9483 0.6078456509198128
 1615 6107 9494 0.6085507339273124
 1616 6092 9508 0.6094871794871795
 1617 6073 9526 0.610680171805885
 1618 6057 9544 0.6117556566886738
 1619 6043 9555 0.6125785357097063
 1620 6026 9560 0.6133709739509816
 1621 6014 9575 0.6142151517095388
 1622 6009 9593 0.6148570696064607
 1623 5998 9614 0.615808352549321
 1624 5981 9619 0.6166025641025641
 1625 5965 9628 0.6174565510164818
 1626 5946 9646 0.6186505900461775
 1627 5938 9666 0.6194565496026659
 1628 5924 9674 0.6202077189383254
 1629 5902 9691 0.6214968254986212
 1630 5895 9701 0.6220184662734034
 1631 5877 9721 0.6232209257597128
 1632 5861 9736 0.6242226069115856
 1633 5853 9755 0.625
 1634 5837 9768 0.6259532201217558
 1635 5824 9784 0.6268580215274219
 1636 5812 9803 0.6277937880243356
 1637 5806 9815 0.6283208501376353
 1638 5790 9836 0.6294637143222833
 1639 5775 9852 0.6304473027452486
 1640 5761 9864 0.631296
 1641 5744 9880 0.6323604710701485
 1642 5730 9895 0.63328
 1643 5715 9908 0.634193176726621
 1644 5695 9926 0.6354266692273222
 1645 5682 9947 0.6364450700620641
 1646 5666 9958 0.6373527905785971
 1647 5647 9977 0.6385688684075781
 1648 5629 9992 0.6396517508482171
 1649 5606 10007 0.6409402421059374
 1650 5588 10017 0.6419096443447613
 1651 5570 10031 0.6429716043843343
 1652 5558 10049 0.6438777471647338
 1653 5544 10064 0.6447975397232188
 1654 5536 10075 0.6453782589199923
 1655 5525 10096 0.6463094552205365
 1656 5513 10100 0.646896816755268
 1657 5504 10121 0.647744
 1658 5486 10127 0.6486261448792673
 1659 5463 10141 0.6498974621891822
 1660 5453 10151 0.6505383235067931
 1661 5443 10163 0.6512238882481097
 1662 5430 10179 0.6521237747453392
 1663 5416 10202 0.6532206428479959
 1664 5407 10215 0.6538855460248367
 1665 5396 10243 0.6549651512245028
 1666 5380 10264 0.6560981846075172
 1667 5366 10281 0.6570588611235381
 1668 5354 10291 0.6577820389900927
 1669 5341 10304 0.6586129753914989
 1670 5322 10319 0.6597404258039767
 1671 5308 10332 0.660613810741688
 1672 5294 10346 0.6615089514066497
 1673 5275 10368 0.6627884676852266
 1674 5255 10379 0.6638736088013304
 1675 5237 10400 0.6650892114855791
 1676 5225 10422 0.6660701731961398
 1677 5210 10433 0.6669436808796266
 1678 5194 10458 0.6681574239713775
 1679 5173 10469 0.6692878148574352
 1680 5163 10472 0.6697793412216182
 1681 5145 10489 0.6709095560956889
 1682 5130 10504 0.6718690034540105
 1683 5116 10511 0.6726179049081717
 1684 5108 10514 0.6730252208424018
 1685 5096 10525 0.6737724857563536
 1686 5079 10534 0.6746941651188112
 1687 5060 10552 0.6758903407635153
 1688 5043 10565 0.6768964633521272
 1689 5029 10578 0.6777727942589864
 1690 5016 10602 0.6788321167883211
 1691 5004 10616 0.6796414852752881
 1692 4993 10623 0.6802638319672131
 1693 4981 10636 0.6810526989818787
 1694 4969 10654 0.6819432887409589
 1695 4954 10669 0.6829034116366896
 1696 4943 10678 0.6835669931502465
 1697 4933 10694 0.6843284059640367
 1698 4922 10709 0.6851129166400103
 1699 4912 10723 0.6858330668372242
 1700 4897 10731 0.6866521627847453
 1701 4883 10732 0.6872878642331092
 1702 4875 10745 0.6879001280409731
 1703 4863 10760 0.6887281572041222
 1704 4853 10774 0.689447750687912
 1705 4847 10783 0.6898912348048625
 1706 4839 10796 0.6905020786696514
 1707 4829 10816 0.6913390859699584
 1708 4815 10828 0.6921945918302116
 1709 4801 10831 0.6928735926305015
 1710 4790 10851 0.693753596317371
 1711 4778 10864 0.6945403401099604
 1712 4763 10880 0.6955187623857316
 1713 4747 10898 0.6965803771172898
 1714 4737 10905 0.6971614883007288
 1715 4727 10909 0.6976848298797647
 1716 4718 10931 0.6985110869704134
 1717 4708 10940 0.6991308793456033
 1718 4699 10955 0.6998211319790469
 1719 4681 10966 0.7008372211925609
 1720 4660 10976 0.701969813251471
 1721 4643 10988 0.7029620625679739
 1722 4629 11008 0.7039713500031975
 1723 4617 11024 0.7048142701873282
 1724 4609 11034 0.705363421338618
 1725 4596 11049 0.7062320230105466
 1726 4588 11066 0.7069119713811166
 1727 4577 11077 0.7076146671777181
 1728 4559 11089 0.7086528629856851
 1729 4541 11097 0.7096175981583323
 1730 4530 11106 0.7102839600920952
 1731 4525 11121 0.7107886999872172
 1732 4507 11130 0.7117733580610092
 1733 4497 11145 0.7125047947832758
 1734 4486 11156 0.7132080296637259
 1735 4472 11169 0.7140847771881593
 1736 4458 11180 0.7149251822483693
 1737 4450 11196 0.7155822574459926
 1738 4440 11210 0.7162939297124601
 1739 4424 11228 0.7173524150268337
 1740 4409 11244 0.7183287548712707
 1741 4396 11257 0.7191592665942631
 1742 4375 11266 0.7202864266990602
 1743 4356 11284 0.7214833759590793
 1744 4336 11293 0.7225670228421525
 1745 4320 11302 0.723466905645884
 1746 4309 11320 0.7242945805873696
 1747 4299 11332 0.7249696116691191
 1748 4288 11349 0.7257786020336382
 1749 4273 11353 0.7265455010879304
 1750 4266 11365 0.7270808009724266
 1751 4253 11388 0.7280864394859664
 1752 4236 11400 0.7290867229470452
 1753 4224 11408 0.72978505629478
 1754 4213 11414 0.7304025084789147
 1755 4196 11418 0.7312668118355322
 1756 4183 11436 0.7321851591010948
 1757 4157 11452 0.7336792875904926
 1758 4149 11460 0.7341918124159139
 1759 4132 11476 0.7352639671963096
 1760 4110 11494 0.7366059984619329
 1761 4100 11504 0.7372468597795437
 1762 4084 11520 0.7382722378877211
 1763 4064 11528 0.7393535146228836
 1764 4055 11546 0.7400807640535864
 1765 4045 11562 0.7408214262830781
 1766 4037 11574 0.7414002946640189
 1767 4022 11587 0.7423281440194759
 1768 4012 11599 0.7430017295496765
 1769 4003 11614 0.7436767625024012
 1770 3988 11627 0.7446045469100224
 1771 3978 11647 0.745408
 1772 3967 11666 0.7462419241348429
 1773 3952 11679 0.747169087070565
 1774 3935 11693 0.7482083439979524
 1775 3924 11704 0.7489122088558997
 1776 3913 11717 0.7496481126039667
 1777 3903 11721 0.7501920122887865
 1778 3896 11734 0.7507357645553423
 1779 3882 11751 0.7516791402801766
 1780 3873 11765 0.752334058063691
 1781 3857 11777 0.7532941025969042
 1782 3844 11784 0.7540312260046071
 1783 3839 11805 0.7546024034773715
 1784 3825 11820 0.7555129434324065
 1785 3819 11835 0.7560367957071675
 1786 3807 11846 0.756787836197534
 1787 3788 11861 0.7579398044603489
 1788 3774 11874 0.758819018404908
 1789 3764 11883 0.7594427046718221
 1790 3750 11887 0.760184178550873
 1791 3731 11894 0.761216
 1792 3713 11905 0.7622614931489308
 1793 3697 11916 0.7632101453916608
 1794 3681 11923 0.7640989489874391
 1795 3662 11943 0.7653316244793336
 1796 3651 11951 0.765991539546212
 1797 3645 11947 0.7662262698819907
 1798 3627 11957 0.7672612936344969
 1799 3618 11970 0.7678983833718245
 1800 3610 11982 0.7684710107747563
 1801 3595 11990 0.7693294834777029
 1802 3578 12002 0.7703465982028241
 1803 3568 12013 0.7710031448559143
 1804 3557 12019 0.7716358500256806
 1805 3550 12026 0.772085259373395
 1806 3538 12046 0.7729722792607803
 1807 3526 12070 0.7739163888176456
 1808 3508 12078 0.7749262158347234
 1809 3495 12093 0.7757890685142417
 1810 3481 12113 0.7767731178658458
 1811 3471 12125 0.777442934085663
 1812 3459 12137 0.7782123621441395
 1813 3453 12143 0.7785970761733778
 1814 3434 12158 0.7797588506926629
 1815 3422 12172 0.7805566243426959
 1816 3412 12189 0.7812960707646945
 1817 3396 12199 0.7822378967617826
 1818 3389 12208 0.7827146246072962
 1819 3379 12224 0.7834390822277767
 1820 3365 12241 0.7843778034089453
 1821 3352 12257 0.785252098148504
 1822 3337 12275 0.786254163464002
 1823 3324 12284 0.7870322911327524
 1824 3316 12297 0.7876128866969833
 1825 3300 12311 0.7886105950932035
 1826 3287 12325 0.7894568280809634
 1827 3278 12332 0.7900064061499039
 1828 3262 12352 0.7910849237863455
 1829 3251 12365 0.7918160860655737
 1830 3235 12376 0.7927743257959131
 1831 3229 12391 0.7932778489116518
 1832 3225 12409 0.7937188179608545
 1833 3212 12411 0.7944056839275427
 1834 3202 12426 0.7951113386229843
 1835 3190 12438 0.7958791911952905
 1836 3182 12459 0.7965603222300365
 1837 3170 12464 0.7972367916080337
 1838 3160 12478 0.7979281238009975
 1839 3147 12490 0.7987465626398925
 1840 3138 12512 0.7994888178913738
 1841 3129 12531 0.800191570881226
 1842 3117 12538 0.8008942829766847
 1843 3104 12555 0.8017753368669774
 1844 3093 12556 0.8023515879608921
 1845 3079 12567 0.803208487792407
 1846 3070 12585 0.8038965186841265
 1847 3066 12595 0.8042270608517974
 1848 3053 12617 0.8051691129546905
 1849 3041 12618 0.8057985822849479
 1850 3027 12630 0.8066679440505844
 1851 3017 12642 0.8073312472060795
 1852 3013 12655 0.8076972172581057
 1853 3001 12671 0.8085119959162839
 1854 2989 12689 0.8093506824850109
 1855 2978 12690 0.8099310696961961
 1856 2974 12692 0.8101621345589174
 1857 2961 12688 0.8107866317336571
 1858 2952 12701 0.8114099533635725
 1859 2936 12703 0.812264211266705
 1860 2924 12714 0.8130195677196572
 1861 2911 12718 0.8137436816175059
 1862 2895 12733 0.8147555669311493
 1863 2885 12741 0.815371816203763
 1864 2872 12745 0.8160978420951527
 1865 2858 12762 0.8170294494238156
 1866 2849 12772 0.8176173100313681
 1867 2839 12784 0.8182807399347116
 1868 2827 12796 0.8190488382512962
 1869 2816 12804 0.819718309859155
 1870 2801 12816 0.8206441698149453
 1871 2796 12828 0.8210445468509985
 1872 2785 12844 0.821805617761853
 1873 2778 12850 0.8222421295111338
 1874 2769 12863 0.8228633572159673
 1875 2761 12872 0.8233864261498113
 1876 2752 12886 0.8240184166773245
 1877 2742 12894 0.8246354566385264
 1878 2726 12910 0.8256587362496802
 1879 2714 12920 0.8264039913010106
 1880 2701 12932 0.8272244610759292
 1881 2691 12942 0.8278641335636154
 1882 2679 12948 0.8285659435592244
 1883 2666 12951 0.8292885957610296
 1884 2659 12967 0.8298348905670037
 1885 2648 12978 0.8305388455138871
 1886 2636 12996 0.8313715455475946
 1887 2630 13004 0.8317768965076117
 1888 2627 13009 0.831990278843694
 1889 2613 13016 0.8328108004350886
 1890 2603 13018 0.833365341527431
 1891 2583 13030 0.8345609428040736
 1892 2570 13036 0.8353197488145585
 1893 2558 13054 0.8361516781962592
 1894 2550 13060 0.8366431774503523
 1895 2541 13063 0.8371571391950782
 1896 2531 13063 0.8376939848659741
 1897 2517 13077 0.8385917660638708
 1898 2502 13086 0.8394919168591224
 1899 2494 13099 0.8400564355800679
 1900 2486 13105 0.8405490346995061
 1901 2474 13119 0.8413390623997948
 1902 2467 13138 0.8419096443447613
 1903 2455 13145 0.8426282051282051
 1904 2449 13163 0.8431334870612349
 1905 2438 13170 0.8437980522808816
 1906 2425 13178 0.8445811702877651
 1907 2416 13188 0.845167905665214
 1908 2407 13197 0.8457446808510638
 1909 2398 13208 0.8463411508394207
 1910 2385 13207 0.8470369420215496
 1911 2372 13215 0.8478219028677745
 1912 2358 13223 0.8486618317181183
 1913 2341 13236 0.8497143223984079
 1914 2332 13248 0.8503209242618742
 1915 2320 13255 0.8510433386837881
 1916 2315 13273 0.8514883243520657
 1917 2306 13287 0.8521131276854998
 1918 2304 13290 0.8522508657175837
 1919 2299 13302 0.8526376514326005
 1920 2290 13315 0.8532521627683435
 1921 2277 13326 0.8540665256681408
 1922 2272 13325 0.8543309610822594
 1923 2260 13325 0.8549887712544113
 1924 2249 13339 0.8557223505260457
 1925 2239 13344 0.8563177821985497
 1926 2232 13353 0.8567853705486044
 1927 2222 13365 0.8574453069865914
 1928 2209 13362 0.8581337101021129
 1929 2198 13365 0.8587675897963117
 1930 2189 13371 0.859318766066838
 1931 2182 13384 0.8598226904792496
 1932 2169 13384 0.8605413746544075
 1933 2159 13393 0.8611754115226338
 1934 2147 13403 0.8619292604501607
 1935 2136 13402 0.8625305702149568
 1936 2122 13410 0.8633788308009271
 1937 2107 13424 0.864335844440152
 1938 2100 13438 0.864847470716952
 1939 2095 13454 0.8652646472441957
 1940 2090 13468 0.8656639670908857
 1941 2079 13480 0.8663795873770808
 1942 2073 13486 0.8667652162735394
 1943 2068 13495 0.8671207350767847
 1944 2062 13496 0.8674636842781849
 1945 2056 13511 0.8679257403481724
 1946 2050 13519 0.8683280878669151
 1947 2044 13529 0.8687471906504848
 1948 2031 13535 0.8695233200565334
 1949 2024 13560 0.8701232032854209
 1950 2018 13580 0.8706244390306449
 1951 2009 13596 0.8712592117910926
 1952 2003 13605 0.8716683751922091
 1953 1997 13613 0.8720691864189622
 1954 1992 13621 0.8724140139627233
 1955 1989 13628 0.8726387910610233
 1956 1975 13631 0.8734461104703319
 1957 1965 13642 0.8740949573909144
 1958 1956 13656 0.8747117601844735
 1959 1949 13667 0.8751921106557377
 1960 1943 13676 0.8756002304885075
 1961 1931 13687 0.8763606095530798
 1962 1925 13699 0.8767921146953405
 1963 1918 13702 0.8772087067861716
 1964 1909 13701 0.877706598334401
 1965 1904 13706 0.8780269058295964
 1966 1893 13719 0.8787471176018448
 1967 1884 13734 0.879369957741068
 1968 1878 13742 0.8797695262483994
 1969 1871 13749 0.8802176696542894
 1970 1863 13765 0.8807908881494753
 1971 1855 13763 0.8812267896017416
 1972 1849 13778 0.8816791450694311
 1973 1850 13792 0.8817286791970337
 1974 1845 13796 0.8820407902308036
 1975 1829 13797 0.8829514911045693
 1976 1825 13806 0.8832448339837502
 1977 1811 13813 0.8840885816692269
 1978 1804 13827 0.884588318085855
 1979 1801 13839 0.884846547314578
 1980 1789 13843 0.8855552712384852
 1981 1782 13852 0.8860176538313931
 1982 1776 13859 0.8864086984330029
 1983 1768 13875 0.8869782011123186
 1984 1758 13899 0.8877179536309638
 1985 1750 13904 0.8882074869043056
 1986 1748 13914 0.8883922870642319
 1987 1745 13925 0.8886407147415444
 1988 1735 13925 0.8892081736909323
 1989 1732 13935 0.8894491606561562
 1990 1722 13940 0.8900523560209425
 1991 1713 13938 0.8905501245926778
 1992 1709 13945 0.8908266257825476
 1993 1697 13947 0.8915239069291742
 1994 1691 13952 0.8919005305887617
 1995 1686 13963 0.8922614863569557
 1996 1678 13976 0.8928069503002427
 1997 1670 13990 0.8933588761174968
 1998 1667 13993 0.8935504469987229
 1999 1657 13996 0.8941416980770459
 2000 1652 14001 0.8944611256628122
 2001 1643 14008 0.8950226822567248
 2002 1635 14023 0.895580533912377
 2003 1629 14028 0.8959570799003641
 2004 1620 14032 0.8964988499872221
 2005 1608 14048 0.8972917731221257
 2006 1596 14066 0.8980973055803857
 2007 1591 14080 0.8984748899240635
 2008 1585 14081 0.8988254819354015
 2009 1574 14090 0.899514811031665
 2010 1571 14101 0.89975752935171
 2011 1567 14105 0.9000127616130679
