 "time" "normal population" "cancer population" "cancer proportion"patch_inflammation:0.3
 1 10398 0 0
 2 10398 0 0
 3 10579 4 3.779646603042616E-4
 4 10581 4 3.778932451582428E-4
 5 10731 6 5.588153115395362E-4
 6 10736 6 5.585552038726494E-4
 7 10899 8 7.334739158338682E-4
 8 10909 8 7.328020518457452E-4
 9 11089 9 8.109569291764282E-4
 10 11108 9 8.095709274084735E-4
 11 11281 12 0.0010626051536349952
 12 11300 14 0.001237404984974368
 13 11473 22 0.0019138755980861245
 14 11490 24 0.0020844189682126106
 15 11679 32 0.002732473742635129
 16 11704 32 0.0027266530334014998
 17 11858 39 0.0032781373455492984
 18 11877 40 0.003356549467147772
 19 12044 41 0.003392635498551924
 20 12070 42 0.0034676354029062086
 21 12243 48 0.003905296558457408
 22 12267 49 0.003978564468983436
 23 12453 49 0.003919372900335946
 24 12487 51 0.004067634391449992
 25 12678 54 0.004241281809613572
 26 12707 54 0.004231643288143562
 27 12872 58 0.00448569218870843
 28 12894 60 0.004631773969430292
 29 13063 69 0.005254340542187024
 30 13090 71 0.005394726844464706
 31 13256 75 0.005625984547295777
 32 13279 76 0.005690752527143392
 33 13435 78 0.005772219344335085
 34 13459 78 0.005761985668907439
 35 13643 81 0.005902069367531332
 36 13669 83 0.006035485747527632
 37 13804 86 0.00619150467962563
 38 13835 89 0.0063918414248779086
 39 13999 94 0.006669978003264031
 40 14021 96 0.006800311680952044
 41 14169 102 0.007147361782636115
 42 14197 105 0.0073416305411830515
 43 14349 112 0.0077449692275776225
 44 14378 118 0.008140176600441501
 45 14552 123 0.00838160136286201
 46 14583 127 0.008633582596872875
 47 14743 133 0.008940575423500942
 48 14772 136 0.009122618728199625
 49 14938 145 0.00961347212093085
 50 14976 148 0.009785770960063476
 51 15126 154 0.010078534031413613
 52 15155 155 0.010124101894186806
 53 15347 156 0.010062568535122234
 54 15398 158 0.010156852661352533
 55 15588 166 0.010537006474546147
 56 15632 171 0.010820730241093464
 57 15853 174 0.010856679353590816
 58 15898 176 0.01094935921363693
 59 16088 180 0.011064666830587657
 60 16147 181 0.011085252327290544
 61 16346 189 0.011430299364983368
 62 16411 193 0.011623705131293665
 63 16624 200 0.011887779362815026
 64 16693 206 0.01219007041836795
 65 16907 209 0.012210796915167094
 66 17001 213 0.01237364935517602
 67 17211 220 0.012621192128965637
 68 17287 225 0.012848332571950663
 69 17501 230 0.0129716316056624
 70 17590 235 0.013183730715287518
 71 17807 244 0.013517256661680794
 72 17897 247 0.01361331569664903
 73 18094 252 0.013735964242886733
 74 18201 256 0.013870076393780137
 75 18394 267 0.014307914902738332
 76 18499 270 0.014385422771591454
 77 18697 275 0.014495045329959941
 78 18790 279 0.014631076616497981
 79 18994 281 0.01457846952010376
 80 19090 284 0.014658821100443893
 81 19267 290 0.014828450171294166
 82 19359 296 0.015059781226151106
 83 19536 307 0.015471450889482437
 84 19631 312 0.0156445870731585
 85 19818 318 0.015792610250297975
 86 19902 321 0.015873015873015872
 87 20076 327 0.016027054844875755
 88 20164 333 0.016246279943406352
 89 20301 341 0.016519717081678133
 90 20384 346 0.01669078630004824
 91 20520 349 0.01672336959125976
 92 20589 354 0.01690302248961467
 93 20761 361 0.017091184546917906
 94 20849 367 0.017298265460030167
 95 21003 375 0.017541397698568623
 96 21071 381 0.017760581763938094
 97 21190 383 0.017753673573448293
 98 21264 385 0.01778373135017784
 99 21406 388 0.01780306506377902
 100 21477 390 0.017835093977225956
 101 21599 395 0.017959443484586706
 102 21673 399 0.018077201884740848
 103 21779 405 0.018256401009736748
 104 21860 409 0.018366338856706632
 105 21953 413 0.018465528033622464
 106 22023 414 0.018451664661050943
 107 22099 417 0.018520163439332032
 108 22159 420 0.018601355241596174
 109 22240 422 0.018621480893125056
 110 22294 425 0.018706809278577402
 111 22381 429 0.018807540552389302
 112 22438 437 0.01910382513661202
 113 22506 441 0.01921819845731468
 114 22559 443 0.019259194852621512
 115 22621 444 0.019249945805332756
 116 22659 449 0.01943050025965034
 117 22727 454 0.019585004960959405
 118 22788 461 0.019828809841283497
 119 22848 468 0.02007205352547607
 120 22893 474 0.02028501733213506
 121 22958 478 0.020395972008875236
 122 23013 479 0.020389919972756684
 123 23073 484 0.020545909920618076
 124 23121 490 0.020753038837829824
 125 23190 496 0.02094064004053027
 126 23238 502 0.02114574557708509
 127 23300 508 0.021337365591397848
 128 23348 510 0.02137647749182664
 129 23396 515 0.021538204173811217
 130 23471 520 0.021674794714684673
 131 23522 527 0.02191359308079338
 132 23571 530 0.021990788763951705
 133 23623 535 0.022145873002732016
 134 23646 544 0.022488631665977678
 135 23700 551 0.02272071254793617
 136 23736 554 0.022807739810621654
 137 23794 558 0.022913929040735873
 138 23821 561 0.023008776966614717
 139 23873 565 0.023119731565594565
 140 23907 567 0.023167443000735474
 141 23955 571 0.023281415640544728
 142 23991 571 0.023247292565751976
 143 24025 575 0.023373983739837397
 144 24063 576 0.023377572141726533
 145 24101 580 0.023499858190510918
 146 24135 589 0.023823005986086394
 147 24189 594 0.023968042609853527
 148 24223 602 0.024249748237663647
 149 24276 610 0.02451177368801736
 150 24311 613 0.024594768095008827
 151 24345 616 0.024678498457593845
 152 24373 620 0.024806945944864562
 153 24414 626 0.025
 154 24436 632 0.02521142492420616
 155 24469 635 0.025294773741236457
 156 24494 636 0.025308396339037007
 157 24534 639 0.02538434036467644
 158 24562 646 0.0256267851475722
 159 24607 649 0.02569686411149826
 160 24635 651 0.025745471802578503
 161 24687 655 0.0258464209612501
 162 24714 660 0.026010877275951763
 163 24745 664 0.026132472745877443
 164 24768 668 0.026261990879069035
 165 24798 670 0.02630752316632637
 166 24821 673 0.026398368243508278
 167 24875 675 0.026418786692759294
 168 24898 677 0.026471163245356793
 169 24941 682 0.0266167115482184
 170 24963 686 0.02674568209286912
 171 25000 690 0.026858699883223043
 172 25030 695 0.027016520894071916
 173 25079 699 0.027116145550469394
 174 25102 702 0.027205084483025888
 175 25141 705 0.027276948077071886
 176 25170 710 0.02743431221020093
 177 25196 711 0.027444320067935308
 178 25224 713 0.027489686548174422
 179 25251 717 0.02761090573012939
 180 25278 721 0.027731835839839993
 181 25319 726 0.027874832021501247
 182 25341 730 0.028000460281538873
 183 25375 734 0.028112911256654792
 184 25392 737 0.02820620766198477
 185 25425 739 0.028244916679406817
 186 25450 741 0.028292161429498683
 187 25486 741 0.02825332672436802
 188 25511 748 0.028485471647815987
 189 25545 750 0.02852253280091272
 190 25568 753 0.028608335549561187
 191 25597 755 0.028650576806314512
 192 25612 760 0.02881844380403458
 193 25640 766 0.0290085586609104
 194 25654 769 0.029103432615524352
 195 25674 774 0.02926497277676951
 196 25701 779 0.02941842900302115
 197 25728 781 0.02946169225546041
 198 25748 786 0.029622371297203586
 199 25779 789 0.029697380307136406
 200 25803 793 0.02981651376146789
 201 25835 798 0.02996282807043893
 202 25849 802 0.03009267944917639
 203 25866 802 0.03007349632518374
 204 25875 806 0.030208762790000374
 205 25893 809 0.030297356003295632
 206 25906 812 0.030391496369488735
 207 25921 817 0.030555763333084
 208 25952 822 0.03070142675730186
 209 25979 825 0.030778988210714817
 210 26004 828 0.030858676207513418
 211 26031 830 0.030899817579390195
 212 26041 831 0.030924382256623997
 213 26054 835 0.031053590687641786
 214 26074 839 0.03117452532233493
 215 26101 844 0.031323065503804044
 216 26116 848 0.031449339860554815
 217 26144 851 0.03152435636228931
 218 26157 855 0.031652598844957795
 219 26176 856 0.03166617342408997
 220 26196 860 0.031785925487876995
 221 26217 863 0.0318685376661743
 222 26231 872 0.03217356012249566
 223 26255 873 0.03218077263344146
 224 26268 877 0.032307975686130044
 225 26293 884 0.03252750487544615
 226 26314 892 0.03278688524590164
 227 26336 895 0.03286695310491719
 228 26346 899 0.03299688016149752
 229 26363 902 0.03308270676691729
 230 26376 910 0.033350436121087734
 231 26386 913 0.0334444485145976
 232 26397 913 0.03343097766385939
 233 26416 919 0.03361990122553503
 234 26427 922 0.03371238436505905
 235 26446 923 0.03372428660162958
 236 26457 926 0.033816601541102144
 237 26475 931 0.03397066335838867
 238 26490 938 0.03419862913810704
 239 26505 939 0.03421512898994316
 240 26513 942 0.03431069022036059
 241 26530 944 0.03435975831695421
 242 26546 949 0.03451536643026005
 243 26565 953 0.034631877316665456
 244 26574 955 0.0346906898180101
 245 26587 958 0.03477945180613541
 246 26599 959 0.034799332317294436
 247 26607 962 0.034894265297979614
 248 26614 962 0.0348854076008123
 249 26627 967 0.03504385011234326
 250 26638 971 0.035169691042775904
 251 26647 975 0.03529795090869597
 252 26657 977 0.03535499746688862
 253 26669 979 0.03540943287037037
 254 26681 981 0.03546381317330634
 255 26696 987 0.035653650254668934
 256 26708 990 0.035742652899126294
 257 26717 994 0.03587023203781892
 258 26722 995 0.035898546018688894
 259 26728 996 0.035925551868417255
 260 26735 996 0.03591648335797483
 261 26750 999 0.03600129734404844
 262 26766 1005 0.036188830074538186
 263 26773 1009 0.036318479591102154
 264 26780 1010 0.03634400863620007
 265 26797 1013 0.036425746134483995
 266 26801 1017 0.03655906247753253
 267 26819 1022 0.03670845156423979
 268 26828 1024 0.036765761884245296
 269 26842 1031 0.03698920101890719
 270 26856 1035 0.037108744756373026
 271 26863 1045 0.03744446036978644
 272 26866 1048 0.03754388478899477
 273 26881 1048 0.03752372086361846
 274 26893 1050 0.037576495007694236
 275 26905 1052 0.03762921629645527
 276 26906 1054 0.0376967095851216
 277 26912 1059 0.03786064137857066
 278 26922 1062 0.037950257289879934
 279 26927 1065 0.038046584738496717
 280 26938 1066 0.03806599057277532
 281 26947 1073 0.038294075660242684
 282 26951 1077 0.03842585985443128
 283 26955 1083 0.03862615022469506
 284 26958 1086 0.038724860932819856
 285 26960 1093 0.038961964852243965
 286 26968 1095 0.039019349321170224
 287 26974 1097 0.03907947704036194
 288 26977 1100 0.039177974854863414
 289 26985 1104 0.03930364199508705
 290 26984 1109 0.03947602605631296
 291 26986 1113 0.039609950532047404
 292 26991 1120 0.039842054711678704
 293 26989 1127 0.04008393797126192
 294 26991 1131 0.040217623213142734
 295 26994 1136 0.04038393174546747
 296 27000 1141 0.04054582282079528
 297 27008 1146 0.04070469560275627
 298 27001 1150 0.040851124293986005
 299 27005 1156 0.04104967863357125
 300 27009 1160 0.041180020590010295
 301 27007 1163 0.04128505502307419
 302 27007 1167 0.04142116845318378
 303 27002 1172 0.0415986370412437
 304 27006 1174 0.04166075230660043
 305 27003 1176 0.04173320557862238
 306 27008 1180 0.04186178515680431
 307 27005 1184 0.04200219943949768
 308 27008 1187 0.04209966306082639
 309 27013 1192 0.042262010281864916
 310 27015 1196 0.042394810534897735
 311 27020 1198 0.04245517045857254
 312 27014 1199 0.04249813915570836
 313 27014 1204 0.042667800694592105
 314 27012 1212 0.0429421768707483
 315 27017 1215 0.043036270898271466
 316 27013 1215 0.04304236927873034
 317 27005 1218 0.04315629096835914
 318 26999 1220 0.043233282540132534
 319 26995 1222 0.04330722614027005
 320 26991 1225 0.04341508364048767
 321 26986 1228 0.04352449138725455
 322 26981 1231 0.04363391464624982
 323 26973 1232 0.043680198546357026
 324 26970 1237 0.04385436239231397
 325 26966 1246 0.044165603289380406
 326 26965 1254 0.04443814451256246
 327 26960 1262 0.044716887534547514
 328 26958 1267 0.044889282550930026
 329 26946 1271 0.04504376794131198
 330 26936 1276 0.04522898057564157
 331 26933 1282 0.0454368243841928
 332 26929 1286 0.045578592947014
 333 26929 1289 0.0456800623715359
 334 26918 1293 0.045833185636808334
 335 26910 1295 0.045913845062932106
 336 26901 1302 0.04616530156366344
 337 26900 1305 0.04626839212905513
 338 26883 1311 0.046499255160672485
 339 26878 1314 0.046608967082860386
 340 26864 1318 0.04676744021006316
 341 26860 1322 0.046909374778227236
 342 26852 1324 0.046990346394094266
 343 26843 1325 0.04703919341096279
 344 26833 1329 0.04719125062140473
 345 26829 1331 0.047265625
 346 26823 1337 0.04747869318181818
 347 26816 1342 0.04765963491725265
 348 26812 1349 0.047903128440041194
 349 26802 1354 0.04808921721835488
 350 26791 1357 0.04820946426033821
 351 26786 1363 0.048420903051618176
 352 26778 1369 0.048637510214232425
 353 26765 1372 0.04876141735081921
 354 26751 1379 0.049022396018485605
 355 26739 1382 0.04914476725578749
 356 26736 1388 0.049352865879675724
 357 26717 1389 0.04942005265779549
 358 26705 1392 0.049542655799551555
 359 26697 1394 0.04962443487237905
 360 26684 1398 0.04978277900434442
 361 26671 1401 0.04990738102023368
 362 26666 1407 0.050119331742243436
 363 26659 1413 0.050334853234539755
 364 26649 1417 0.05048813511009763
 365 26633 1422 0.05068615220103368
 366 26613 1429 0.0509592753726553
 367 26595 1431 0.051059730250481696
 368 26583 1432 0.051115473853292875
 369 26572 1437 0.05130493769859688
 370 26568 1441 0.05144774893784141
 371 26556 1448 0.05170689901442651
 372 26541 1450 0.051802365045907614
 373 26528 1455 0.05199585462602294
 374 26499 1461 0.05225321888412017
 375 26486 1465 0.05241315158670531
 376 26470 1473 0.052714454425079625
 377 26448 1475 0.052823836980267165
 378 26435 1476 0.052882376124108774
 379 26415 1479 0.05302215530221553
 380 26400 1483 0.0531865294265323
 381 26391 1489 0.053407460545193686
 382 26377 1494 0.053604104624878905
 383 26368 1500 0.05382517582890771
 384 26349 1504 0.053997774027932356
 385 26337 1512 0.054292793278035115
 386 26320 1516 0.054461847966661876
 387 26307 1518 0.05455525606469003
 388 26291 1527 0.05489251563735711
 389 26281 1527 0.05491225546605293
 390 26269 1529 0.05500395711921721
 391 26253 1537 0.055307664627563875
 392 26237 1539 0.05540754608294931
 393 26217 1547 0.0557196369399222
 394 26191 1557 0.056112152227187545
 395 26175 1564 0.05638271026352788
 396 26172 1565 0.05642282871255002
 397 26154 1570 0.05662963497330833
 398 26140 1575 0.056828432256900596
 399 26124 1579 0.056997437100675015
 400 26105 1583 0.05717278243282289
 401 26082 1588 0.057390675822190096
 402 26067 1596 0.057694393232838086
 403 26041 1602 0.057953188872408926
 404 26019 1611 0.05830618892508143
 405 26005 1619 0.058608456414711844
 406 25987 1624 0.0588171380971352
 407 25969 1630 0.05906011087358238
 408 25940 1636 0.05932695097185959
 409 25919 1643 0.05961105870401277
 410 25905 1654 0.060016691461954354
 411 25896 1656 0.06010452961672474
 412 25871 1658 0.06022739656362382
 413 25848 1664 0.06048269845885432
 414 25821 1674 0.06088379705400982
 415 25809 1681 0.06114950891233176
 416 25789 1693 0.06160395895495233
 417 25781 1701 0.0618950585838003
 418 25766 1707 0.062133731299821644
 419 25746 1714 0.06241806263656227
 420 25732 1722 0.06272310045894952
 421 25717 1728 0.06296228821278921
 422 25694 1735 0.06325421998614605
 423 25669 1742 0.06355112910875196
 424 25659 1746 0.06371100164203612
 425 25641 1747 0.06378706002628888
 426 25623 1755 0.0641025641025641
 427 25608 1760 0.06430868167202572
 428 25584 1763 0.06446776611694154
 429 25562 1770 0.06475925654909996
 430 25543 1774 0.06494124537833583
 431 25524 1784 0.06532884136516771
 432 25503 1792 0.06565305000915919
 433 25486 1797 0.06586519077814024
 434 25462 1800 0.06602597021495121
 435 25436 1805 0.06626041628427738
 436 25416 1811 0.06651485657619274
 437 25399 1821 0.06689933872152828
 438 25382 1830 0.06724974276054682
 439 25360 1839 0.0676127798816133
 440 25332 1847 0.06795687847234998
 441 25308 1853 0.06822281948381871
 442 25290 1855 0.06833671025971634
 443 25275 1859 0.06851183017616275
 444 25256 1871 0.06897187304161904
 445 25235 1884 0.06947158818540507
 446 25212 1891 0.06977087407298085
 447 25185 1896 0.07001218566522655
 448 25168 1901 0.07022793601536813
 449 25157 1908 0.07049695178274525
 450 25138 1915 0.07078697371825675
 451 25115 1924 0.07115647768038759
 452 25103 1929 0.07135986978395975
 453 25085 1936 0.07164797749898227
 454 25068 1941 0.07186493391091858
 455 25052 1947 0.07211378199192563
 456 25030 1959 0.07258512727407462
 457 25008 1967 0.07291936978683966
 458 24989 1975 0.07324580922711764
 459 24974 1979 0.07342410863354729
 460 24953 1985 0.07368772737396986
 461 24927 1992 0.07399977710910509
 462 24905 1999 0.07430121914956883
 463 24879 2008 0.07468293227210177
 464 24854 2012 0.07489019578649594
 465 24833 2021 0.07525880688165637
 466 24808 2029 0.07560457577225473
 467 24788 2036 0.07590217715478675
 468 24761 2043 0.07621996716907924
 469 24741 2053 0.07662163170859147
 470 24718 2061 0.0769632921318944
 471 24693 2069 0.07731111277184068
 472 24679 2077 0.07762744804903574
 473 24655 2089 0.07811097816332635
 474 24638 2106 0.07874663475919833
 475 24615 2117 0.07919347598383959
 476 24580 2123 0.07950417556079842
 477 24563 2131 0.07983067355960141
 478 24542 2139 0.0801694089426933
 479 24518 2144 0.08041407246268097
 480 24499 2150 0.08067844947277572
 481 24483 2160 0.08107195135682918
 482 24456 2171 0.08153378149998122
 483 24434 2174 0.08170475045099218
 484 24412 2180 0.08197954271961493
 485 24392 2187 0.08228300538018736
 486 24371 2195 0.08262440713694195
 487 24355 2205 0.08301957831325302
 488 24334 2215 0.08343063768880184
 489 24312 2221 0.08370708174725813
 490 24287 2226 0.08395881265794139
 491 24264 2237 0.08441190898456662
 492 24243 2245 0.08475536091815161
 493 24218 2249 0.08497374088487551
 494 24196 2257 0.08532113559898688
 495 24169 2261 0.08554672720393493
 496 24146 2269 0.085898163922014
 497 24115 2276 0.08624152173089311
 498 24087 2282 0.08654101406955136
 499 24065 2297 0.0871329944617252
 500 24044 2306 0.08751423149905123
 501 24016 2317 0.08798845555007026
 502 23995 2324 0.08830122725027546
 503 23972 2332 0.08865571776155717
 504 23953 2342 0.08906636242631678
 505 23927 2353 0.08953576864535769
 506 23895 2368 0.09016487073068576
 507 23882 2378 0.09055597867479055
 508 23860 2389 0.09101299097108462
 509 23836 2405 0.09165047063755193
 510 23812 2413 0.09201143946615825
 511 23784 2419 0.09231767354883029
 512 23758 2424 0.09258269039798335
 513 23744 2435 0.09301348409030138
 514 23724 2447 0.09350043941767605
 515 23695 2457 0.0939507494646681
 516 23672 2464 0.09427609427609428
 517 23654 2473 0.094653040915528
 518 23641 2480 0.09494276635657134
 519 23624 2489 0.09531650901849653
 520 23612 2498 0.0956721562619686
 521 23598 2506 0.09600061293288385
 522 23573 2519 0.09654300168634064
 523 23555 2527 0.09688674181427805
 524 23539 2540 0.09739637256029755
 525 23529 2556 0.09798734905117884
 526 23515 2569 0.09848949547615396
 527 23499 2577 0.09882650713299586
 528 23479 2587 0.09924806261029694
 529 23457 2590 0.09943563558183284
 530 23439 2600 0.09985022466300549
 531 23419 2610 0.10027277267662991
 532 23395 2625 0.10088393543428133
 533 23389 2638 0.10135628385906943
 534 23375 2652 0.10189418680600915
 535 23356 2666 0.10245177157789563
 536 23338 2680 0.10300561149973096
 537 23310 2693 0.10356497327231473
 538 23293 2705 0.10404646511270098
 539 23276 2722 0.10470036156627432
 540 23256 2735 0.10522873302296949
 541 23237 2745 0.10565006542991302
 542 23220 2757 0.1061323478461716
 543 23194 2772 0.10675498729107294
 544 23183 2785 0.10724738139248306
 545 23164 2793 0.10760103247678854
 546 23142 2804 0.10807060818623294
 547 23127 2810 0.1083394378686818
 548 23113 2814 0.1085355035291395
 549 23092 2826 0.10903619106412532
 550 23069 2836 0.10947693495464196
 551 23056 2844 0.10980694980694981
 552 23042 2857 0.11031313950345573
 553 23026 2864 0.11062186172267284
 554 23012 2876 0.11109394313967862
 555 22989 2892 0.11174220470615509
 556 22959 2902 0.11221530489926917
 557 22949 2912 0.11260198754881869
 558 22929 2920 0.11296375101551318
 559 22909 2926 0.11325720921230888
 560 22890 2934 0.11361524163568773
 561 22873 2948 0.11417063630378374
 562 22852 2958 0.1146067415730337
 563 22833 2970 0.11510289501220788
 564 22814 2981 0.11556503198294243
 565 22794 2996 0.11616905777433113
 566 22773 3006 0.11660654020714535
 567 22768 3018 0.11704025440161328
 568 22758 3034 0.1176333746898263
 569 22733 3046 0.11815819077543738
 570 22706 3055 0.11859011684329024
 571 22680 3066 0.11908646003262642
 572 22660 3076 0.11952129313024557
 573 22642 3088 0.1200155460551885
 574 22623 3101 0.12054890374747318
 575 22606 3114 0.12107309486780715
 576 22581 3128 0.12166945427671244
 577 22561 3138 0.12210591851823029
 578 22547 3156 0.12278722328132903
 579 22527 3171 0.12339481671725426
 580 22510 3187 0.12402225940771296
 581 22488 3196 0.1244354461921819
 582 22468 3211 0.1250438101172164
 583 22442 3221 0.12551143669874917
 584 22430 3231 0.1259109153969058
 585 22410 3241 0.12634984990838563
 586 22389 3253 0.12686217923718898
 587 22373 3268 0.12745212745212744
 588 22361 3286 0.12812414707373182
 589 22345 3297 0.1285781140316668
 590 22335 3305 0.12890015600624025
 591 22320 3315 0.12931538911644236
 592 22296 3325 0.12977635533351548
 593 22285 3342 0.13040933390564638
 594 22264 3355 0.13095749248604552
 595 22250 3370 0.13153786104605777
 596 22229 3389 0.13228979623702083
 597 22217 3395 0.13255505231922537
 598 22207 3407 0.13301319590848754
 599 22186 3420 0.13356244630164804
 600 22166 3435 0.13417444631069098
 601 22141 3449 0.13477921062915202
 602 22122 3463 0.13535274574946257
 603 22103 3472 0.13575757575757577
 604 22088 3487 0.13634408602150538
 605 22077 3492 0.13657162970784936
 606 22066 3509 0.13720430107526882
 607 22052 3521 0.13768427638525008
 608 22040 3536 0.13825461370034406
 609 22010 3557 0.1391246528728439
 610 21998 3574 0.13976223994994524
 611 21974 3597 0.14066716201947518
 612 21954 3615 0.14138214243810865
 613 21934 3624 0.14179513263948665
 614 21907 3639 0.1424489156815157
 615 21896 3649 0.1428459581131337
 616 21877 3666 0.14352268723329287
 617 21865 3685 0.14422700587084147
 618 21845 3699 0.14480895709364233
 619 21830 3715 0.1454296339792523
 620 21815 3724 0.1458162026704256
 621 21802 3735 0.14625837020793359
 622 21776 3746 0.1467753310869054
 623 21757 3762 0.1474195697323563
 624 21741 3783 0.14821344616831217
 625 21730 3794 0.14864441310139476
 626 21714 3814 0.14940457536822313
 627 21704 3829 0.14996279324795364
 628 21685 3846 0.15064039794759312
 629 21676 3862 0.15122562455948
 630 21663 3887 0.15213307240704502
 631 21637 3906 0.15291860783776376
 632 21626 3916 0.1533161068044789
 633 21597 3927 0.15385519511048426
 634 21579 3947 0.15462665517511556
 635 21559 3961 0.1552115987460815
 636 21548 3974 0.15570880025076406
 637 21537 3987 0.1562059238363893
 638 21520 4002 0.15680589295509756
 639 21504 4015 0.15733375132254399
 640 21493 4027 0.15779780564263324
 641 21479 4037 0.15821445367612477
 642 21465 4051 0.1587631290170873
 643 21441 4063 0.15930834378920952
 644 21428 4076 0.15981806775407778
 645 21416 4100 0.16068349271045618
 646 21393 4116 0.1613548159473127
 647 21371 4132 0.16202015449162843
 648 21357 4149 0.16266760762173607
 649 21343 4163 0.1632164980788834
 650 21323 4181 0.16393506900878294
 651 21308 4198 0.16458872422175175
 652 21286 4211 0.16515668510020787
 653 21267 4225 0.16573827083006434
 654 21248 4242 0.16641820321694784
 655 21234 4260 0.16709814073899742
 656 21217 4272 0.16760171054180234
 657 21202 4292 0.1683533380403232
 658 21180 4305 0.16892289582107123
 659 21160 4317 0.16944695215292224
 660 21149 4334 0.1700741670917867
 661 21119 4356 0.17099116781157997
 662 21106 4383 0.17195653026795873
 663 21086 4394 0.17244897959183675
 664 21064 4419 0.17340972412981204
 665 21046 4437 0.1741160773849233
 666 21033 4461 0.1749823487879501
 667 21026 4470 0.17532161907750235
 668 21006 4499 0.1763967849441286
 669 20979 4515 0.1771004942339374
 670 20961 4528 0.17764525873906392
 671 20952 4542 0.17815956695693105
 672 20944 4555 0.1786344562531864
 673 20929 4576 0.17941580082336797
 674 20913 4592 0.18004312879827486
 675 20894 4614 0.18088442841461502
 676 20890 4643 0.18184310500137077
 677 20872 4659 0.1824840390113979
 678 20847 4678 0.1832713026444662
 679 20835 4693 0.18383735506110938
 680 20817 4718 0.18476600744076757
 681 20805 4742 0.18561866363956628
 682 20794 4763 0.18636772704151505
 683 20779 4787 0.18724086677618712
 684 20764 4805 0.18792287535687746
 685 20740 4826 0.18876633028240633
 686 20725 4838 0.18925791182568555
 687 20713 4860 0.1900441872287178
 688 20708 4880 0.19071439737376897
 689 20687 4900 0.1915034978700121
 690 20681 4922 0.19224309651212748
 691 20672 4946 0.19306737450230307
 692 20652 4967 0.1938795425270307
 693 20634 4986 0.1946135831381733
 694 20620 5006 0.19534847420588464
 695 20608 5014 0.19569120287253142
 696 20595 5032 0.19635540640730478
 697 20572 5046 0.1969708798501054
 698 20540 5063 0.19775026364097958
 699 20527 5078 0.19832064049990236
 700 20515 5095 0.19894572432643498
 701 20504 5111 0.19953152449736483
 702 20488 5128 0.20018738288569643
 703 20463 5143 0.20085136296180583
 704 20432 5172 0.2019996875488205
 705 20422 5194 0.2027638975640225
 706 20404 5215 0.20355985791795153
 707 20383 5225 0.20403780068728522
 708 20362 5250 0.2049820396689052
 709 20343 5263 0.20553776458642506
 710 20330 5280 0.20616946505271377
 711 20317 5295 0.20673902858035295
 712 20305 5314 0.2074241773683594
 713 20297 5337 0.20820004681282672
 714 20277 5357 0.20898026059140204
 715 20255 5372 0.20962266359698756
 716 20236 5394 0.21045649629340615
 717 20216 5411 0.21114449603933352
 718 20197 5434 0.21200889547813195
 719 20184 5457 0.21282321282321282
 720 20168 5474 0.21347788784026206
 721 20151 5498 0.2143553354906624
 722 20143 5514 0.21491210975562225
 723 20123 5531 0.21559990644733765
 724 20107 5544 0.21613192468129896
 725 20082 5563 0.21692337687658414
 726 20061 5581 0.21765072927228765
 727 20048 5607 0.21855388813096863
 728 20020 5622 0.21924966851259653
 729 19998 5642 0.22004680187207487
 730 19986 5670 0.22100093545369504
 731 19959 5691 0.22187134502923977
 732 19954 5718 0.22273293861015891
 733 19945 5733 0.22326505179531117
 734 19941 5753 0.22390441348174672
 735 19928 5775 0.22468194374197564
 736 19910 5793 0.2253822510990935
 737 19884 5811 0.22615294804436661
 738 19867 5844 0.22729571000738982
 739 19846 5862 0.22802240547689434
 740 19817 5887 0.22903050108932463
 741 19800 5900 0.22957198443579765
 742 19784 5920 0.2303143479614068
 743 19765 5939 0.23105353252412075
 744 19738 5973 0.2323130177744934
 745 19714 5989 0.23300782009882115
 746 19702 6015 0.2338919780689816
 747 19687 6036 0.23465381176379116
 748 19663 6058 0.23552739007037052
 749 19645 6072 0.23610841077886224
 750 19631 6100 0.23706812793906185
 751 19624 6123 0.2378141142657397
 752 19612 6143 0.23851679285575617
 753 19595 6169 0.23944263313150133
 754 19577 6189 0.2402002639136847
 755 19555 6207 0.24093626271252233
 756 19539 6235 0.2419104523938853
 757 19518 6255 0.2426958444884181
 758 19501 6277 0.24350221118783458
 759 19475 6301 0.2444522036002483
 760 19460 6320 0.2451512800620636
 761 19440 6342 0.24598557132883406
 762 19425 6367 0.2468594913151365
 763 19417 6384 0.24743227006705165
 764 19389 6411 0.24848837209302327
 765 19366 6433 0.2493507500290709
 766 19346 6454 0.2501550387596899
 767 19327 6473 0.25089147286821706
 768 19313 6505 0.25195599969013865
 769 19288 6524 0.2527506586083992
 770 19269 6537 0.25331318298070216
 771 19248 6565 0.2543292139619572
 772 19213 6584 0.25522347559793773
 773 19192 6609 0.2561528622921592
 774 19175 6639 0.2571860230882467
 775 19145 6661 0.2581182670696737
 776 19123 6688 0.2591143310991438
 777 19102 6707 0.25987058777945676
 778 19078 6729 0.2607432092068044
 779 19053 6740 0.2613112084674136
 780 19025 6762 0.26222515220847714
 781 19008 6781 0.26294156423281245
 782 19001 6800 0.26355567613658387
 783 18972 6819 0.26439455624054903
 784 18935 6841 0.26540192427063936
 785 18924 6863 0.26614185442277116
 786 18905 6892 0.267162848393224
 787 18895 6914 0.2678910457592313
 788 18888 6931 0.2684457182694915
 789 18869 6951 0.2692099147947328
 790 18852 6965 0.2697834760041833
 791 18831 6984 0.2705403834979663
 792 18807 7013 0.2716111541440744
 793 18783 7034 0.2724561335554092
 794 18758 7055 0.2733118971061093
 795 18741 7083 0.2742797397769517
 796 18721 7099 0.2749419054996127
 797 18694 7122 0.27587542609234583
 798 18666 7149 0.27693201626961067
 799 18662 7176 0.27773047449492994
 800 18632 7204 0.278835733085617
 801 18613 7229 0.279738410339757
 802 18583 7249 0.28062093527407866
 803 18564 7272 0.2814677194612169
 804 18529 7296 0.2825169409486931
 805 18509 7323 0.28348559925673583
 806 18486 7339 0.2841819941916747
 807 18457 7361 0.2851111627546673
 808 18441 7388 0.2860350768516009
 809 18411 7407 0.28689286544271436
 810 18392 7423 0.28754600038737166
 811 18371 7441 0.2882767704943437
 812 18356 7461 0.28899562303908277
 813 18320 7487 0.2901150850544426
 814 18292 7511 0.29109018331201797
 815 18273 7537 0.29201859744285164
 816 18249 7562 0.2929758630041455
 817 18239 7573 0.2933906710057338
 818 18231 7588 0.2938920949688214
 819 18206 7618 0.29499690210656754
 820 18188 7649 0.296048302821535
 821 18169 7677 0.2970285537413913
 822 18154 7701 0.2978534132662928
 823 18130 7729 0.29889013496268224
 824 18107 7748 0.299671243473216
 825 18081 7776 0.3007309432648799
 826 18068 7802 0.30158484731349056
 827 18041 7824 0.30249371737869707
 828 18014 7852 0.30356452485888813
 829 17991 7873 0.30439993813795235
 830 17962 7889 0.3051719469266179
 831 17943 7906 0.305853224496112
 832 17928 7935 0.3068089548776244
 833 17903 7959 0.30774882066352177
 834 17881 7984 0.30867968296926346
 835 17859 8012 0.30969038691971706
 836 17845 8035 0.31047140649149924
 837 17823 8058 0.31134809319578066
 838 17809 8083 0.31218136876255215
 839 17788 8112 0.3132046332046332
 840 17765 8144 0.3143309274769385
 841 17736 8171 0.31539738294669395
 842 17721 8205 0.31647766720666515
 843 17704 8227 0.3172650495545872
 844 17679 8250 0.3181765590651394
 845 17651 8275 0.31917765949240146
 846 17623 8305 0.320310089478556
 847 17599 8342 0.3215758837361705
 848 17571 8367 0.3225769141799676
 849 17540 8398 0.3237720718636749
 850 17523 8422 0.32460975139718634
 851 17495 8450 0.32568895740990556
 852 17472 8471 0.3265235323594033
 853 17446 8491 0.32737016617187803
 854 17426 8522 0.32842608293510095
 855 17402 8552 0.32950604916390536
 856 17378 8588 0.3307401987214049
 857 17363 8609 0.3314723548436778
 858 17334 8637 0.3325632436178815
 859 17309 8655 0.33334617162224617
 860 17288 8677 0.33418062776814944
 861 17250 8701 0.3352857308003545
 862 17223 8720 0.3361214971283198
 863 17201 8745 0.3370461728204733
 864 17183 8765 0.33779096654848156
 865 17156 8790 0.33878054420719955
 866 17146 8817 0.3395986596310134
 867 17129 8847 0.34058361564521095
 868 17105 8872 0.34153289448358165
 869 17074 8901 0.3426756496631376
 870 17048 8931 0.34377766657685055
 871 17009 8961 0.3450519830573739
 872 16973 8983 0.3460856834643242
 873 16944 9004 0.3470016956990905
 874 16921 9037 0.3481393019493027
 875 16900 9069 0.3492240748584851
 876 16871 9096 0.35029075364886203
 877 16845 9123 0.3513170055452865
 878 16815 9153 0.35247227356746763
 879 16792 9181 0.353482462557271
 880 16765 9203 0.3543977202711029
 881 16732 9235 0.35564370162128855
 882 16702 9259 0.356650360155618
 883 16674 9280 0.3575556754257533
 884 16657 9297 0.35821068043461507
 885 16632 9323 0.3591986129840108
 886 16596 9349 0.3603391790325689
 887 16574 9369 0.3611378791967005
 888 16550 9397 0.3621613288626816
 889 16524 9420 0.36308973172987974
 890 16495 9443 0.3640604518467114
 891 16462 9461 0.364965474674999
 892 16434 9489 0.36604559657447056
 893 16410 9518 0.36709348966368405
 894 16399 9542 0.3678347018233684
 895 16372 9579 0.36911872374860316
 896 16353 9602 0.36994798690040454
 897 16328 9634 0.37108081041522223
 898 16294 9666 0.3723420647149461
 899 16261 9688 0.37334772052872944
 900 16240 9712 0.37422934648581996
 901 16216 9741 0.3752744924297877
 902 16191 9757 0.3760212733158625
 903 16167 9783 0.3769942196531792
 904 16137 9801 0.37786259541984735
 905 16113 9832 0.3789554827519753
 906 16088 9861 0.3800146441095996
 907 16065 9880 0.38080555020235113
 908 16043 9914 0.38193936125130024
 909 16009 9948 0.3832492198636206
 910 15989 9985 0.3844228844228844
 911 15963 10014 0.385494860838434
 912 15939 10044 0.3865604433668168
 913 15911 10068 0.3875437853651026
 914 15880 10093 0.3885958495360567
 915 15852 10115 0.38953286864096737
 916 15833 10142 0.39045235803657363
 917 15802 10174 0.3916692331382815
 918 15777 10203 0.39272517321016165
 919 15752 10229 0.3937107886532466
 920 15728 10262 0.3948441708349365
 921 15700 10288 0.3958750192396491
 922 15677 10315 0.3968528778085565
 923 15646 10341 0.3979297340978181
 924 15618 10358 0.39875269479519554
 925 15578 10380 0.3998767239386702
 926 15550 10400 0.4007707129094412
 927 15530 10422 0.40158754623921084
 928 15498 10459 0.4029356243017298
 929 15461 10492 0.4042692559627018
 930 15435 10526 0.40545433534917763
 931 15407 10552 0.40648715281790515
 932 15379 10574 0.4074288136246291
 933 15348 10610 0.4087371908467525
 934 15319 10638 0.40983164464306354
 935 15302 10663 0.4106682072020027
 936 15275 10697 0.41186662559679654
 937 15244 10720 0.41287937143737485
 938 15214 10753 0.4141025147302345
 939 15196 10778 0.414953414953415
 940 15150 10807 0.4163424124513619
 941 15126 10829 0.41722211519938357
 942 15097 10858 0.41833943363513776
 943 15057 10900 0.4199252610085911
 944 15035 10935 0.42106276472853293
 945 14999 10961 0.4222265023112481
 946 14979 10999 0.4233967203017938
 947 14964 11029 0.4243065440695572
 948 14939 11056 0.425312560107713
 949 14910 11077 0.4262515873321276
 950 14873 11097 0.4273007316134001
 951 14839 11123 0.4284338648794392
 952 14804 11153 0.42967215009438686
 953 14772 11180 0.43079531442663377
 954 14736 11198 0.43178838590267604
 955 14704 11225 0.4329129546068109
 956 14689 11250 0.43370985774316667
 957 14661 11285 0.43494180220457873
 958 14626 11317 0.43622557144509116
 959 14592 11346 0.43742771223687255
 960 14567 11374 0.4384564974364905
 961 14539 11399 0.4394710463412754
 962 14517 11443 0.44079352850539294
 963 14498 11471 0.4417189726212022
 964 14478 11499 0.442660815336644
 965 14444 11521 0.44371269015983056
 966 14423 11554 0.44477807291065174
 967 14387 11586 0.44607862010549415
 968 14357 11614 0.4471910977628894
 969 14329 11641 0.4482479784366577
 970 14300 11663 0.44921619227362014
 971 14262 11702 0.4507009705746418
 972 14233 11731 0.4518179017100601
 973 14199 11752 0.4528534545874918
 974 14168 11777 0.4539217575640779
 975 14130 11804 0.4551553944628673
 976 14093 11831 0.4563724733837371
 977 14066 11856 0.4573721163490471
 978 14031 11889 0.45868055555555554
 979 14005 11918 0.4597461713536242
 980 13975 11948 0.4609034448173437
 981 13949 11985 0.4621346494948716
 982 13926 12016 0.4631871097062678
 983 13893 12042 0.46431463273568535
 984 13865 12067 0.4653324078358784
 985 13835 12099 0.46653042338243234
 986 13804 12124 0.46760259179265656
 987 13765 12147 0.4687789441185551
 988 13737 12178 0.4699208952344202
 989 13702 12218 0.47137345679012344
 990 13670 12253 0.4726690583651584
 991 13637 12273 0.4736781165573138
 992 13611 12308 0.47486399938269225
 993 13591 12334 0.4757569913211186
 994 13562 12367 0.47695630375255504
 995 13528 12399 0.4782273305820188
 996 13505 12431 0.4792951881554596
 997 13469 12460 0.4805430213274712
 998 13436 12491 0.48177575500443554
 999 13413 12522 0.48282244071717756
 1000 13374 12548 0.48406758737751715
 1001 13353 12576 0.48501677658220527
 1002 13326 12612 0.486236409900532
 1003 13293 12650 0.48760744709555565
 1004 13267 12683 0.488747591522158
 1005 13246 12722 0.4899106592729513
 1006 13218 12750 0.4909889094269871
 1007 13196 12786 0.49210992225386807
 1008 13177 12813 0.4929973066564063
 1009 13146 12840 0.49411221426922186
 1010 13120 12872 0.49522930132348414
 1011 13082 12905 0.4965944510716897
 1012 13062 12929 0.49744142203070296
 1013 13027 12966 0.4988266071634671
 1014 12989 13005 0.5003077633299993
 1015 12953 13028 0.5014433624571802
 1016 12916 13058 0.5027335027335027
 1017 12878 13092 0.5041201386214863
 1018 12853 13117 0.505082787832114
 1019 12822 13147 0.5062574608186684
 1020 12793 13171 0.507279309813588
 1021 12759 13185 0.5082099907493062
 1022 12719 13211 0.5094870806016197
 1023 12693 13243 0.5106030228254164
 1024 12650 13271 0.5119787045252884
 1025 12629 13304 0.5130143060964794
 1026 12604 13325 0.5139033514597555
 1027 12565 13351 0.5151643772187066
 1028 12532 13392 0.5165869464588798
 1029 12495 13428 0.5179956023608379
 1030 12473 13462 0.5190668980142664
 1031 12448 13494 0.52016035772107
 1032 12424 13524 0.5211962386311084
 1033 12385 13547 0.522404750886935
 1034 12357 13580 0.5235763580984694
 1035 12322 13617 0.5249624118123289
 1036 12290 13648 0.5261778086205567
 1037 12262 13678 0.5272937548188127
 1038 12230 13711 0.5285455456613084
 1039 12199 13739 0.5296861747243427
 1040 12171 13766 0.530747580676254
 1041 12143 13784 0.5316465460716627
 1042 12102 13812 0.5329937485529057
 1043 12068 13844 0.5342698363692497
 1044 12040 13887 0.5356192386315424
 1045 12008 13920 0.5368713360074051
 1046 11984 13952 0.5379395434916718
 1047 11944 13985 0.5393574761849667
 1048 11923 14016 0.5403446547669533
 1049 11894 14032 0.5412327393350305
 1050 11857 14059 0.5424834079333231
 1051 11833 14098 0.5436735953106321
 1052 11784 14127 0.5452124580294083
 1053 11741 14163 0.546749536751081
 1054 11713 14194 0.5478828115953217
 1055 11685 14231 0.5491202346041055
 1056 11650 14257 0.5503145867912147
 1057 11624 14295 0.5515259076353254
 1058 11594 14330 0.552769634315692
 1059 11566 14352 0.5537464310517787
 1060 11527 14380 0.5550623383641486
 1061 11490 14413 0.5564220360575995
 1062 11461 14436 0.5574390856083716
 1063 11436 14476 0.5586600802716888
 1064 11410 14504 0.5596974608319827
 1065 11382 14528 0.5607101505210343
 1066 11353 14547 0.5616602316602317
 1067 11330 14581 0.5627339739878816
 1068 11292 14619 0.5642005325923353
 1069 11264 14651 0.5653482539070037
 1070 11243 14678 0.5662590177848077
 1071 11211 14708 0.5674601643581928
 1072 11189 14730 0.5683089625371349
 1073 11162 14763 0.569450337512054
 1074 11132 14791 0.570574393395826
 1075 11096 14824 0.5719135802469136
 1076 11051 14844 0.5732380768488126
 1077 11009 14878 0.5747286282690154
 1078 10977 14910 0.5759647699617568
 1079 10943 14950 0.5773761248213803
 1080 10908 14987 0.5787603784514385
 1081 10882 15015 0.5797968876703865
 1082 10843 15047 0.5811896485129393
 1083 10816 15066 0.5821033923189861
 1084 10784 15093 0.583259264984349
 1085 10749 15129 0.5846278692325527
 1086 10727 15167 0.5857341469066193
 1087 10696 15196 0.586899428394871
 1088 10668 15224 0.587980843503785
 1089 10622 15256 0.5895355127907875
 1090 10586 15285 0.5908159715511576
 1091 10559 15319 0.5919700131385733
 1092 10522 15352 0.5933369405580892
 1093 10485 15384 0.5946886234489157
 1094 10460 15413 0.5957175433849959
 1095 10421 15438 0.5970068448122511
 1096 10386 15465 0.5982360450272717
 1097 10355 15508 0.5996210803077756
 1098 10324 15528 0.6006498530094383
 1099 10296 15552 0.6016713091922006
 1100 10248 15592 0.603405572755418
 1101 10204 15621 0.6048789932236205
 1102 10177 15656 0.6060465296326404
 1103 10139 15681 0.6073199070487993
 1104 10112 15711 0.6084111063780351
 1105 10092 15738 0.6092915214866435
 1106 10066 15763 0.6102830152154555
 1107 10028 15795 0.6116640204468884
 1108 9991 15828 0.6130369108021224
 1109 9965 15864 0.6141933485616943
 1110 9929 15896 0.6155275895450145
 1111 9895 15921 0.6167105670901767
 1112 9862 15948 0.6179000387446726
 1113 9822 15984 0.6193908393396884
 1114 9793 16019 0.6206028203936154
 1115 9772 16058 0.621680216802168
 1116 9735 16081 0.6229082739386427
 1117 9698 16125 0.6244433257173837
 1118 9657 16168 0.6260600193610842
 1119 9621 16193 0.6272952661346556
 1120 9598 16228 0.6283590180438318
 1121 9571 16271 0.629633929262441
 1122 9539 16309 0.6309579077684927
 1123 9506 16347 0.6323057285421421
 1124 9480 16378 0.6333823188181608
 1125 9459 16404 0.6342651664540077
 1126 9414 16441 0.6358924772771224
 1127 9381 16468 0.6370846067546133
 1128 9347 16494 0.6382879919507759
 1129 9316 16538 0.6396689100332638
 1130 9287 16562 0.6407211110681265
 1131 9257 16591 0.6418678427731352
 1132 9225 16624 0.643119656466401
 1133 9202 16646 0.6439956669761684
 1134 9165 16681 0.6453996749980655
 1135 9132 16710 0.646621778500116
 1136 9100 16741 0.6478464455709918
 1137 9067 16773 0.649109907120743
 1138 9044 16811 0.6502030555018372
 1139 9011 16833 0.6513310633028943
 1140 8986 16862 0.6523522129371712
 1141 8954 16901 0.6536840069619029
 1142 8921 16936 0.6549870441273156
 1143 8894 16968 0.6560977495939989
 1144 8853 16987 0.6573916408668731
 1145 8834 17017 0.6582724072569727
 1146 8807 17044 0.6593168542802986
 1147 8782 17071 0.6603102154488841
 1148 8750 17104 0.6615610737216678
 1149 8730 17144 0.6625956558707583
 1150 8695 17171 0.6638444289801284
 1151 8661 17200 0.6650941572251653
 1152 8633 17230 0.6662026833700654
 1153 8607 17262 0.6672851675750898
 1154 8573 17289 0.6685097826927539
 1155 8546 17316 0.6695537854767613
 1156 8516 17339 0.6706246374008896
 1157 8489 17372 0.671745098797417
 1158 8454 17400 0.6730099791134834
 1159 8419 17434 0.6743511391327892
 1160 8387 17458 0.6754884890694525
 1161 8355 17488 0.6767016213287931
 1162 8325 17518 0.6778624772665712
 1163 8292 17541 0.6790152130995238
 1164 8266 17568 0.6800340636370674
 1165 8242 17590 0.6809383710126974
 1166 8208 17620 0.6822053585256311
 1167 8188 17645 0.6830410714976968
 1168 8152 17673 0.6843368828654405
 1169 8115 17701 0.6856600557793616
 1170 8098 17728 0.6864400216835747
 1171 8062 17749 0.6876525512378443
 1172 8028 17778 0.6889095559172286
 1173 7992 17806 0.69020854329793
 1174 7966 17833 0.6912283421838056
 1175 7937 17870 0.6924477854845584
 1176 7903 17910 0.6938364390036028
 1177 7873 17933 0.694915911028443
 1178 7845 17966 0.6960598194568207
 1179 7819 17987 0.6970084476478339
 1180 7797 18021 0.6980013943760167
 1181 7767 18049 0.6991400681747754
 1182 7739 18076 0.7002130544257215
 1183 7706 18103 0.7014219845790228
 1184 7683 18130 0.7023592763336304
 1185 7653 18160 0.7035214814240887
 1186 7612 18181 0.7048811693095026
 1187 7580 18207 0.7060534377787258
 1188 7551 18236 0.7071780354442161
 1189 7526 18257 0.7081022379086995
 1190 7494 18286 0.7093095422808379
 1191 7474 18327 0.7103213053757607
 1192 7453 18360 0.7112695153604773
 1193 7426 18379 0.7122263127300911
 1194 7389 18402 0.7135047109456787
 1195 7366 18443 0.7145956836762369
 1196 7341 18486 0.7157625740504123
 1197 7311 18512 0.7168803005072997
 1198 7286 18546 0.7179467327345928
 1199 7264 18580 0.7189289583655781
 1200 7237 18608 0.7199845231185916
 1201 7212 18637 0.7209950094781229
 1202 7184 18672 0.7221534653465347
 1203 7165 18705 0.7230382682643989
 1204 7134 18733 0.7242045849924614
 1205 7107 18766 0.7253121014184671
 1206 7085 18788 0.7261624086885943
 1207 7054 18819 0.7273605689328644
 1208 7022 18849 0.7285763982837926
 1209 6996 18873 0.7295604777919518
 1210 6970 18895 0.7305238739609511
 1211 6944 18905 0.7313629153932454
 1212 6916 18940 0.7325185643564357
 1213 6883 18967 0.733733075435203
 1214 6863 18992 0.7345581125507639
 1215 6845 19019 0.7353464274667492
 1216 6815 19042 0.7364350079282206
 1217 6777 19065 0.737752495936847
 1218 6745 19086 0.7388796407417444
 1219 6727 19109 0.7396268772255767
 1220 6702 19137 0.7406246371763613
 1221 6667 19165 0.7419092598327656
 1222 6638 19194 0.7430318984205636
 1223 6621 19217 0.7437495162164254
 1224 6584 19247 0.7451124617707405
 1225 6560 19268 0.7460120799132725
 1226 6530 19304 0.7472323294882712
 1227 6495 19315 0.7483533514141806
 1228 6476 19353 0.7492740717797824
 1229 6440 19376 0.7505422993492408
 1230 6408 19392 0.7516279069767442
 1231 6380 19420 0.7527131782945736
 1232 6350 19445 0.7538282612909478
 1233 6328 19478 0.7547857087499031
 1234 6307 19513 0.75573199070488
 1235 6270 19559 0.7572496031592396
 1236 6247 19577 0.7580932465923172
 1237 6229 19604 0.7588743080555879
 1238 6198 19637 0.7600928972324367
 1239 6164 19666 0.7613627564847077
 1240 6140 19701 0.7623930962424055
 1241 6110 19737 0.7636089294695709
 1242 6078 19763 0.7647923841956581
 1243 6052 19792 0.7658257235722025
 1244 6034 19807 0.7664951046786115
 1245 6022 19837 0.7671216984415484
 1246 6004 19862 0.7678806154797804
 1247 5977 19886 0.7688976530178246
 1248 5946 19922 0.7701407143961652
 1249 5916 19944 0.7712296983758701
 1250 5891 19979 0.7722844994201779
 1251 5856 19999 0.7735060916650551
 1252 5829 20016 0.7744631456761463
 1253 5798 20039 0.7755931416186089
 1254 5765 20075 0.7768962848297214
 1255 5729 20103 0.7782208113967173
 1256 5703 20121 0.7791589219330854
 1257 5677 20149 0.7801827615581197
 1258 5662 20168 0.7807975222609369
 1259 5630 20192 0.7819688637595849
 1260 5614 20207 0.7825800704852639
 1261 5594 20243 0.7834887951387545
 1262 5567 20261 0.7844587269629859
 1263 5539 20278 0.7854514467211527
 1264 5511 20310 0.7865690716858371
 1265 5483 20338 0.7876534603617211
 1266 5455 20375 0.7888114595431669
 1267 5425 20399 0.7899241016109045
 1268 5403 20438 0.7909136643318757
 1269 5374 20465 0.7920198150083207
 1270 5353 20480 0.7927844230248132
 1271 5326 20510 0.7938535376993343
 1272 5296 20531 0.7949432764161536
 1273 5278 20559 0.7957193172581956
 1274 5248 20584 0.7968411272839888
 1275 5225 20597 0.7976531639687089
 1276 5201 20624 0.7986060019361084
 1277 5176 20644 0.7995352439969017
 1278 5158 20668 0.8002787888174707
 1279 5135 20694 0.801192458089744
 1280 5109 20709 0.8021148036253777
 1281 5086 20735 0.803028542659076
 1282 5062 20763 0.8039883833494675
 1283 5046 20781 0.8046230688814032
 1284 5023 20802 0.8054985479186835
 1285 4997 20829 0.8065128165414699
 1286 4964 20846 0.8076714451762883
 1287 4946 20860 0.8083391459350538
 1288 4915 20884 0.8094887398736386
 1289 4897 20905 0.8102085109681421
 1290 4874 20920 0.8110413274404901
 1291 4855 20938 0.8117706354437251
 1292 4831 20957 0.8126648053358151
 1293 4814 20986 0.8134108527131783
 1294 4797 21016 0.8141634060357185
 1295 4769 21035 0.8151836924507828
 1296 4746 21062 0.8161035337879727
 1297 4727 21086 0.8168752179134544
 1298 4707 21110 0.8176782740055003
 1299 4689 21138 0.8184458125217795
 1300 4667 21171 0.8193745645947829
 1301 4647 21184 0.8200998799891603
 1302 4622 21204 0.8210330674514056
 1303 4607 21228 0.8216760209018773
 1304 4587 21258 0.8225188624492165
 1305 4565 21275 0.8233359133126935
 1306 4545 21307 0.8241915519108773
 1307 4510 21330 0.8254643962848297
 1308 4484 21353 0.8264504392924875
 1309 4467 21371 0.8271151017880641
 1310 4439 21402 0.8282187221856739
 1311 4415 21419 0.8291011844855617
 1312 4396 21453 0.829935394019111
 1313 4371 21468 0.8308371066991757
 1314 4355 21488 0.8314824130325427
 1315 4326 21509 0.8325527385329978
 1316 4309 21535 0.8332688438322241
 1317 4279 21558 0.8343847969965553
 1318 4254 21586 0.8353715170278638
 1319 4231 21619 0.8363249516441006
 1320 4208 21643 0.8372209972534912
 1321 4190 21667 0.837954905828209
 1322 4166 21698 0.838926693473554
 1323 4148 21707 0.839566814929414
 1324 4136 21727 0.8400804237714109
 1325 4111 21739 0.8409671179883946
 1326 4091 21757 0.8417285670071185
 1327 4066 21781 0.8426896738499633
 1328 4035 21806 0.8438527920746102
 1329 4016 21824 0.8445820433436533
 1330 4004 21840 0.8450704225352113
 1331 3988 21859 0.8457074321971602
 1332 3964 21894 0.846701214324387
 1333 3949 21925 0.8473757439901058
 1334 3928 21953 0.8482284301224837
 1335 3903 21981 0.8492118683356513
 1336 3882 22002 0.8500231803430691
 1337 3867 22020 0.8506200023177657
 1338 3848 22036 0.8513367331169834
 1339 3834 22057 0.8519176547835156
 1340 3811 22078 0.8527946231990421
 1341 3798 22093 0.8533080993395389
 1342 3786 22126 0.8538900895338067
 1343 3772 22149 0.8544809228039042
 1344 3744 22173 0.8555388355133696
 1345 3720 22190 0.8564260903126206
 1346 3702 22204 0.8570987416042616
 1347 3682 22224 0.8578707635296843
 1348 3663 22252 0.8586532896006174
 1349 3649 22273 0.8592315407761747
 1350 3628 22297 0.8600578592092575
 1351 3603 22318 0.8610007329964122
 1352 3578 22341 0.8619545507156912
 1353 3556 22377 0.8628774148767979
 1354 3541 22400 0.8634979376276936
 1355 3527 22417 0.8640533456675917
 1356 3508 22432 0.8647648419429452
 1357 3489 22454 0.8655128551054234
 1358 3463 22474 0.8664841731888807
 1359 3437 22501 0.8674917110031614
 1360 3419 22520 0.8681907552334323
 1361 3399 22536 0.8689415847310584
 1362 3385 22552 0.8694914600763388
 1363 3362 22581 0.8704082025980033
 1364 3348 22601 0.8709776870014259
 1365 3337 22623 0.8714560862865948
 1366 3320 22642 0.872120791926662
 1367 3303 22661 0.8727853951625327
 1368 3285 22682 0.8734932799322217
 1369 3271 22704 0.8740712223291627
 1370 3252 22721 0.8747930543256459
 1371 3234 22749 0.8755340030019628
 1372 3211 22762 0.8763716166788588
 1373 3198 22785 0.8769195243043528
 1374 3184 22808 0.8775007694675284
 1375 3167 22831 0.8781829371490114
 1376 3151 22841 0.8787703908895045
 1377 3137 22858 0.8793229467205231
 1378 3119 22885 0.8800569143208737
 1379 3100 22908 0.8808059058751153
 1380 3079 22926 0.8815996923668525
 1381 3061 22942 0.8822828135215167
 1382 3040 22959 0.8830724258625332
 1383 3023 22978 0.8837352409522711
 1384 3008 22992 0.8843076923076924
 1385 2980 23025 0.8854066525668141
 1386 2968 23042 0.8858900422914264
 1387 2954 23058 0.8864370290635092
 1388 2941 23066 0.886915061329642
 1389 2931 23071 0.8872779016998692
 1390 2916 23084 0.8878461538461538
 1391 2900 23103 0.8884744067992155
 1392 2885 23121 0.8890640621395063
 1393 2870 23143 0.8896705493407142
 1394 2858 23157 0.8901403036709591
 1395 2841 23179 0.8908147578785549
 1396 2820 23192 0.8915884976164847
 1397 2805 23218 0.892210736656035
 1398 2791 23236 0.8927652053636608
 1399 2778 23250 0.8932687874596589
 1400 2756 23271 0.8941099627310101
 1401 2730 23298 0.8951129552789304
 1402 2715 23314 0.8956932652041953
 1403 2700 23333 0.8962854838090116
 1404 2678 23360 0.897150318764882
 1405 2660 23372 0.897818070067609
 1406 2642 23386 0.8984939296142616
 1407 2627 23401 0.8990702320577839
 1408 2613 23418 0.8996196842226576
 1409 2601 23442 0.9001267135122681
