 "time" "normal population" "cancer population" "cancer proportion"patch_inflammation:0.3
 1 10397 0 0
 2 10397 0 0
 3 10573 5 4.7267914539610514E-4
 4 10575 5 4.725897920604915E-4
 5 10750 6 5.578281889178133E-4
 6 10752 6 5.577244841048522E-4
 7 10935 7 6.397367940047524E-4
 8 10946 7 6.390943120606227E-4
 9 11112 11 9.889418322395038E-4
 10 11127 11 9.876099838391093E-4
 11 11301 14 0.001237295625276182
 12 11322 15 0.0013231013495633766
 13 11505 21 0.0018219677251431546
 14 11524 22 0.0019054217910964837
 15 11680 24 0.002050580997949419
 16 11704 26 0.002216538789428815
 17 11868 30 0.0025214321734745334
 18 11892 30 0.0025163563160543532
 19 12069 34 0.0028092208543336362
 20 12100 34 0.0028020438437448493
 21 12281 37 0.0030037343724630622
 22 12309 39 0.0031584062196307093
 23 12482 41 0.003273975884372754
 24 12506 41 0.00326771339762493
 25 12678 43 0.003380237402719912
 26 12705 43 0.00337307812990273
 27 12879 46 0.0035589941972920696
 28 12919 47 0.003624865031621163
 29 13084 51 0.0038827559954320518
 30 13120 51 0.0038721433452281527
 31 13294 57 0.004269343120365515
 32 13326 58 0.004333532576210401
 33 13470 62 0.004581732190363582
 34 13503 65 0.004790683962264151
 35 13658 70 0.005099067599067599
 36 13693 72 0.0052306574645840905
 37 13853 76 0.005456242372029578
 38 13880 78 0.0055881931508812155
 39 14061 79 0.005586987270155587
 40 14100 81 0.005711867992384176
 41 14264 87 0.006062295310431329
 42 14300 90 0.006254343293954135
 43 14463 95 0.006525621651325732
 44 14489 96 0.0065821049022968805
 45 14637 102 0.006920415224913495
 46 14672 105 0.0071056371387967785
 47 14820 111 0.007434197307615029
 48 14842 112 0.007489634880299585
 49 14987 117 0.007746292372881356
 50 15020 118 0.007794953098163562
 51 15160 124 0.008113059408531798
 52 15200 126 0.008221323241550307
 53 15389 126 0.008121173058330648
 54 15430 131 0.008418482102692628
 55 15622 135 0.008567620739988577
 56 15683 140 0.008847879668836503
 57 15872 143 0.008929128941617234
 58 15939 150 0.009323140033563304
 59 16145 159 0.009752208047105006
 60 16221 161 0.009827859846172628
 61 16448 169 0.010170307516398868
 62 16510 172 0.010310514326819327
 63 16684 176 0.01043890865954923
 64 16760 177 0.010450493003483498
 65 16970 181 0.01055332050609294
 66 17053 188 0.010904239893277653
 67 17259 194 0.011115567524207873
 68 17347 199 0.011341616322808617
 69 17549 203 0.011435331230283912
 70 17636 206 0.01154579083062437
 71 17831 211 0.011694934042789047
 72 17915 217 0.011967791749393338
 73 18106 228 0.012435911421402858
 74 18210 230 0.012472885032537961
 75 18422 239 0.012807459407320079
 76 18503 249 0.01327858361774744
 77 18684 256 0.01351636747624076
 78 18757 262 0.013775697986224302
 79 18944 266 0.013846954711087975
 80 19038 269 0.013932770497746931
 81 19222 278 0.014256410256410256
 82 19314 289 0.014742641432433812
 83 19464 293 0.014830186769246342
 84 19552 294 0.014814068326111055
 85 19726 298 0.01488214143028366
 86 19816 302 0.015011432547966995
 87 19990 306 0.01507686243594797
 88 20067 310 0.01521323060313098
 89 20254 318 0.01545790394711258
 90 20332 322 0.015590200445434299
 91 20485 331 0.015901229823212914
 92 20572 335 0.01602334146458124
 93 20715 341 0.016194908814589664
 94 20795 343 0.016226700728545748
 95 20954 349 0.016382669107637422
 96 21040 356 0.016638624041876986
 97 21165 361 0.016770417169934035
 98 21240 364 0.016848731716348823
 99 21363 370 0.017024800993880273
 100 21436 372 0.01705796038151137
 101 21554 379 0.01727989787078831
 102 21619 380 0.01727351243238329
 103 21725 383 0.017324045594354985
 104 21775 392 0.017683944602336805
 105 21869 396 0.01778576240736582
 106 21943 401 0.017946652345148587
 107 22029 404 0.01800918290019168
 108 22108 409 0.018164053825998134
 109 22186 414 0.01831858407079646
 110 22240 415 0.018318252041491945
 111 22321 418 0.018382514622454812
 112 22386 421 0.018459244968649976
 113 22459 429 0.01874344634743097
 114 22514 434 0.018912323514031725
 115 22584 436 0.01894005212858384
 116 22622 439 0.019036468496595984
 117 22689 441 0.01906614785992218
 118 22740 446 0.019235745708617268
 119 22812 451 0.019387009414091046
 120 22868 455 0.019508639540367877
 121 22956 458 0.019560946442299477
 122 22999 468 0.019942898538373034
 123 23055 473 0.02010370622237334
 124 23110 475 0.02013991944032224
 125 23172 480 0.020294266869609334
 126 23214 483 0.020382326876819852
 127 23286 487 0.020485424641399907
 128 23321 492 0.020660983496409525
 129 23374 500 0.020943285582642204
 130 23408 502 0.02099539941447093
 131 23464 508 0.02119138995494744
 132 23500 509 0.02120038318963722
 133 23555 515 0.02139592854175322
 134 23603 522 0.021637305699481864
 135 23674 525 0.021695111368238356
 136 23711 531 0.021904133322333142
 137 23758 533 0.021942283150137912
 138 23785 535 0.021998355263157895
 139 23836 539 0.022112820512820514
 140 23861 546 0.02237063137624452
 141 23915 548 0.02240117728814945
 142 23962 549 0.022398106972379747
 143 23994 552 0.022488389146907848
 144 24037 555 0.022568314899154198
 145 24085 560 0.022722661797524853
 146 24139 563 0.022791676787304673
 147 24194 566 0.022859450726978998
 148 24219 570 0.022994069950381217
 149 24266 574 0.023107890499194848
 150 24293 578 0.02323991797676008
 151 24342 582 0.023350987000481462
 152 24376 585 0.023436561035214937
 153 24419 589 0.023552463211772234
 154 24446 593 0.02368305443508127
 155 24492 598 0.02383419689119171
 156 24523 602 0.023960199004975126
 157 24575 602 0.023910712157921912
 158 24603 604 0.023961597968818187
 159 24649 608 0.024072534346913727
 160 24674 609 0.024087331408456276
 161 24715 613 0.024202463676563486
 162 24741 614 0.02421613094064287
 163 24779 615 0.024218319288020793
 164 24807 619 0.024345158499174072
 165 24853 626 0.024569253110404646
 166 24881 629 0.024656997255978048
 167 24915 632 0.02473871687477982
 168 24955 633 0.024738158511802406
 169 24987 639 0.02493561226878951
 170 25012 645 0.025139338192306192
 171 25036 651 0.025343558998715304
 172 25057 656 0.025512386730447634
 173 25088 659 0.025595214976502117
 174 25120 664 0.025752404591995036
 175 25162 667 0.025823686553873553
 176 25186 674 0.02606341840680588
 177 25215 678 0.02618468311898969
 178 25240 681 0.026272134562709774
 179 25272 683 0.0263147755731073
 180 25296 685 0.026365420884492514
 181 25332 687 0.02640378185172374
 182 25348 689 0.026462342051695665
 183 25372 694 0.026624721859894115
 184 25391 695 0.026642643563597333
 185 25417 699 0.026765201409097873
 186 25435 702 0.026858476489268087
 187 25462 705 0.02694233194481599
 188 25496 709 0.027055905361572218
 189 25520 710 0.02706824247045368
 190 25541 711 0.027083650769465183
 191 25573 715 0.027198721850273888
 192 25592 723 0.02747482424472734
 193 25619 726 0.02755741127348643
 194 25646 729 0.027639810426540283
 195 25679 732 0.027715724508727425
 196 25699 734 0.027768319903151362
 197 25727 737 0.027849153567110038
 198 25746 739 0.027902586369643195
 199 25766 747 0.028174857617018066
 200 25786 750 0.028263491106421464
 201 25811 751 0.028273473383028387
 202 25836 753 0.028319981947421868
 203 25864 754 0.0283266962206026
 204 25884 760 0.028524245608767453
 205 25907 764 0.028645345131416144
 206 25923 767 0.02873735481453728
 207 25952 769 0.028778863066502004
 208 25975 770 0.028790428117405124
 209 25995 774 0.02891404236243416
 210 26011 775 0.028933024714403045
 211 26028 778 0.02902335298067597
 212 26045 785 0.029258292955646664
 213 26065 785 0.029236499068901304
 214 26084 788 0.029324203632033342
 215 26105 795 0.029553903345724906
 216 26116 799 0.029686048671744382
 217 26130 800 0.029706646862235425
 218 26149 802 0.02975770843382435
 219 26169 806 0.029879518072289158
 220 26195 808 0.029922601192460097
 221 26210 809 0.029941892742144417
 222 26230 815 0.030134960251432797
 223 26249 817 0.03018547254858494
 224 26264 819 0.030240372189196174
 225 26283 824 0.030398052163647767
 226 26298 828 0.030524220305242204
 227 26319 832 0.030643438547383155
 228 26334 836 0.03076923076923077
 229 26359 839 0.030847856460033827
 230 26374 841 0.030902076060995775
 231 26396 845 0.031019419257736502
 232 26409 846 0.03104017611447441
 233 26424 848 0.031094162511000292
 234 26434 852 0.031224803928754673
 235 26452 852 0.031204219162027542
 236 26465 856 0.03133121042421581
 237 26487 858 0.03137685134393856
 238 26504 861 0.031463548328156406
 239 26526 865 0.031579715965098024
 240 26548 871 0.03176629344615048
 241 26561 877 0.03196297106203076
 242 26570 882 0.03212880664432464
 243 26590 885 0.03221110100090992
 244 26607 890 0.0323671673273448
 245 26616 894 0.032497273718647766
 246 26628 899 0.0326588440440295
 247 26647 905 0.03284698025551684
 248 26654 908 0.03294390827951527
 249 26668 909 0.03296225115132175
 250 26680 911 0.03301801312022036
 251 26693 913 0.03307252046656524
 252 26711 918 0.03322595823229216
 253 26723 924 0.033421347704995115
 254 26739 929 0.03357669509903137
 255 26748 934 0.03374033668087566
 256 26761 940 0.03393379300386268
 257 26769 946 0.034133140898430454
 258 26783 950 0.03425521941369487
 259 26795 957 0.03448400115307005
 260 26806 962 0.03464419475655431
 261 26812 963 0.03467146714671467
 262 26822 967 0.03479794163158084
 263 26839 970 0.03488079398755799
 264 26850 972 0.03493638128100065
 265 26869 976 0.03505117615370803
 266 26881 980 0.03517461684792362
 267 26888 983 0.035269635104589
 268 26895 989 0.03546836895710802
 269 26916 992 0.035545363336677654
 270 26924 995 0.03563881227837673
 271 26932 1001 0.03583574982995024
 272 26947 1004 0.03592000286215162
 273 26956 1011 0.03614974791718811
 274 26956 1013 0.03621867067110015
 275 26960 1014 0.03624794451991135
 276 26966 1018 0.03637793024585478
 277 26979 1026 0.036636314943760045
 278 26986 1032 0.0368334642015847
 279 26995 1034 0.03689036355203539
 280 27007 1035 0.03690892233078953
 281 27016 1037 0.036965743414251594
 282 27024 1041 0.03709246392303581
 283 27031 1044 0.037186108637577917
 284 27042 1047 0.0372743778703407
 285 27048 1051 0.03740346631552724
 286 27047 1056 0.037576059495427534
 287 27052 1061 0.03774054707786433
 288 27061 1066 0.03789952714473637
 289 27066 1069 0.037995379420650434
 290 27076 1072 0.03808441097058406
 291 27084 1076 0.03821022727272727
 292 27090 1079 0.038304519152259575
 293 27095 1082 0.038400113567803526
 294 27098 1085 0.038498385551573644
 295 27102 1087 0.038561140870552346
 296 27110 1094 0.03878882428024394
 297 27117 1097 0.0388814063939888
 298 27121 1100 0.038978065979235324
 299 27125 1100 0.03897254207263064
 300 27124 1102 0.039042017997590876
 301 27127 1105 0.03913998299801644
 302 27122 1106 0.03918095508006235
 303 27121 1110 0.039318479685452164
 304 27120 1112 0.03938792859166903
 305 27125 1114 0.03944898898686214
 306 27127 1118 0.039582226942821735
 307 27122 1121 0.03969125092943384
 308 27126 1123 0.03975361959715388
 309 27120 1126 0.039864051547121714
 310 27117 1129 0.039970261275932874
 311 27110 1132 0.040082147156716944
 312 27108 1135 0.04018694897850795
 313 27105 1137 0.04025918844274485
 314 27099 1140 0.04036970147668119
 315 27108 1148 0.040628539071347676
 316 27115 1152 0.04075423638872183
 317 27114 1156 0.04089140431552883
 318 27107 1160 0.04103725191919907
 319 27109 1162 0.04110218952283259
 320 27113 1166 0.04123200961844478
 321 27117 1172 0.04142953091307575
 322 27113 1176 0.04157092862950263
 323 27112 1178 0.0416401555319901
 324 27111 1181 0.04174324897497526
 325 27101 1182 0.0417918891206732
 326 27091 1184 0.041874447391688774
 327 27086 1187 0.04198351784387932
 328 27084 1191 0.04212201591511936
 329 27078 1196 0.04230034660819127
 330 27074 1198 0.04237408036219581
 331 27074 1205 0.04261112486297253
 332 27066 1209 0.04275862068965517
 333 27062 1212 0.04286623753271557
 334 27052 1215 0.042982983691230055
 335 27040 1219 0.04313669981244913
 336 27032 1222 0.04325051320167056
 337 27022 1222 0.04326582637020252
 338 27031 1223 0.04328590642032987
 339 27025 1227 0.04343055358912643
 340 27019 1230 0.04354136429608128
 341 27013 1232 0.0436183395291202
 342 27008 1236 0.04376150686871548
 343 26999 1238 0.043843184474271345
 344 26993 1241 0.04395409789615357
 345 26980 1247 0.04417756049172778
 346 26975 1250 0.04428697962798937
 347 26959 1253 0.04441372465617468
 348 26945 1257 0.04457130699950358
 349 26929 1262 0.044766060090099674
 350 26915 1269 0.045025546409310245
 351 26902 1275 0.04524967171806793
 352 26902 1277 0.045317434969303384
 353 26896 1280 0.045428733674048836
 354 26875 1282 0.04553041872358561
 355 26865 1286 0.045682213775709565
 356 26858 1289 0.04579528901836785
 357 26845 1293 0.04595209325467339
 358 26838 1294 0.04599744063699701
 359 26824 1297 0.046122115145265104
 360 26807 1301 0.046285754945211324
 361 26792 1310 0.0466158992242545
 362 26772 1314 0.0467848750267037
 363 26760 1321 0.047042484242014175
 364 26746 1325 0.047201738448933064
 365 26745 1329 0.047339175037401156
 366 26731 1332 0.047464633146848165
 367 26719 1333 0.04751889348353058
 368 26703 1335 0.047613952493045154
 369 26689 1340 0.047807627814049736
 370 26681 1348 0.048093046487566446
 371 26656 1353 0.04830590167446178
 372 26638 1358 0.04850692956136591
 373 26630 1363 0.04869074411460008
 374 26616 1368 0.04888507718696398
 375 26595 1375 0.04915981408652127
 376 26574 1378 0.049298797939324554
 377 26563 1382 0.04945428520307747
 378 26546 1384 0.04955245255997136
 379 26525 1388 0.049725934152545406
 380 26507 1395 0.04999641602752491
 381 26496 1400 0.050186406653283624
 382 26481 1404 0.05034965034965035
 383 26472 1406 0.050434034005308846
 384 26454 1415 0.0507732606121497
 385 26444 1422 0.05102992894566856
 386 26421 1430 0.05134465548813328
 387 26398 1433 0.05148934641227408
 388 26382 1437 0.05165534347029009
 389 26361 1441 0.05183080353931372
 390 26347 1449 0.05212980284933084
 391 26330 1452 0.05226405586350875
 392 26315 1462 0.052633473737264645
 393 26302 1468 0.05286280158444365
 394 26286 1470 0.05296152183311716
 395 26270 1478 0.053265100187400896
 396 26253 1483 0.053468416498413614
 397 26245 1491 0.05375685030285549
 398 26225 1496 0.05396630713177735
 399 26218 1501 0.054150582632851114
 400 26198 1509 0.05446277114086693
 401 26187 1512 0.05458680818802123
 402 26165 1517 0.05480095368831732
 403 26150 1520 0.05493314058547163
 404 26133 1526 0.05517191510900611
 405 26124 1530 0.05532653504013886
 406 26094 1534 0.05552338207615463
 407 26074 1537 0.05566621998478867
 408 26045 1540 0.055827442450607216
 409 26025 1543 0.05597069065583285
 410 26002 1546 0.056120226513721505
 411 25979 1552 0.05637281609821656
 412 25957 1557 0.05658937268299775
 413 25938 1564 0.056868591375172715
 414 25918 1566 0.05697860573424538
 415 25903 1571 0.05718133508043969
 416 25875 1582 0.05761736533488728
 417 25853 1589 0.057903942861307484
 418 25832 1595 0.05815437342764429
 419 25817 1602 0.0584266384623801
 420 25799 1609 0.05870548744892003
 421 25777 1614 0.058924464240078855
 422 25746 1619 0.05916316462634753
 423 25723 1625 0.05941933596606699
 424 25698 1635 0.05981780265612995
 425 25675 1639 0.06000585780185985
 426 25651 1641 0.06012750989300894
 427 25643 1643 0.060214029172469395
 428 25621 1646 0.060366010195474384
 429 25605 1648 0.06047040692767769
 430 25579 1657 0.060838595975914234
 431 25551 1663 0.061108253105019474
 432 25537 1670 0.061381262175175505
 433 25512 1676 0.06164484331322642
 434 25491 1681 0.06186515530693361
 435 25463 1686 0.0621017348705293
 436 25441 1695 0.06246314858490566
 437 25424 1697 0.06257143910622764
 438 25400 1699 0.06269604044429684
 439 25390 1708 0.06303048195438778
 440 25370 1713 0.06325000923088284
 441 25357 1718 0.0634533702677747
 442 25340 1722 0.0636316606311433
 443 25314 1726 0.06383136094674556
 444 25299 1729 0.06397069705490602
 445 25288 1732 0.06410066617320503
 446 25271 1739 0.06438356164383562
 447 25258 1751 0.06483024177126143
 448 25245 1754 0.06496536908774399
 449 25231 1769 0.06551851851851852
 450 25215 1777 0.06583432128037937
 451 25202 1782 0.06603913430180848
 452 25185 1786 0.0662192725520003
 453 25158 1799 0.06673591274993508
 454 25143 1803 0.06691160097973725
 455 25129 1806 0.06705030629292742
 456 25107 1811 0.06727840106991605
 457 25091 1818 0.06756103905756439
 458 25073 1825 0.06784891069968027
 459 25042 1832 0.06816997841780159
 460 25022 1836 0.068359520440837
 461 25009 1848 0.06880887664296087
 462 24986 1858 0.06921472209804798
 463 24972 1867 0.06956294943924886
 464 24952 1876 0.06992694200089458
 465 24922 1883 0.07024808804327551
 466 24891 1890 0.0705724207460513
 467 24876 1901 0.07099376330432834
 468 24854 1908 0.07129511994619236
 469 24830 1911 0.07146329606222654
 470 24819 1919 0.07177051387538334
 471 24799 1927 0.0721020728878246
 472 24775 1939 0.07258366399640638
 473 24753 1945 0.07285189901865308
 474 24725 1954 0.0732411259792346
 475 24705 1962 0.07357408032399596
 476 24696 1971 0.07391157610529868
 477 24659 1979 0.07429236429161348
 478 24642 1982 0.07444411057692307
 479 24626 1986 0.07462798737411694
 480 24600 1989 0.07480537064199481
 481 24580 1996 0.075105358217941
 482 24555 2001 0.07535020334387708
 483 24524 2006 0.07561251413494158
 484 24497 2010 0.07582902629494095
 485 24486 2018 0.07613945064895865
 486 24465 2025 0.07644394110985278
 487 24440 2031 0.07672547315930642
 488 24417 2039 0.07707136377381313
 489 24395 2051 0.07755426151402858
 490 24372 2057 0.0778311703053464
 491 24351 2063 0.07810252139017188
 492 24335 2072 0.07846404362479646
 493 24311 2080 0.07881474745178281
 494 24293 2086 0.07907805451305963
 495 24269 2096 0.0794993362412289
 496 24253 2101 0.07972224330272444
 497 24241 2108 0.08000303616835554
 498 24209 2114 0.0803099950613532
 499 24185 2127 0.08083764062024931
 500 24161 2137 0.08126093239029585
 501 24143 2145 0.08159616555082166
 502 24127 2158 0.08210005706676812
 503 24097 2165 0.08243850430279491
 504 24077 2178 0.0829556274995239
 505 24061 2184 0.0832158506382168
 506 24038 2192 0.08356843309187953
 507 24015 2196 0.08378161840448667
 508 23997 2204 0.08411892675852067
 509 23979 2213 0.08449144777031155
 510 23961 2222 0.08486422487873811
 511 23951 2230 0.08517627286963829
 512 23930 2240 0.08559419182269774
 513 23905 2252 0.08609550024849945
 514 23884 2261 0.08647925033467202
 515 23865 2275 0.08703136954858455
 516 23844 2286 0.08748564867967853
 517 23831 2296 0.08787843992804378
 518 23821 2303 0.08815648445873527
 519 23799 2310 0.08847523842353211
 520 23786 2319 0.088833556789887
 521 23767 2328 0.08921249281471547
 522 23743 2339 0.0896787056207346
 523 23733 2343 0.08985273815002301
 524 23724 2354 0.09026765856277322
 525 23708 2365 0.0907068615042381
 526 23702 2371 0.09093698462010509
 527 23688 2382 0.09136939010356732
 528 23673 2396 0.09190993133606966
 529 23644 2400 0.09215174320380894
 530 23619 2413 0.09269360786724032
 531 23594 2421 0.09306169517586008
 532 23575 2431 0.09347842805506422
 533 23554 2442 0.0939375288505924
 534 23548 2454 0.09437735558803169
 535 23529 2464 0.09479475243334744
 536 23504 2472 0.09516476747767169
 537 23486 2488 0.09578809578809579
 538 23471 2499 0.09622641509433963
 539 23458 2516 0.09686609686609686
 540 23441 2528 0.0973468366128846
 541 23425 2540 0.09782399383785866
 542 23409 2544 0.09802334990174547
 543 23391 2550 0.09829998843529549
 544 23364 2564 0.09888923171860536
 545 23345 2572 0.09923988115908478
 546 23327 2583 0.09969123890389811
 547 23313 2596 0.10019684279593963
 548 23300 2608 0.10066388760228501
 549 23282 2622 0.10121988882025942
 550 23254 2629 0.10157246068848279
 551 23245 2640 0.10198956924859957
 552 23227 2646 0.10226877439802111
 553 23211 2661 0.10285250463821892
 554 23194 2666 0.10309358081979891
 555 23180 2672 0.1033575738820981
 556 23162 2680 0.1037071434099528
 557 23147 2690 0.10411425475093858
 558 23120 2702 0.10463945472852607
 559 23095 2711 0.10505308842904751
 560 23066 2725 0.10565701213601644
 561 23053 2737 0.10612640558355951
 562 23041 2749 0.10659170221015897
 563 23037 2759 0.10695456659947279
 564 23018 2768 0.10734507096874273
 565 22993 2775 0.10769171064886682
 566 22972 2783 0.10805668802174336
 567 22952 2800 0.10872941907424666
 568 22936 2809 0.10910856476985822
 569 22913 2814 0.10937925137015586
 570 22898 2829 0.1099622964201034
 571 22883 2837 0.11030326594090202
 572 22858 2844 0.11065286748112987
 573 22844 2855 0.11109381688003424
 574 22822 2868 0.11163876994939666
 575 22818 2878 0.11200186799501868
 576 22799 2886 0.11236130036986568
 577 22780 2900 0.11292834890965732
 578 22771 2912 0.11338239302262197
 579 22757 2921 0.11375496533997975
 580 22739 2937 0.1143869761645116
 581 22732 2953 0.11496982674712868
 582 22718 2969 0.11558375832132986
 583 22702 2983 0.11613782363247031
 584 22680 2992 0.11654721096914927
 585 22663 3006 0.117106237095329
 586 22652 3012 0.11736284289276808
 587 22635 3028 0.11799088181428516
 588 22628 3044 0.11857276410096604
 589 22610 3057 0.1191023493201387
 590 22593 3063 0.11938727782974742
 591 22574 3075 0.11988771492065968
 592 22560 3088 0.12039925140361822
 593 22547 3098 0.12080327549229869
 594 22540 3108 0.12117903930131005
 595 22523 3123 0.12177337596506278
 596 22513 3134 0.1221975279759816
 597 22494 3143 0.12259624761087491
 598 22482 3156 0.12309852562602387
 599 22465 3169 0.12362487321526099
 600 22454 3177 0.12395146502282392
 601 22445 3193 0.12454169592011857
 602 22424 3206 0.12508778774873194
 603 22405 3221 0.12569265589635525
 604 22388 3229 0.12604910801420932
 605 22372 3246 0.12670778358966353
 606 22360 3255 0.12707398008979115
 607 22340 3267 0.12758230171437498
 608 22323 3280 0.12810998711088545
 609 22302 3286 0.1284195716742223
 610 22292 3301 0.12898058062751533
 611 22281 3318 0.12961443806398687
 612 22269 3329 0.13004922259551527
 613 22253 3341 0.13053840743924358
 614 22243 3357 0.1311328125
 615 22222 3368 0.13161391168425166
 616 22210 3384 0.132218488708291
 617 22194 3399 0.1328097526667448
 618 22177 3409 0.13323692644414914
 619 22159 3424 0.13383887737950984
 620 22152 3448 0.1346875
 621 22146 3461 0.13515835513726715
 622 22142 3471 0.13551712021239215
 623 22131 3482 0.13594658962245734
 624 22118 3498 0.13655527795128045
 625 22097 3511 0.13710559200249922
 626 22077 3523 0.1376171875
 627 22059 3537 0.13818565400843882
 628 22049 3554 0.13881185798539233
 629 22040 3566 0.13926423494493478
 630 22029 3576 0.13966022261277095
 631 22012 3590 0.14022342004530897
 632 21995 3606 0.14085387289559
 633 21987 3616 0.14123344920517128
 634 21977 3631 0.14179162761636988
 635 21962 3640 0.14217639246933833
 636 21945 3657 0.14284040309350832
 637 21930 3670 0.143359375
 638 21915 3679 0.1437446276471048
 639 21902 3695 0.14435285385006055
 640 21887 3710 0.1449388600226589
 641 21875 3725 0.1455078125
 642 21856 3745 0.14628334830670678
 643 21847 3752 0.14656822532130162
 644 21836 3769 0.14719781292716266
 645 21820 3790 0.14798906677079265
 646 21811 3802 0.14844024518799048
 647 21798 3814 0.14891457129470562
 648 21784 3832 0.14959400374765772
 649 21777 3843 0.15
 650 21761 3857 0.15055820126473574
 651 21744 3875 0.15125492798313753
 652 21726 3887 0.1517588724475852
 653 21710 3902 0.15235046072153677
 654 21700 3917 0.15290627317796776
 655 21686 3935 0.1535849498458296
 656 21679 3952 0.1541882876204596
 657 21665 3974 0.15499824486134406
 658 21655 3991 0.15561880995086952
 659 21645 4009 0.15627192640523896
 660 21637 4020 0.15668238687297814
 661 21624 4039 0.15738612009507852
 662 21609 4052 0.15790499201122327
 663 21606 4065 0.15834988897978264
 664 21594 4078 0.15885010906824557
 665 21582 4094 0.15944851222931922
 666 21567 4108 0.16
 667 21546 4132 0.16091595918685256
 668 21523 4146 0.16151778409754958
 669 21509 4159 0.162030543867851
 670 21493 4172 0.16255601013052795
 671 21471 4185 0.1631197380729654
 672 21462 4199 0.16363352948053467
 673 21445 4217 0.16432857922219624
 674 21419 4228 0.1648535891137365
 675 21403 4247 0.16557504873294346
 676 21381 4268 0.16640024952239854
 677 21376 4285 0.16698491874829507
 678 21363 4301 0.1675888403990025
 679 21350 4312 0.16803055100927441
 680 21323 4319 0.16843459948521955
 681 21306 4336 0.1690975742921769
 682 21290 4348 0.16959201185739917
 683 21268 4364 0.17025593008739076
 684 21253 4386 0.17106751433363235
 685 21248 4409 0.17184394122461707
 686 21238 4422 0.17233047544816835
 687 21220 4439 0.17299972719123893
 688 21202 4454 0.17360461490489554
 689 21191 4475 0.17435517805657288
 690 21168 4486 0.1748655180478678
 691 21152 4504 0.17555347676956656
 692 21134 4519 0.1761587338712821
 693 21119 4531 0.17664717348927875
 694 21105 4556 0.17754569190600522
 695 21087 4570 0.17811903184316172
 696 21060 4586 0.17881930905404353
 697 21050 4604 0.17946519061354954
 698 21026 4620 0.18014505185993918
 699 21003 4631 0.18065850042911757
 700 20994 4649 0.18129704012791015
 701 20983 4673 0.18214062987215465
 702 20981 4687 0.1826009038491507
 703 20967 4700 0.18311450500642848
 704 20949 4714 0.18368857888789308
 705 20939 4730 0.18426896256184502
 706 20918 4744 0.18486478060946146
 707 20900 4767 0.1857248607160946
 708 20877 4784 0.18643077042983516
 709 20861 4803 0.18714931421446385
 710 20837 4823 0.18795791114575214
 711 20818 4841 0.18866674461202698
 712 20798 4853 0.18919340376593505
 713 20776 4868 0.18982997972235222
 714 20769 4885 0.190418648164029
 715 20752 4910 0.19133348920582963
 716 20738 4925 0.1919105326734988
 717 20724 4948 0.19273917108133376
 718 20716 4964 0.19330218068535826
 719 20693 4981 0.1940095037781413
 720 20673 4991 0.19447475062344138
 721 20651 5012 0.19530062736235046
 722 20638 5029 0.19593252035687847
 723 20621 5038 0.19634436260181612
 724 20594 5049 0.19689583902039542
 725 20577 5067 0.19759007955077212
 726 20568 5089 0.19834742955138948
 727 20557 5108 0.19902591077342685
 728 20540 5127 0.1997506525889274
 729 20525 5147 0.20049080710501713
 730 20518 5161 0.20098134662564743
 731 20506 5185 0.20182164960492002
 732 20491 5202 0.2024675981784922
 733 20487 5213 0.20284046692607005
 734 20476 5237 0.2036712946758449
 735 20463 5265 0.20464085820895522
 736 20452 5286 0.2053772631906131
 737 20438 5300 0.20592120599891212
 738 20424 5315 0.20649597886475776
 739 20397 5333 0.20726778080062183
 740 20374 5354 0.20810012437810946
 741 20360 5371 0.2087365434689674
 742 20350 5384 0.2092173777881402
 743 20335 5399 0.20980026424185902
 744 20313 5417 0.210532452390206
 745 20292 5447 0.2116243832316718
 746 20281 5470 0.21241893518698304
 747 20276 5496 0.21325469501784883
 748 20259 5513 0.213914325624709
 749 20246 5532 0.21460159826208394
 750 20227 5563 0.21570376114773168
 751 20214 5580 0.21632937892533147
 752 20190 5595 0.2169866201279814
 753 20174 5613 0.21766781711715205
 754 20157 5634 0.2184482959171804
 755 20126 5657 0.21940813714463017
 756 20105 5675 0.22013188518231186
 757 20087 5695 0.22089054379024126
 758 20082 5726 0.22186918784872908
 759 20059 5742 0.22254951358474478
 760 20038 5758 0.22321290122499612
 761 20035 5784 0.22402106975483171
 762 20008 5800 0.22473651580905146
 763 19981 5822 0.2256326783707321
 764 19968 5842 0.2263463773731112
 765 19953 5859 0.22698744769874477
 766 19940 5874 0.22755094134965523
 767 19930 5892 0.22817752304236696
 768 19918 5913 0.22891099841275986
 769 19894 5938 0.22986992877051718
 770 19872 5952 0.23048327137546468
 771 19855 5973 0.23126064735945487
 772 19828 5991 0.2320384213176343
 773 19804 6006 0.2327005036807439
 774 19789 6023 0.2333410816674415
 775 19768 6036 0.23391722213610294
 776 19756 6057 0.23464920776353002
 777 19740 6082 0.2355355898071412
 778 19721 6096 0.23612348452570012
 779 19710 6115 0.2367860600193611
 780 19696 6145 0.2378003947215665
 781 19679 6162 0.23845826399907125
 782 19674 6180 0.23903457878858203
 783 19651 6191 0.2395712406160514
 784 19634 6213 0.24037605911711224
 785 19611 6233 0.24117783624825878
 786 19595 6253 0.24191426802847416
 787 19568 6266 0.24254857939149957
 788 19550 6287 0.24333320431938693
 789 19534 6311 0.24418649642097118
 790 19516 6329 0.244882956084349
 791 19502 6347 0.24554141359433634
 792 19481 6372 0.24647042896375662
 793 19455 6389 0.24721405355208173
 794 19441 6413 0.24804672391119362
 795 19426 6430 0.24868502475247525
 796 19397 6447 0.24945828819068255
 797 19377 6470 0.25031918597903047
 798 19355 6492 0.2511703485897783
 799 19335 6505 0.2517414860681115
 800 19311 6522 0.25246777377772617
 801 19289 6542 0.25326158491734735
 802 19269 6564 0.25409360120775754
 803 19243 6589 0.255071229482812
 804 19226 6610 0.2558445579811116
 805 19203 6630 0.25664847288352105
 806 19182 6653 0.25751886975033866
 807 19165 6674 0.25829172955609736
 808 19146 6691 0.25896969462398883
 809 19119 6711 0.25981416957026715
 810 19095 6730 0.2606001936108422
 811 19082 6752 0.26136099713555777
 812 19061 6772 0.2621453180041033
 813 19051 6791 0.2627892577973841
 814 19023 6821 0.2639297322395914
 815 19010 6848 0.2648310000773455
 816 18993 6866 0.26551684133183806
 817 18975 6886 0.2662696724797958
 818 18955 6902 0.2669296515450362
 819 18936 6920 0.2676361386138614
 820 18915 6943 0.2685049114393998
 821 18890 6968 0.26947173021888776
 822 18874 6992 0.2703162452640532
 823 18851 7007 0.270979967514889
 824 18822 7033 0.2720170179849159
 825 18798 7053 0.2728327724265986
 826 18778 7072 0.27357833655706
 827 18751 7091 0.2743982663880505
 828 18729 7113 0.2752495936846993
 829 18719 7144 0.2762247225766539
 830 18699 7171 0.277193660610746
 831 18675 7190 0.2779818287260777
 832 18666 7204 0.2784692694240433
 833 18643 7236 0.27960894934116465
 834 18626 7257 0.28037708148205387
 835 18598 7277 0.2812367149758454
 836 18582 7299 0.28202156021792046
 837 18564 7318 0.28274476470133686
 838 18545 7338 0.28350654869991887
 839 18532 7365 0.2843958759701896
 840 18503 7384 0.28523969560010815
 841 18488 7402 0.2859018926226342
 842 18465 7419 0.28662494204914235
 843 18446 7444 0.28752414059482423
 844 18427 7467 0.2883679616899668
 845 18404 7483 0.2890640089620273
 846 18389 7506 0.2898629078972775
 847 18376 7533 0.2907483885908372
 848 18360 7558 0.29161200709931323
 849 18339 7587 0.29264059245545015
 850 18317 7617 0.29370710264517624
 851 18301 7633 0.29432405336623735
 852 18279 7665 0.2954440333024977
 853 18254 7692 0.2964618823710784
 854 18235 7715 0.2973025048169557
 855 18212 7731 0.29799946035539454
 856 18191 7749 0.298727833461835
 857 18168 7773 0.2996414941598242
 858 18142 7797 0.3005898454065307
 859 18124 7826 0.3015799614643545
 860 18109 7852 0.3024536805207812
 861 18085 7873 0.30329763464057324
 862 18057 7892 0.3041350341053605
 863 18036 7915 0.30499788062117067
 864 18009 7936 0.3058778184621314
 865 17986 7962 0.30684445814706335
 866 17968 7989 0.30777824864198483
 867 17944 8011 0.30864958582161434
 868 17919 8036 0.3096127913696783
 869 17897 8062 0.3105666628144382
 870 17870 8083 0.3114476168458367
 871 17847 8108 0.31238682334810247
 872 17824 8126 0.313140655105973
 873 17793 8147 0.314070932922128
 874 17776 8168 0.31483194572926304
 875 17748 8188 0.3157001850709439
 876 17728 8213 0.3166030607917968
 877 17711 8246 0.31767923874099474
 878 17696 8272 0.3185459026494147
 879 17672 8297 0.3194963225384112
 880 17650 8315 0.3202387829770845
 881 17628 8342 0.32121678860223335
 882 17602 8374 0.3223744995380351
 883 17583 8398 0.32323621107732575
 884 17549 8420 0.32423273903500327
 885 17527 8449 0.325261780104712
 886 17506 8473 0.32614804264983255
 887 17497 8490 0.3267018124446839
 888 17476 8510 0.3274840298622335
 889 17459 8543 0.32855164987308666
 890 17435 8565 0.32942307692307693
 891 17416 8594 0.33041138023836986
 892 17385 8612 0.33126899257606646
 893 17365 8643 0.3323208243617348
 894 17334 8666 0.3333076923076923
 895 17313 8700 0.33444816053511706
 896 17291 8726 0.335396087173771
 897 17275 8744 0.33606210845920287
 898 17258 8771 0.3369703023550655
 899 17230 8789 0.3377916138206695
 900 17206 8808 0.3385869147382179
 901 17183 8830 0.33944566178449237
 902 17151 8852 0.34042225897011885
 903 17126 8875 0.3413330256528595
 904 17097 8906 0.3424989424297196
 905 17068 8935 0.3436141983617275
 906 17041 8958 0.34455171352744335
 907 17017 8989 0.3456510036145505
 908 16991 9015 0.3466507728985619
 909 16969 9037 0.3474967315234946
 910 16935 9055 0.34840323201231244
 911 16911 9078 0.3493016276116819
 912 16889 9101 0.35017314351673723
 913 16863 9122 0.35104868193188377
 914 16833 9153 0.3522281228353729
 915 16798 9185 0.35350036562367704
 916 16759 9213 0.3547281687971662
 917 16730 9240 0.3557951482479784
 918 16703 9264 0.35676050371625523
 919 16696 9287 0.3574260093137821
 920 16658 9320 0.3587651089383324
 921 16630 9345 0.35976900866217515
 922 16609 9372 0.36072514529848737
 923 16588 9402 0.3617545209696037
 924 16558 9427 0.3627862228208582
 925 16533 9462 0.3639930755914599
 926 16507 9491 0.3650665435802754
 927 16487 9517 0.36598215659129363
 928 16460 9551 0.36719080389066167
 929 16438 9575 0.3680851881751432
 930 16418 9594 0.36882977087498076
 931 16400 9621 0.3697398255255371
 932 16369 9636 0.3705441261295905
 933 16347 9656 0.37134176825750875
 934 16312 9685 0.3725429857291226
 935 16284 9710 0.37354774178656613
 936 16255 9736 0.3745912046477627
 937 16226 9761 0.37561088236425905
 938 16198 9790 0.3767123287671233
 939 16173 9812 0.37760246295939964
 940 16151 9844 0.37868820927101365
 941 16116 9870 0.3798199030247056
 942 16090 9889 0.38065360483467414
 943 16071 9914 0.38152780450259766
 944 16040 9935 0.38248315688161694
 945 16014 9958 0.3834129062066841
 946 15983 9989 0.38460649930694596
 947 15955 10019 0.3857318857318857
 948 15916 10052 0.3870918052988293
 949 15887 10077 0.38811431212448005
 950 15862 10098 0.3889830508474576
 951 15838 10116 0.38976650997919393
 952 15811 10139 0.39071290944123316
 953 15783 10177 0.3920261941448382
 954 15766 10205 0.3929382773093065
 955 15736 10232 0.3940234134319162
 956 15705 10257 0.3950774208458516
 957 15667 10281 0.3962155079389548
 958 15638 10305 0.39721697567744674
 959 15611 10337 0.3983736704177586
 960 15580 10363 0.399452646185869
 961 15542 10378 0.4003858024691358
 962 15510 10406 0.40152801358234297
 963 15480 10434 0.4026394998842325
 964 15455 10465 0.4037422839506173
 965 15430 10485 0.40459193517267994
 966 15400 10510 0.4056348900038595
 967 15366 10527 0.40655775692272045
 968 15348 10547 0.4072987063139602
 969 15319 10577 0.40844145814025334
 970 15290 10603 0.40949291314254815
 971 15261 10628 0.4105218432538916
 972 15236 10660 0.41164658634538154
 973 15208 10682 0.4125917342603322
 974 15174 10704 0.4136332019476003
 975 15152 10743 0.41486773508399305
 976 15123 10765 0.4158297280593325
 977 15102 10796 0.41686616727160397
 978 15086 10821 0.4176863395993361
 979 15071 10848 0.41853466568926273
 980 15049 10873 0.41945065967132167
 981 15016 10904 0.420679012345679
 982 14983 10924 0.42166209904658974
 983 14958 10946 0.42256022235948115
 984 14924 10969 0.4236280075696134
 985 14902 11011 0.424921853895728
 986 14877 11033 0.4258201466615206
 987 14842 11060 0.426994054513165
 988 14814 11090 0.42811920938851145
 989 14788 11113 0.42905679317400874
 990 14756 11142 0.4302262722990192
 991 14729 11161 0.43109308613364233
 992 14702 11186 0.4320920889987639
 993 14681 11215 0.4330784677170219
 994 14655 11231 0.4338638646372557
 995 14624 11266 0.43514870606411743
 996 14601 11305 0.436385393345171
 997 14576 11322 0.4371766159549
 998 14543 11357 0.4384942084942085
 999 14510 11375 0.439443693258644
 1000 14486 11410 0.44060858819894966
 1001 14457 11436 0.4416637701309234
 1002 14436 11472 0.4427975914775359
 1003 14402 11502 0.44402408894379247
 1004 14371 11536 0.4452850580924075
 1005 14344 11566 0.44639135468930913
 1006 14320 11592 0.447360296387774
 1007 14290 11624 0.44856062360114224
 1008 14259 11642 0.44948071503030773
 1009 14227 11660 0.4504191292926952
 1010 14205 11699 0.4516290920321186
 1011 14170 11717 0.452621006682891
 1012 14138 11749 0.45385714837563257
 1013 14111 11777 0.4549211990111248
 1014 14081 11806 0.4560590257658284
 1015 14051 11840 0.45730176509211695
 1016 14034 11876 0.45835584716325745
 1017 14008 11903 0.45938018602138087
 1018 13993 11930 0.460209080739112
 1019 13963 11964 0.4614494542368959
 1020 13944 11998 0.4624932541824069
 1021 13922 12025 0.46344471422515127
 1022 13890 12050 0.4645335389360062
 1023 13862 12084 0.4657365297155631
 1024 13842 12111 0.46665125419026704
 1025 13814 12145 0.46785315304903885
 1026 13791 12177 0.4689232902033272
 1027 13761 12216 0.4702621549832544
 1028 13728 12248 0.4715121650754543
 1029 13700 12280 0.472671285604311
 1030 13661 12309 0.47396996534462843
 1031 13636 12334 0.47493261455525604
 1032 13613 12358 0.4758384351776982
 1033 13586 12386 0.47689819805944866
 1034 13553 12411 0.47800801109228164
 1035 13522 12441 0.4791819127219505
 1036 13497 12469 0.48020488330894245
 1037 13475 12491 0.4810521451128399
 1038 13442 12528 0.4824027724297266
 1039 13399 12551 0.4836608863198459
 1040 13369 12594 0.4850749143011208
 1041 13339 12619 0.48613144310039297
 1042 13307 12646 0.4872654413747929
 1043 13287 12669 0.4880952380952381
 1044 13251 12695 0.4892854389886688
 1045 13212 12731 0.49072967659869715
 1046 13184 12760 0.4918285538082023
 1047 13147 12777 0.49286375559327267
 1048 13122 12803 0.493847637415622
 1049 13094 12837 0.4950445412826347
 1050 13066 12864 0.496104897801774
 1051 13037 12888 0.49712632594021217
 1052 13009 12927 0.498419185687847
 1053 12981 12944 0.4992864030858245
 1054 12949 12968 0.5003665547709998
 1055 12912 12994 0.5015826449471165
 1056 12875 13025 0.502895752895753
 1057 12838 13053 0.5041520219381252
 1058 12805 13088 0.5054647974356004
 1059 12768 13118 0.5067604110329909
 1060 12747 13150 0.5077808240336719
 1061 12712 13181 0.5090565017572317
 1062 12668 13214 0.5105478711073332
 1063 12626 13250 0.5120575050239604
 1064 12588 13274 0.5132627020338721
 1065 12550 13306 0.5146194306930693
 1066 12519 13327 0.5156310454228894
 1067 12488 13351 0.5166995626765741
 1068 12457 13381 0.5178806409164796
 1069 12424 13413 0.5191392189495685
 1070 12401 13441 0.520122281557155
 1071 12375 13464 0.5210727969348659
 1072 12348 13486 0.5220252380583726
 1073 12321 13513 0.523070372377487
 1074 12288 13546 0.5243477587675157
 1075 12255 13578 0.5256067820229938
 1076 12224 13608 0.5267884794053886
 1077 12196 13639 0.527927230501258
 1078 12172 13671 0.5290020508454901
 1079 12145 13705 0.530174081237911
 1080 12112 13731 0.5313237627210463
 1081 12091 13757 0.5322268647477562
 1082 12062 13782 0.5332765825723572
 1083 12035 13810 0.534339330624879
 1084 12002 13835 0.5354723845647714
 1085 11970 13858 0.536549481183212
 1086 11947 13886 0.5375295165098904
 1087 11916 13922 0.5388187940243053
 1088 11888 13951 0.5399202755524595
 1089 11854 13978 0.5411117993186745
 1090 11829 14010 0.5422036456519215
 1091 11797 14034 0.5433006852231814
 1092 11765 14065 0.5445218737901665
 1093 11740 14096 0.5455952933890695
 1094 11704 14134 0.5470237634491834
 1095 11671 14162 0.5482135253358108
 1096 11633 14188 0.5494752333372062
 1097 11611 14212 0.5503620803159973
 1098 11588 14238 0.5513048865484396
 1099 11556 14266 0.5524746340329951
 1100 11525 14287 0.5535022470168913
 1101 11498 14316 0.5545827845355233
 1102 11469 14354 0.555861054099059
 1103 11443 14380 0.556867908453704
 1104 11419 14406 0.5578315585672797
 1105 11382 14436 0.5591447827097374
 1106 11349 14464 0.5603378142796266
 1107 11314 14484 0.561438871230328
 1108 11291 14523 0.5626016890059657
 1109 11267 14561 0.5637680037168964
 1110 11240 14600 0.565015479876161
 1111 11199 14616 0.5661824520627542
 1112 11160 14641 0.5674586256346653
 1113 11128 14663 0.5685316583304253
 1114 11111 14698 0.5694912627378046
 1115 11080 14725 0.5706258477039333
 1116 11066 14763 0.5715668434705177
 1117 11040 14788 0.572556914975995
 1118 11014 14816 0.5735965931087882
 1119 10981 14839 0.5747095274980635
 1120 10947 14868 0.5759442184776293
 1121 10905 14897 0.5773583443143943
 1122 10880 14934 0.5785232819400326
 1123 10847 14960 0.5796876816367652
 1124 10820 15000 0.5809450038729667
 1125 10779 15037 0.5824682367524016
 1126 10750 15061 0.5835109062027818
 1127 10722 15090 0.5846118084611809
 1128 10690 15107 0.5856107299298368
 1129 10660 15140 0.5868217054263566
 1130 10624 15175 0.5882010930656227
 1131 10592 15219 0.589632327302313
 1132 10562 15246 0.5907470551766894
 1133 10529 15277 0.5919941098969232
 1134 10499 15311 0.5932196822936846
 1135 10461 15334 0.594456289978678
 1136 10445 15377 0.5954999612733328
 1137 10418 15402 0.5965143299767622
 1138 10389 15433 0.597668654635582
 1139 10353 15456 0.5988608624898292
 1140 10325 15484 0.5999457553566585
 1141 10295 15513 0.6010926844389337
 1142 10264 15540 0.6022322120601458
 1143 10237 15567 0.603278561463339
 1144 10210 15603 0.6044628675473599
 1145 10187 15632 0.6054456020759905
 1146 10159 15665 0.6066062577447335
 1147 10124 15699 0.6079464043681989
 1148 10089 15726 0.6091807088901802
 1149 10049 15756 0.6105793450881613
 1150 10023 15793 0.6117524016114038
 1151 9996 15818 0.6127682652824049
 1152 9973 15850 0.6137939046586377
 1153 9943 15883 0.6150003872066909
 1154 9923 15906 0.6158194277749817
 1155 9898 15934 0.6168318364818829
 1156 9863 15959 0.6180388815738518
 1157 9837 15986 0.6190605274367812
 1158 9805 16022 0.6203585395129129
 1159 9786 16061 0.621387395055519
 1160 9758 16089 0.6224706929237436
 1161 9725 16112 0.6236018113558076
 1162 9690 16144 0.6249129054734072
 1163 9661 16176 0.6260788791268336
 1164 9627 16205 0.6273227005264788
 1165 9601 16237 0.6284155120365353
 1166 9574 16265 0.6294748248771237
 1167 9557 16299 0.6303759282178217
 1168 9536 16320 0.6311881188118812
 1169 9508 16354 0.6323563529502745
 1170 9480 16383 0.6334531956849554
 1171 9452 16416 0.6346064635843514
 1172 9431 16447 0.6355591622227375
 1173 9398 16478 0.636806307002628
 1174 9367 16501 0.6378923766816144
 1175 9341 16532 0.6389672631701001
 1176 9309 16556 0.6400927894838585
 1177 9278 16585 0.6412635811777443
 1178 9246 16615 0.6424732222265187
 1179 9206 16638 0.6437857916731157
 1180 9174 16675 0.6450926534875624
 1181 9140 16712 0.6464490174841405
 1182 9101 16741 0.647821376054485
 1183 9064 16778 0.6492531537806672
 1184 9037 16806 0.6503114963433038
 1185 9010 16826 0.6512618052330083
 1186 8988 16857 0.6522344747533372
 1187 8965 16895 0.6533255993812839
 1188 8938 16924 0.6543964117237646
 1189 8909 16955 0.6555443860191772
 1190 8877 16979 0.6566754331683168
 1191 8846 16997 0.6577022791471578
 1192 8811 17025 0.6589642359498374
 1193 8781 17057 0.6601517145289884
 1194 8759 17093 0.66118675537676
 1195 8720 17124 0.662590930196564
 1196 8692 17153 0.6636873669955504
 1197 8657 17174 0.6648600518756533
 1198 8631 17202 0.6658924631285565
 1199 8598 17243 0.6672729383537789
 1200 8576 17271 0.6682013386466514
 1201 8553 17306 0.6692447503770448
 1202 8504 17337 0.6709105684764521
 1203 8475 17369 0.6720708868596192
 1204 8451 17390 0.6729615726945551
 1205 8425 17422 0.6740434092931481
 1206 8401 17460 0.6751479061134527
 1207 8371 17483 0.6762203140713235
 1208 8342 17513 0.67735447689035
 1209 8313 17551 0.678587998762759
 1210 8283 17584 0.6797850543163103
 1211 8256 17622 0.6809645258520751
 1212 8224 17651 0.6821642512077295
 1213 8196 17671 0.6831484130359144
 1214 8170 17697 0.6841535547222329
 1215 8143 17724 0.6851973557041791
 1216 8113 17748 0.6862843664204787
 1217 8084 17778 0.6874178331142217
 1218 8058 17812 0.6885195206803247
 1219 8013 17839 0.6900433235339626
 1220 7984 17884 0.691356115664141
 1221 7955 17909 0.6924296319208165
 1222 7923 17927 0.6935009671179884
 1223 7902 17949 0.6943251711732622
 1224 7876 17973 0.6953073619869241
 1225 7857 17998 0.6961129375362599
 1226 7828 18018 0.6971291495782713
 1227 7802 18043 0.698123428129232
 1228 7775 18074 0.6992146698131456
 1229 7749 18097 0.700185715391163
 1230 7716 18129 0.7014509576320371
 1231 7694 18164 0.7024518524247815
 1232 7668 18202 0.7035948975647468
 1233 7639 18235 0.704761536677746
 1234 7612 18264 0.7058277940949143
 1235 7583 18289 0.7069032158317873
 1236 7551 18321 0.7081400742115028
 1237 7525 18343 0.7091000463893614
 1238 7495 18373 0.7102597804236895
 1239 7465 18399 0.7113748840086607
 1240 7432 18418 0.712495164410058
 1241 7401 18444 0.7136390017411491
 1242 7367 18466 0.7148221267371192
 1243 7337 18497 0.715994425950298
 1244 7301 18529 0.7173441734417344
 1245 7275 18560 0.7184052641765047
 1246 7251 18594 0.7194428322692977
 1247 7216 18625 0.7207538407956349
 1248 7189 18649 0.7217663905875068
 1249 7158 18678 0.7229447282861124
 1250 7136 18719 0.7239992264552311
 1251 7102 18741 0.7251867043299927
 1252 7066 18765 0.7264527118578452
 1253 7037 18799 0.7276281158074005
 1254 7016 18822 0.728461955259695
 1255 6986 18845 0.7295497657852967
 1256 6963 18876 0.7305236270753512
 1257 6940 18899 0.7314137544022602
 1258 6911 18928 0.732536088857928
 1259 6883 18969 0.7337536747640415
 1260 6858 18994 0.7347207179328485
 1261 6830 19020 0.7357833655705996
 1262 6805 19046 0.736760666898766
 1263 6766 19068 0.7380970813656422
 1264 6742 19103 0.7391371638614819
 1265 6724 19119 0.739813489145997
 1266 6703 19155 0.7407765488436847
 1267 6681 19178 0.7416373409644611
 1268 6650 19204 0.7427864160284675
 1269 6618 19226 0.7439250889955116
 1270 6594 19249 0.7448438648763689
 1271 6556 19276 0.7462062558067513
 1272 6526 19300 0.7473089134980252
 1273 6492 19324 0.7485280446234893
 1274 6470 19349 0.7494093497037065
 1275 6450 19375 0.750242013552759
 1276 6423 19402 0.7512875121006777
 1277 6400 19437 0.7522932228973952
 1278 6374 19457 0.7532422283303009
 1279 6350 19489 0.7542474553968807
 1280 6319 19516 0.7554093284304239
 1281 6282 19556 0.7568697267590371
 1282 6252 19595 0.7581150617092893
 1283 6221 19617 0.7592305906029878
 1284 6201 19633 0.759967484710072
 1285 6174 19660 0.7610126190291864
 1286 6144 19693 0.7622014939814994
 1287 6119 19716 0.7631507644668086
 1288 6092 19729 0.7640680066612447
 1289 6068 19765 0.7651066465373747
 1290 6049 19796 0.7659508609015283
 1291 6026 19818 0.7668317597895062
 1292 6004 19836 0.7676470588235295
 1293 5976 19862 0.7687127486647574
 1294 5947 19898 0.7698974656606694
 1295 5926 19913 0.7706567591625063
 1296 5904 19934 0.7714993420543386
 1297 5874 19948 0.7725195569669274
 1298 5843 19979 0.7737200836496011
 1299 5819 20001 0.7746320681642138
 1300 5798 20023 0.7754540877580264
 1301 5766 20049 0.7766414875072633
 1302 5730 20081 0.7780016272132037
 1303 5701 20098 0.7790224427303384
 1304 5676 20122 0.7799829444142957
 1305 5654 20149 0.7808781924582413
 1306 5624 20172 0.7819817025895488
 1307 5599 20196 0.7829424307036247
 1308 5579 20221 0.7837596899224806
 1309 5560 20241 0.7845044765706756
 1310 5532 20262 0.7855315189578972
 1311 5513 20284 0.7862929798038532
 1312 5489 20317 0.7872975277067349
 1313 5466 20335 0.7881477462113872
 1314 5444 20357 0.7890004263400643
 1315 5417 20390 0.7900957104661526
 1316 5389 20424 0.7912292255840081
 1317 5364 20455 0.7922460203725938
 1318 5346 20488 0.7930634048153596
 1319 5319 20512 0.7940846269985676
 1320 5291 20542 0.7951844539929548
 1321 5264 20566 0.7962059620596206
 1322 5238 20596 0.797243942091817
 1323 5211 20625 0.7983046911286577
 1324 5189 20655 0.7992183872465562
 1325 5173 20686 0.7999535944932132
 1326 5145 20710 0.8010056081995746
 1327 5126 20728 0.801732807302545
 1328 5094 20747 0.8028714059053442
 1329 5077 20784 0.8036812188237114
 1330 5058 20809 0.8044612827154289
 1331 5033 20826 0.8053675702850072
 1332 4998 20855 0.8066762077901984
 1333 4977 20876 0.8074884926314161
 1334 4954 20895 0.8083484854346397
 1335 4938 20911 0.8089674648922589
 1336 4916 20941 0.8098774026375837
 1337 4879 20965 0.8112134344528711
 1338 4859 20996 0.8120672983948946
 1339 4836 21024 0.8129930394431555
 1340 4814 21044 0.8138293758217959
 1341 4793 21080 0.8147489661036602
 1342 4770 21098 0.8156022885418277
 1343 4743 21130 0.8166814826266765
 1344 4720 21154 0.8175774909175234
 1345 4693 21182 0.8186280193236715
 1346 4669 21207 0.8195625289843871
 1347 4641 21226 0.8205822089921522
 1348 4619 21251 0.8214534209509083
 1349 4597 21267 0.8222626043922053
 1350 4575 21290 0.8231200463947419
 1351 4551 21307 0.8240003093820094
 1352 4527 21323 0.8248742746615088
 1353 4495 21345 0.8260448916408669
 1354 4473 21366 0.8268895855102751
 1355 4453 21396 0.8277302797013424
 1356 4431 21429 0.8286542923433875
 1357 4401 21458 0.8298078038593913
 1358 4381 21482 0.8306074314658005
 1359 4358 21510 0.8315293026132674
 1360 4342 21535 0.8322062062835723
 1361 4326 21561 0.8328890949125043
 1362 4312 21584 0.833487797343219
 1363 4294 21604 0.8341956907869333
 1364 4279 21631 0.834851408722501
 1365 4258 21670 0.8357759950632521
 1366 4237 21695 0.8366111368193737
 1367 4225 21721 0.8371617975795884
 1368 4205 21738 0.8379138881393825
 1369 4183 21766 0.8387991830128328
 1370 4168 21792 0.8394453004622496
 1371 4148 21824 0.8402895425843215
 1372 4123 21851 0.8412643412643412
 1373 4097 21871 0.8422288971041282
 1374 4071 21892 0.8431999383738397
 1375 4054 21917 0.84390281467791
 1376 4033 21940 0.8447233665729796
 1377 4015 21954 0.8453925834649004
 1378 3999 21961 0.8459553158705702
 1379 3978 21980 0.846752446259342
 1380 3955 22008 0.8476678349959558
 1381 3932 22029 0.8485420438349832
 1382 3908 22045 0.8494201055754633
 1383 3884 22061 0.8502987088070919
 1384 3870 22080 0.8508670520231214
 1385 3848 22105 0.8517319770354101
 1386 3836 22139 0.8523195380173243
 1387 3812 22154 0.8531926365246861
 1388 3799 22178 0.8537552450244447
 1389 3783 22202 0.8544160092360977
 1390 3762 22227 0.8552464504213321
 1391 3740 22242 0.8560541913632514
 1392 3719 22261 0.8568514241724403
 1393 3701 22278 0.8575387813233766
 1394 3678 22305 0.8584459069391526
 1395 3667 22335 0.8589723867394816
 1396 3650 22367 0.8597071145789291
 1397 3626 22380 0.8605706375451819
 1398 3601 22399 0.8615
 1399 3586 22420 0.8621087441359686
 1400 3574 22443 0.8626282815082446
 1401 3553 22456 0.8633934407320543
 1402 3541 22471 0.8638705212978626
 1403 3520 22489 0.8646622323042024
 1404 3503 22511 0.8653417390635811
 1405 3482 22523 0.8661026725629687
 1406 3472 22542 0.8665334050895671
 1407 3457 22560 0.8671253411231118
 1408 3444 22587 0.867696208366947
 1409 3420 22601 0.8685676953230084
 1410 3406 22621 0.8691358973373804
 1411 3384 22642 0.8699761776684853
 1412 3368 22671 0.8706555551288452
 1413 3354 22696 0.8712476007677543
 1414 3338 22713 0.8718667229664888
 1415 3332 22741 0.8722049629885322
 1416 3313 22754 0.8729044385621667
 1417 3297 22766 0.8734988297586617
 1418 3279 22781 0.8741749808135073
 1419 3264 22798 0.8747601872457985
 1420 3250 22828 0.8753738783649053
 1421 3236 22851 0.8759535400774332
 1422 3222 22868 0.8765044078190878
 1423 3204 22897 0.8772460825255737
 1424 3183 22921 0.8780646644192461
 1425 3157 22930 0.8789818683635527
 1426 3144 22947 0.8794986777049557
 1427 3128 22957 0.8800843396588077
 1428 3114 22975 0.8806393499175897
 1429 3091 22994 0.8815027793751198
 1430 3077 23010 0.8820485299191168
 1431 3055 23032 0.8828918618468969
 1432 3042 23045 0.8833901943496761
 1433 3026 23061 0.8840035266607889
 1434 3007 23085 0.8847539475701365
 1435 2991 23101 0.8853671623486126
 1436 2979 23115 0.8858358243274316
 1437 2966 23132 0.8863514445551384
 1438 2948 23163 0.8870973919037953
 1439 2930 23193 0.8878383034107874
 1440 2918 23216 0.8883446850845642
 1441 2897 23233 0.8891312667432071
 1442 2875 23251 0.8899563653065912
 1443 2862 23257 0.8904245951223247
 1444 2850 23277 0.8909174417269491
 1445 2838 23285 0.8913601041228036
 1446 2823 23302 0.8919425837320574
 1447 2807 23317 0.892550911039657
 1448 2794 23338 0.8930812796571254
 1449 2773 23348 0.8938402051988821
 1450 2759 23362 0.8943761724283144
 1451 2743 23369 0.8949525122549019
 1452 2726 23395 0.8956395237548332
 1453 2706 23406 0.8963694852941176
 1454 2691 23437 0.8970070422535211
 1455 2677 23447 0.8975271780738019
 1456 2662 23461 0.8980974620066609
 1457 2641 23475 0.8988742533312911
 1458 2634 23490 0.8991731740927882
 1459 2615 23505 0.899885145482389
 1460 2604 23522 0.900329174002909
