 "time" "normal population" "cancer population" "cancer proportion"patch_inflammation:0.2
 1 10394 0 0
 2 10394 0 0
 3 10550 4 3.7900322152738296E-4
 4 10553 4 3.788955195604812E-4
 5 10744 8 7.44047619047619E-4
 6 10754 8 7.433562534844825E-4
 7 10913 11 0.0010069571585499817
 8 10924 11 0.001005944215820759
 9 11066 16 0.0014437827107020393
 10 11074 16 0.001442741208295762
 11 11229 20 0.0017779358165170237
 12 11242 21 0.0018645121193287756
 13 11401 24 0.002100656455142232
 14 11421 24 0.0020969855832241153
 15 11587 26 0.0022388702316369588
 16 11610 27 0.002320185614849188
 17 11756 28 0.0023761031907671417
 18 11783 29 0.0024551303758889266
 19 11908 29 0.002429421127586496
 20 11936 30 0.0025071034598027745
 21 12100 31 0.0025554364850383315
 22 12129 31 0.002549342105263158
 23 12280 35 0.0028420625253755584
 24 12329 36 0.0029114435907804286
 25 12470 38 0.003038055644387592
 26 12515 38 0.0030271648211582887
 27 12641 41 0.003232928560164012
 28 12676 43 0.0033807689283748723
 29 12784 47 0.003663003663003663
 30 12825 48 0.0037287345607084597
 31 12947 49 0.003770390889504463
 32 12981 50 0.0038370040672243114
 33 13113 54 0.004101161995898838
 34 13147 54 0.004090599197030528
 35 13252 57 0.004282816139454504
 36 13289 57 0.004270942604525701
 37 13393 59 0.0043859649122807015
 38 13429 60 0.0044480687967973906
 39 13547 61 0.004482657260435038
 40 13590 61 0.0044685371035089
 41 13692 63 0.004580152671755725
 42 13729 64 0.004640034800261002
 43 13820 68 0.004896313364055299
 44 13867 70 0.005022601707684581
 45 13964 74 0.0052714061832169826
 46 14004 75 0.005327082889409759
 47 14093 79 0.005574372001128987
 48 14121 81 0.005703422053231939
 49 14195 83 0.00581313909511136
 50 14241 83 0.005794470818207205
 51 14337 84 0.005824838776783857
 52 14372 87 0.006017013624732001
 53 14452 90 0.006188969880346582
 54 14494 92 0.006307418072123955
 55 14579 94 0.006406324541675185
 56 14622 96 0.006522625356706074
 57 14711 98 0.006617597406982241
 58 14751 99 0.006666666666666667
 59 14824 105 0.007033290910308795
 60 14856 105 0.007018247443352717
 61 14918 111 0.007385720939516934
 62 14955 111 0.007367582636399841
 63 15027 115 0.007594769515255581
 64 15058 116 0.007644655331488072
 65 15144 117 0.0076666011401611955
 66 15175 118 0.007715948473157654
 67 15253 120 0.007805893449554413
 68 15279 120 0.007792713812585233
 69 15359 121 0.007816537467700259
 70 15391 123 0.007928322805208199
 71 15473 127 0.00814102564102564
 72 15515 129 0.008245972896957299
 73 15589 131 0.008333333333333333
 74 15635 133 0.00843480466768138
 75 15696 137 0.00865281374344723
 76 15731 141 0.008883568548387098
 77 15805 143 0.008966641585151744
 78 15858 145 0.009060801099793788
 79 15928 146 0.009082991165857908
 80 15962 146 0.009063819220263223
 81 16029 151 0.009332509270704574
 82 16063 153 0.009435125801677356
 83 16135 160 0.00981896287204664
 84 16173 161 0.0098567405412024
 85 16255 163 0.009928127664758193
 86 16305 164 0.009958103102799199
 87 16374 166 0.010036275695284159
 88 16411 168 0.010133301164123289
 89 16501 172 0.010316079889641935
 90 16552 173 0.010343796711509716
 91 16639 174 0.010349134598227562
 92 16674 177 0.010503827666013887
 93 16742 182 0.010753958874970456
 94 16781 184 0.010845859121721192
 95 16850 187 0.010976110817632213
 96 16901 189 0.011059098888238736
 97 16972 192 0.01118620368212538
 98 17022 200 0.011613053071652538
 99 17088 205 0.011854507604232926
 100 17135 206 0.011879361051842454
 101 17193 211 0.012123649735692944
 102 17230 211 0.012097930164554785
 103 17299 214 0.012219494090104494
 104 17335 215 0.01225071225071225
 105 17396 219 0.012432585864320181
 106 17433 223 0.01263026733121885
 107 17487 227 0.01281472281810997
 108 17521 228 0.012845794129246718
 109 17592 229 0.01285000841703608
 110 17634 229 0.012819795107204837
 111 17699 232 0.012938486420166193
 112 17739 233 0.012964611618072558
 113 17814 236 0.013074792243767314
 114 17855 236 0.013045160577082528
 115 17923 238 0.013105005230989482
 116 17959 241 0.013241758241758241
 117 18016 241 0.013200416278687626
 118 18047 243 0.013285948605795517
 119 18115 246 0.01339796307390665
 120 18150 252 0.013694163677861103
 121 18209 253 0.01370382407106489
 122 18249 255 0.013780804150453956
 123 18312 259 0.01394647568790049
 124 18368 259 0.013904547162720781
 125 18430 262 0.014016691632784078
 126 18468 265 0.014146159184327123
 127 18521 268 0.014263664910319869
 128 18552 272 0.014449638759031025
 129 18611 274 0.01450886947312682
 130 18639 274 0.014487389626183048
 131 18695 276 0.014548521427441886
 132 18729 278 0.014626190350923343
 133 18782 279 0.014637217354808248
 134 18810 279 0.014615747289014616
 135 18858 280 0.014630577907827359
 136 18886 280 0.014609203798392988
 137 18934 283 0.014726544205651245
 138 18963 284 0.014755546318906843
 139 19015 287 0.014868925499948192
 140 19044 289 0.014948533595406818
 141 19097 294 0.015161672941055129
 142 19127 297 0.015290362438220758
 143 19185 299 0.015345924861424758
 144 19226 299 0.015313700384122919
 145 19274 299 0.01527614571092832
 146 19307 300 0.015300657928290917
 147 19340 300 0.015274949083503055
 148 19372 303 0.015400254129606099
 149 19419 307 0.015563216060022306
 150 19437 309 0.01564873898511091
 151 19477 312 0.015766334832482694
 152 19505 315 0.015893037336024218
 153 19541 316 0.015913783552399658
 154 19575 318 0.015985522545619062
 155 19617 322 0.016149255228446763
 156 19643 324 0.016226774177392697
 157 19679 325 0.016246750649870027
 158 19700 326 0.016278837511235395
 159 19730 328 0.016352577525176985
 160 19751 330 0.016433444549574225
 161 19784 334 0.016602047917288
 162 19806 337 0.016730377798739017
 163 19837 341 0.01689959361681039
 164 19863 343 0.016975155894288826
 165 19893 346 0.017095706309600278
 166 19927 348 0.01716399506781751
 167 19973 349 0.017173506544631435
 168 19997 352 0.01729814732910708
 169 20033 352 0.017267598724552368
 170 20060 358 0.017533548829464198
 171 20104 359 0.017543859649122806
 172 20124 361 0.017622650720039053
 173 20162 363 0.017685749086479904
 174 20185 365 0.017761557177615572
 175 20209 366 0.01778857837181045
 176 20227 367 0.017820724482859086
 177 20264 370 0.017931569254628285
 178 20288 372 0.018005808325266215
 179 20330 374 0.018064142194744975
 180 20351 376 0.018140589569160998
 181 20385 380 0.01830002407897905
 182 20411 382 0.018371567354398113
 183 20444 384 0.01843671980026887
 184 20471 387 0.01855403202608112
 185 20507 391 0.018709924394678917
 186 20535 392 0.01873178190853921
 187 20561 393 0.018755368903312017
 188 20576 393 0.018741952405932568
 189 20598 394 0.01876905487804878
 190 20617 395 0.01879878164858176
 191 20648 395 0.01877108777265599
 192 20665 396 0.018802525995916624
 193 20698 397 0.018819625503673856
 194 20714 399 0.018898309098659593
 195 20745 404 0.019102558040569293
 196 20771 406 0.019171742928649007
 197 20789 407 0.0192017361766371
 198 20802 410 0.019328681878182163
 199 20832 411 0.019347549781104364
 200 20841 412 0.019385498517856304
 201 20866 415 0.019500963300596776
 202 20882 417 0.01957838396168834
 203 20905 419 0.01964922153442131
 204 20922 425 0.019909120719539045
 205 20949 428 0.020021518454413623
 206 20958 433 0.020242157916880932
 207 20980 435 0.020312864814382443
 208 20994 437 0.02039102235080024
 209 21019 440 0.020504217344703854
 210 21027 443 0.020633442012109923
 211 21050 444 0.02065692751465525
 212 21061 447 0.020782964478333645
 213 21084 450 0.020897185845639453
 214 21102 451 0.020925161230455156
 215 21121 454 0.02104287369640788
 216 21132 455 0.021077500347431326
 217 21150 456 0.021105248542071648
 218 21163 457 0.021137835337650325
 219 21185 460 0.02125202125202125
 220 21192 462 0.021335550013854253
 221 21210 462 0.02131782945736434
 222 21223 462 0.02130504957343786
 223 21235 462 0.021293266350186663
 224 21251 464 0.021367718167165553
 225 21264 464 0.021354933726067747
 226 21274 466 0.021435142594296228
 227 21291 469 0.02155330882352941
 228 21303 471 0.021631303389363463
 229 21322 478 0.021926605504587155
 230 21329 479 0.02196441672780631
 231 21344 479 0.021949319525271502
 232 21355 480 0.02198305472864667
 233 21366 482 0.022061515928231416
 234 21375 482 0.02205243171523997
 235 21385 483 0.02208706786171575
 236 21403 484 0.0221135834056746
 237 21412 490 0.022372386083462696
 238 21420 490 0.022364217252396165
 239 21438 491 0.02239044188061471
 240 21449 494 0.022512874265141505
 241 21469 496 0.022581379467334396
 242 21483 496 0.022566995768688293
 243 21500 500 0.022727272727272728
 244 21517 505 0.02293161384070475
 245 21542 508 0.023038548752834467
 246 21547 508 0.02303332577646792
 247 21565 510 0.023103057757644395
 248 21577 511 0.02313473379210431
 249 21590 512 0.023165324405031218
 250 21597 514 0.023246347971597848
 251 21612 515 0.023274732227595244
 252 21624 515 0.02326211662676724
 253 21642 519 0.023419520779748206
 254 21652 519 0.023408957647377205
 255 21668 522 0.02352410995944119
 256 21672 524 0.023607857271580466
 257 21685 527 0.023725913920403387
 258 21691 529 0.023807380738073806
 259 21698 530 0.02384380061184092
 260 21703 532 0.023926242410613897
 261 21723 532 0.023904740507751068
 262 21732 534 0.0239827539746699
 263 21749 535 0.02400825704541375
 264 21755 538 0.024133135961961153
 265 21770 538 0.024116908732293347
 266 21775 540 0.02419896930315931
 267 21786 541 0.02423075200429973
 268 21798 542 0.024261414503133395
 269 21817 542 0.024240797888993245
 270 21827 543 0.024273580688421992
 271 21837 544 0.024306331263124974
 272 21845 545 0.024341223760607412
 273 21854 547 0.024418552743181107
 274 21861 547 0.0244109246697608
 275 21872 548 0.024442462087421946
 276 21870 548 0.0244446426978321
 277 21878 553 0.024653381480986135
 278 21878 555 0.024740337895065304
 279 21886 555 0.024731518203288623
 280 21889 557 0.024815111823932996
 281 21895 560 0.024938766421732355
 282 21895 560 0.024938766421732355
 283 21900 561 0.024976626151996795
 284 21904 563 0.025058975386121868
 285 21914 566 0.0251779359430605
 286 21920 567 0.02521456841730778
 287 21928 567 0.02520560124472105
 288 21931 569 0.02528888888888889
 289 21946 571 0.0253586179331172
 290 21945 572 0.025403028822667317
 291 21948 574 0.025486191279637686
 292 21950 575 0.025527192008879023
 293 21960 577 0.025602342814039135
 294 21959 580 0.025733173610186788
 295 21961 585 0.025946952896300897
 296 21963 587 0.026031042128603105
 297 21966 590 0.02615712005674765
 298 21965 592 0.026244624728465664
 299 21973 593 0.02627847203757866
 300 21976 595 0.026361260023924506
 301 21982 597 0.02644049780769742
 302 21973 598 0.02649417394001152
 303 21980 602 0.026658400495970243
 304 21977 605 0.02679124966787707
 305 21975 610 0.027009076820898828
 306 21972 612 0.02709883103081828
 307 21973 614 0.02718377827954133
 308 21977 617 0.027308134903071612
 309 21983 618 0.027343922835272774
 310 21979 620 0.027434842249657063
 311 21978 623 0.027565151984425468
 312 21979 626 0.027692988276929884
 313 21981 627 0.027733545647558387
 314 21974 630 0.027871173243673684
 315 21978 631 0.027909239683311955
 316 21980 636 0.02812168376370711
 317 21978 638 0.02821011673151751
 318 21973 639 0.028259331328498144
 319 21974 639 0.028258081634458056
 320 21967 640 0.028309815543858096
 321 21962 643 0.028445034284450343
 322 21958 643 0.02845006858103624
 323 21954 644 0.028498097176741306
 324 21950 649 0.028718084871011993
 325 21951 650 0.028759789389850007
 326 21946 652 0.02885211080626604
 327 21946 653 0.028895083853267844
 328 21941 655 0.02898743140378828
 329 21946 656 0.029023980178745242
 330 21937 656 0.029035541982029834
 331 21941 661 0.02924519953986373
 332 21936 664 0.02938053097345133
 333 21937 670 0.029636838147476446
 334 21934 672 0.02972662125099531
 335 21936 675 0.02985272654902481
 336 21925 678 0.029996018227668893
 337 21923 681 0.030127411077685365
 338 21917 683 0.030221238938053098
 339 21915 684 0.030266825965750695
 340 21897 685 0.030333894252059162
 341 21898 690 0.030547193199929167
 342 21885 694 0.030736525089685107
 343 21886 695 0.030778087772906425
 344 21873 698 0.030924637809578662
 345 21864 700 0.031022868285764935
 346 21854 703 0.031165491865052977
 347 21854 704 0.031208440464580194
 348 21850 707 0.03134282041051558
 349 21850 710 0.031471631205673756
 350 21843 713 0.03161021457705267
 351 21832 715 0.031711535902780856
 352 21824 717 0.03180870413912426
 353 21815 719 0.03190734001952605
 354 21804 721 0.032008879023307436
 355 21796 723 0.032106221413029
 356 21789 723 0.032116204690831554
 357 21780 728 0.032344055446952194
 358 21771 729 0.0324
 359 21772 730 0.03244156075015554
 360 21766 734 0.03262222222222222
 361 21757 736 0.03272129106833237
 362 21743 739 0.03287074103727426
 363 21741 744 0.03308872581721147
 364 21729 746 0.033192436040044494
 365 21731 748 0.03327550157925174
 366 21718 752 0.033466844681797954
 367 21713 754 0.0335603329327458
 368 21698 759 0.033797924923186534
 369 21685 760 0.033860548006237466
 370 21673 760 0.033878660901350686
 371 21661 766 0.034155259285682436
 372 21646 769 0.034307383448583535
 373 21643 771 0.03439814401713215
 374 21628 773 0.0345073880630329
 375 21624 775 0.03459975891780883
 376 21612 776 0.03466142576380204
 377 21599 777 0.03472470504111548
 378 21576 779 0.034846790427197495
 379 21568 782 0.03498881431767338
 380 21551 784 0.035101858070293264
 381 21543 784 0.03511443543691495
 382 21528 786 0.035224522721161604
 383 21512 788 0.03533632286995516
 384 21506 788 0.035345832959540684
 385 21503 789 0.03539386326933429
 386 21483 790 0.03546895344138643
 387 21466 795 0.03571268137100759
 388 21444 796 0.03579136690647482
 389 21434 798 0.03589420654911839
 390 21422 801 0.03604373846915358
 391 21408 803 0.03615325739498447
 392 21390 804 0.036226007028926734
 393 21383 805 0.03628087254371733
 394 21362 810 0.03653256359372181
 395 21359 811 0.03658096526838069
 396 21342 816 0.036826428378012456
 397 21327 820 0.03702533074457037
 398 21313 823 0.03717925551138417
 399 21312 824 0.037224430791470905
 400 21290 827 0.037392051363204774
 401 21282 830 0.03753617945007236
 402 21274 836 0.03781094527363184
 403 21263 838 0.037916836342246955
 404 21253 839 0.0379775484338222
 405 21244 843 0.0381672477022683
 406 21236 846 0.03831174712435468
 407 21222 848 0.03842319891255097
 408 21198 850 0.0385522496371553
 409 21189 853 0.038698847654477814
 410 21179 858 0.038934519217679354
 411 21174 860 0.03903058908958882
 412 21157 863 0.03919164396003633
 413 21148 864 0.03925131746320189
 414 21137 866 0.039358269326909966
 415 21134 867 0.0394072996681969
 416 21117 868 0.0394814646349784
 417 21111 869 0.039535941765241125
 418 21102 872 0.039683262036952764
 419 21094 875 0.03982884974281943
 420 21081 879 0.04002732240437158
 421 21058 882 0.040200546946216956
 422 21032 888 0.04051094890510949
 423 21026 891 0.040653374093169686
 424 21004 895 0.04086944609342892
 425 20993 901 0.041152827258609664
 426 20978 902 0.041224862888482636
 427 20965 903 0.041293213828425095
 428 20944 907 0.041508397784998395
 429 20933 908 0.04157318804084062
 430 20915 913 0.0418270111783031
 431 20904 913 0.04184810010542238
 432 20887 919 0.04214436393653123
 433 20872 922 0.04230522162062953
 434 20850 926 0.04252387950036738
 435 20846 930 0.04270756796473182
 436 20825 934 0.042924766763178454
 437 20823 938 0.043104636735444145
 438 20808 943 0.043354328536619004
 439 20797 946 0.04350825553051557
 440 20774 949 0.043686415320167565
 441 20761 952 0.04384470133099986
 442 20743 956 0.044057329830867784
 443 20726 958 0.04418004058291828
 444 20709 959 0.04425881484216356
 445 20694 964 0.04451011173700249
 446 20676 967 0.04467957307212494
 447 20668 971 0.044872683580572115
 448 20656 973 0.04498589856211568
 449 20650 981 0.04535157875271601
 450 20641 984 0.0455028901734104
 451 20628 988 0.045706883789785345
 452 20612 994 0.04600573914653337
 453 20603 999 0.046245717989075084
 454 20584 1001 0.04637479731294881
 455 20573 1004 0.04653102840988089
 456 20555 1008 0.04674674210453091
 457 20541 1011 0.0469097995545657
 458 20520 1014 0.0470883254388409
 459 20514 1018 0.04727846925506223
 460 20496 1021 0.047450852814054006
 461 20487 1025 0.04764782447006322
 462 20472 1029 0.04785823915166736
 463 20449 1037 0.04826398585125198
 464 20429 1040 0.04844193954073315
 465 20411 1046 0.048748660110919516
 466 20396 1049 0.048915831196083004
 467 20386 1055 0.04920479455249289
 468 20368 1061 0.0495123430864716
 469 20357 1066 0.04975960416374924
 470 20330 1068 0.04991120665482755
 471 20314 1073 0.05017066442231262
 472 20297 1079 0.05047717065868264
 473 20281 1083 0.05069275416588654
 474 20271 1090 0.05102757361546744
 475 20263 1096 0.051313263729575356
 476 20247 1100 0.05152948892115988
 477 20240 1103 0.05167970763247903
 478 20221 1110 0.05203694154048099
 479 20210 1117 0.05237492380550476
 480 20200 1127 0.05284381300698645
 481 20176 1128 0.05294780322944048
 482 20154 1132 0.053180494221554075
 483 20145 1136 0.05338095014332033
 484 20128 1140 0.05360165506864773
 485 20121 1143 0.05375282167042889
 486 20105 1145 0.05388235294117647
 487 20093 1150 0.054135479922798095
 488 20077 1153 0.05430993876589731
 489 20062 1159 0.05461571085245747
 490 20041 1164 0.054892713982551286
 491 20029 1170 0.05519128260767017
 492 19998 1179 0.055673608159796
 493 19989 1184 0.0559202758229821
 494 19965 1190 0.056251477192153156
 495 19951 1192 0.0563779974459632
 496 19938 1194 0.05650198750709824
 497 19930 1199 0.05674665152160538
 498 19913 1205 0.057060327682545695
 499 19906 1209 0.05725787354960928
 500 19881 1213 0.05750450365032711
 501 19871 1216 0.05766586048276189
 502 19855 1222 0.05797789059164018
 503 19847 1227 0.05822340324570561
 504 19840 1232 0.058466211085801065
 505 19824 1242 0.058957561948162915
 506 19810 1247 0.05922021180605024
 507 19802 1253 0.05951080503443363
 508 19779 1257 0.05975470621791215
 509 19769 1266 0.06018540527691942
 510 19749 1271 0.060466222645099904
 511 19744 1279 0.06083812966750701
 512 19732 1281 0.06096226145719317
 513 19718 1283 0.0610923289367173
 514 19698 1292 0.06155312053358742
 515 19692 1297 0.06179427319071895
 516 19675 1305 0.06220209723546234
 517 19662 1310 0.06246423803166126
 518 19643 1313 0.06265508684863523
 519 19633 1316 0.06281922764809776
 520 19624 1319 0.06298047080169986
 521 19623 1321 0.0630729564553094
 522 19602 1325 0.06331533425717972
 523 19597 1330 0.06355426004682946
 524 19581 1333 0.06373720952472028
 525 19570 1336 0.06390509901463695
 526 19558 1339 0.06407618318418912
 527 19542 1342 0.06425972036008427
 528 19516 1348 0.06460889570552147
 529 19498 1354 0.06493381929790908
 530 19485 1357 0.06510891469148834
 531 19465 1364 0.06548562100916991
 532 19454 1366 0.06560999039385207
 533 19444 1372 0.06591083781706379
 534 19425 1377 0.0661955581194116
 535 19403 1380 0.06640042342298995
 536 19384 1384 0.06664098613251156
 537 19373 1389 0.06690106926115018
 538 19367 1394 0.06714512788401329
 539 19356 1403 0.06758514379305361
 540 19336 1408 0.06787504820671038
 541 19323 1413 0.0681423611111111
 542 19306 1419 0.06846803377563329
 543 19300 1427 0.06884739711487432
 544 19285 1434 0.06921183454799942
 545 19279 1441 0.06954633204633205
 546 19262 1449 0.06996282168895755
 547 19246 1457 0.07037627396995605
 548 19240 1461 0.07057630066180377
 549 19234 1463 0.07068657293327535
 550 19216 1468 0.07097273254689615
 551 19208 1475 0.07131460619832714
 552 19191 1481 0.07164280185758513
 553 19180 1488 0.07199535513837817
 554 19164 1493 0.07227574187926611
 555 19148 1494 0.07237670768336402
 556 19139 1496 0.07249818269929731
 557 19131 1506 0.07297572321558365
 558 19109 1509 0.0731884760888544
 559 19098 1515 0.07349730752437782
 560 19085 1522 0.07385839763187267
 561 19084 1532 0.07431121459060923
 562 19069 1538 0.07463483282379774
 563 19063 1545 0.0749708850931677
 564 19053 1555 0.07545613354037267
 565 19049 1557 0.07556051635445987
 566 19036 1564 0.07592233009708738
 567 19038 1575 0.07640809198078882
 568 19029 1578 0.07657592080361042
 569 19031 1585 0.07688203337213814
 570 19017 1595 0.07738210751018824
 571 19015 1602 0.07770286656642576
 572 18999 1607 0.07798699407939436
 573 18993 1610 0.07814395961753143
 574 18986 1616 0.07843898650616445
 575 18984 1618 0.07853606445976119
 576 18978 1626 0.07891671520093185
 577 18980 1632 0.07917717834271298
 578 18959 1635 0.0793920559386229
 579 18956 1645 0.07985049269452939
 580 18950 1652 0.08018638967090573
 581 18943 1657 0.08043689320388349
 582 18927 1664 0.08081200524500995
 583 18914 1669 0.08108633338191712
 584 18894 1677 0.08152253171941082
 585 18890 1684 0.08185087975114222
 586 18886 1691 0.08217913204062789
 587 18889 1702 0.08265747171094168
 588 18871 1708 0.08299723018611206
 589 18871 1711 0.08313089106986687
 590 18852 1715 0.0833860067097778
 591 18845 1718 0.08354812041044594
 592 18831 1726 0.08396166755849589
 593 18824 1735 0.08439126416654506
 594 18814 1740 0.08465505497713341
 595 18806 1744 0.0848661800486618
 596 18800 1754 0.0853361876033862
 597 18796 1759 0.08557528581853564
 598 18777 1770 0.08614396262228062
 599 18770 1775 0.08639571671939644
 600 18750 1786 0.08696922477600312
 601 18744 1790 0.08717249439953248
 602 18728 1795 0.0874628465623934
 603 18717 1800 0.0877321245796169
 604 18707 1806 0.0880417296348657
 605 18702 1812 0.0883299210295408
 606 18694 1817 0.08858661206182049
 607 18680 1823 0.08891381749012339
 608 18662 1829 0.08925869894099848
 609 18659 1838 0.08967165926720984
 610 18651 1843 0.08992875963696692
 611 18653 1851 0.09027506827936012
 612 18626 1857 0.09066054777132256
 613 18616 1862 0.09092684832503174
 614 18607 1864 0.09105563968540863
 615 18597 1870 0.09136659012068207
 616 18591 1877 0.09170412350986906
 617 18586 1886 0.09212583040250098
 618 18572 1894 0.09254373106615851
 619 18565 1909 0.09324020709192146
 620 18554 1921 0.09382173382173382
 621 18544 1928 0.09417741305197343
 622 18535 1935 0.0945285784074255
 623 18531 1939 0.09472398632144602
 624 18527 1946 0.09505201973330728
 625 18522 1960 0.09569377990430622
 626 18513 1966 0.09600078128814883
 627 18518 1976 0.09641846394066556
 628 18502 1983 0.096802538442763
 629 18503 1993 0.09723848555815769
 630 18488 1998 0.0975300205018061
 631 18475 2004 0.09785634064163289
 632 18466 2011 0.09820774527518679
 633 18453 2020 0.09866653641381332
 634 18441 2031 0.09920867526377491
 635 18434 2033 0.09933062979430303
 636 18424 2035 0.09946722713720123
 637 18421 2041 0.09974587039390088
 638 18406 2044 0.09995110024449878
 639 18399 2047 0.10011738237308031
 640 18379 2061 0.10083170254403132
 641 18369 2070 0.10127697049757815
 642 18367 2079 0.10168248068081777
 643 18358 2093 0.10234218375629553
 644 18347 2100 0.10270455323519342
 645 18340 2105 0.10295915871851308
 646 18330 2116 0.1034921255991392
 647 18317 2127 0.1040403052240266
 648 18304 2136 0.10450097847358121
 649 18295 2141 0.1047660990409082
 650 18291 2150 0.10518076415048187
 651 18281 2157 0.10553870241706625
 652 18275 2165 0.10591976516634051
 653 18266 2174 0.1063600782778865
 654 18255 2183 0.10681084254819453
 655 18253 2195 0.10734546165884194
 656 18241 2206 0.1078886878270651
 657 18228 2212 0.10821917808219178
 658 18219 2223 0.10874669797475785
 659 18209 2231 0.10914872798434443
 660 18202 2238 0.10949119373776908
 661 18201 2250 0.1100190699721285
 662 18186 2259 0.11049156272927366
 663 18185 2264 0.11071446036481002
 664 18177 2272 0.11110567753924397
 665 18165 2287 0.11182280461568551
 666 18151 2296 0.11229031153714482
 667 18141 2308 0.11286615482419678
 668 18124 2318 0.11339399276000392
 669 18119 2327 0.11381199256578303
 670 18101 2337 0.11434582640180056
 671 18089 2347 0.114846349579174
 672 18076 2355 0.11526601732661153
 673 18072 2364 0.11567821491485614
 674 18063 2375 0.11620510813191115
 675 18061 2385 0.11664873324855718
 676 18043 2395 0.1171836774635483
 677 18028 2406 0.1177449349124009
 678 18018 2414 0.11814800313234143
 679 18009 2422 0.11854534775586119
 680 17997 2433 0.11908957415565345
 681 17988 2441 0.1194870037691517
 682 17981 2451 0.11995888801879405
 683 17972 2459 0.12035632127649161
 684 17956 2473 0.12105340447403201
 685 17950 2489 0.12177699496061452
 686 17946 2501 0.12231623221010417
 687 17933 2513 0.122909126479507
 688 17927 2520 0.1232454638822321
 689 17919 2532 0.1238081267419686
 690 17900 2542 0.12435182467468936
 691 17892 2549 0.12470035712538526
 692 17877 2562 0.12534859826801703
 693 17866 2574 0.12592954990215263
 694 17859 2584 0.12640023479919776
 695 17856 2589 0.12663242846661776
 696 17849 2599 0.1271028951486698
 697 17830 2605 0.12747736726205042
 698 17817 2610 0.12777206638272876
 699 17812 2621 0.12827289189056917
 700 17805 2627 0.12857282693813626
 701 17804 2634 0.1288775809766122
 702 17792 2642 0.12929431339923655
 703 17789 2656 0.12990951332844217
 704 17788 2660 0.13008607198748043
 705 17789 2671 0.13054740957966765
 706 17777 2680 0.13100650144204917
 707 17770 2689 0.13143359890512732
 708 17766 2697 0.13179885647265796
 709 17764 2705 0.13215105769700522
 710 17748 2711 0.13250892027958355
 711 17738 2715 0.13274336283185842
 712 17730 2722 0.1330921181302562
 713 17720 2729 0.13345395862878381
 714 17715 2735 0.13374083129584352
 715 17701 2743 0.13417139503032674
 716 17694 2758 0.13485233717973794
 717 17692 2764 0.13511928040672663
 718 17682 2769 0.13539680211236615
 719 17678 2783 0.13601485753384487
 720 17671 2793 0.13648358092259577
 721 17660 2805 0.13706327876862937
 722 17642 2817 0.13769001417469084
 723 17628 2828 0.1382479468126711
 724 17633 2838 0.138635142396561
 725 17634 2846 0.13896484375
 726 17629 2865 0.1397970137601249
 727 17618 2874 0.14024985360140543
 728 17605 2883 0.14071651698555251
 729 17594 2892 0.14116957922483647
 730 17591 2906 0.14177684539200858
 731 17588 2916 0.14221615294576667
 732 17577 2932 0.1429616266029548
 733 17575 2942 0.14339328361846274
 734 17579 2949 0.14365744349181606
 735 17572 2959 0.14412352052993035
 736 17561 2970 0.1446592956991866
 737 17564 2983 0.14517934491653284
 738 17559 2995 0.14571372968765203
 739 17548 3007 0.14629044028216978
 740 17536 3014 0.14666666666666667
 741 17545 3026 0.14710028681153078
 742 17531 3037 0.14765655387008947
 743 17525 3051 0.14827954898911352
 744 17521 3063 0.14880489700738436
 745 17517 3067 0.14899922269724059
 746 17500 3077 0.1495358895854595
 747 17499 3092 0.150162692438444
 748 17482 3099 0.15057577377192558
 749 17471 3112 0.1511927318661031
 750 17462 3122 0.15167120093276332
 751 17463 3134 0.15215808127397193
 752 17454 3145 0.15267731443273946
 753 17442 3153 0.1530954115076475
 754 17434 3170 0.15385362065618327
 755 17431 3190 0.1546966684447893
 756 17418 3197 0.1550812515158865
 757 17417 3206 0.1554574989089851
 758 17406 3224 0.15627726611730489
 759 17398 3233 0.15670592797246863
 760 17385 3251 0.15754022097305678
 761 17381 3263 0.1580604534005038
 762 17376 3268 0.158302654524317
 763 17367 3285 0.15906449738524114
 764 17352 3299 0.15975013316546413
 765 17347 3307 0.16011426358090441
 766 17334 3319 0.16070304556238804
 767 17325 3330 0.16122004357298475
 768 17311 3340 0.16173550917631108
 769 17308 3345 0.16196194257492857
 770 17301 3355 0.16242254066615028
 771 17299 3367 0.16292461047130552
 772 17282 3379 0.16354484294080635
 773 17275 3382 0.16372174081425184
 774 17259 3394 0.16433447925240885
 775 17248 3411 0.16510963744614937
 776 17225 3422 0.16573836392696276
 777 17210 3443 0.16670701592988912
 778 17194 3455 0.16732045135357645
 779 17180 3460 0.16763565891472867
 780 17168 3472 0.1682170542635659
 781 17165 3486 0.16880538472713186
 782 17155 3497 0.16932984698818515
 783 17150 3507 0.16977295831921382
 784 17140 3517 0.17025705571961078
 785 17136 3526 0.17065143742135322
 786 17127 3537 0.1711672473867596
 787 17124 3546 0.17155297532656022
 788 17110 3553 0.17194986207230314
 789 17092 3566 0.17262077645464227
 790 17084 3580 0.1732481610530391
 791 17073 3595 0.17394039094251984
 792 17040 3602 0.17449859509737428
 793 17031 3616 0.17513440209231365
 794 17015 3630 0.17582949866795836
 795 17008 3646 0.17652754914302315
 796 16993 3660 0.17721396407301604
 797 16990 3666 0.17747869868319133
 798 16972 3682 0.17827055291953134
 799 16960 3694 0.1788515541783674
 800 16952 3704 0.17931835786212239
 801 16940 3718 0.1799787007454739
 802 16931 3728 0.18045403940171353
 803 16918 3734 0.18080573310091033
 804 16909 3748 0.18143970566878057
 805 16897 3758 0.18194141854272572
 806 16889 3770 0.18248705164819207
 807 16886 3783 0.18302772267647202
 808 16875 3800 0.1837968561064087
 809 16867 3808 0.18418379685610642
 810 16854 3818 0.18469427244582043
 811 16852 3831 0.18522458057341779
 812 16835 3848 0.18604651162790697
 813 16828 3862 0.18666022232962784
 814 16825 3869 0.1869624045617087
 815 16817 3885 0.1876630277267897
 816 16816 3899 0.18822109582428193
 817 16806 3913 0.18886046623871808
 818 16799 3924 0.18935482314336727
 819 16800 3939 0.18993201215101982
 820 16787 3948 0.19040270074752833
 821 16774 3961 0.19102965999517724
 822 16764 3973 0.19158991175194098
 823 16751 3991 0.19241153215697618
 824 16739 4003 0.1929900684601292
 825 16722 4018 0.19373191899710704
 826 16700 4032 0.19448196025467876
 827 16692 4043 0.19498432601880877
 828 16677 4057 0.19566894955146136
 829 16669 4070 0.19624861372293745
 830 16650 4083 0.19693242656634352
 831 16640 4094 0.19745345808816436
 832 16625 4103 0.1979448089540718
 833 16626 4116 0.19843795198148684
 834 16613 4124 0.19887158219607465
 835 16594 4141 0.19971063419339283
 836 16586 4156 0.20036640632533026
 837 16572 4171 0.20107988236995614
 838 16556 4186 0.2018127470832128
 839 16540 4204 0.20266101041264944
 840 16524 4212 0.203125
 841 16516 4222 0.203587616935095
 842 16510 4231 0.20399209295598092
 843 16501 4245 0.204617757640027
 844 16490 4262 0.20537779491133384
 845 16478 4282 0.20626204238921003
 846 16457 4294 0.20692978651631247
 847 16447 4305 0.20744988434849654
 848 16435 4320 0.20814261623705133
 849 16423 4333 0.2087589130853729
 850 16411 4350 0.20952747940850633
 851 16404 4365 0.21016900187779863
 852 16389 4379 0.21085323574730355
 853 16381 4396 0.21158011262453674
 854 16359 4409 0.2122977657935285
 855 16355 4421 0.21279360800924144
 856 16342 4435 0.21345718823699283
 857 16331 4446 0.21398661981999326
 858 16309 4469 0.21508326114159207
 859 16301 4484 0.21573249939860475
 860 16292 4504 0.21658011155991536
 861 16293 4524 0.21732238074650526
 862 16281 4537 0.21793640119127677
 863 16263 4549 0.21857582164136075
 864 16239 4558 0.21916622589796605
 865 16226 4576 0.21997884818767427
 866 16219 4587 0.220465250408536
 867 16207 4607 0.22134140482367637
 868 16190 4622 0.2220834134153373
 869 16186 4637 0.22268645248043029
 870 16175 4646 0.22314009893857165
 871 16169 4654 0.22350285741727896
 872 16147 4669 0.22429861644888546
 873 16135 4683 0.22494956287827841
 874 16126 4698 0.2256050710718402
 875 16114 4708 0.2261070022092018
 876 16092 4720 0.22679223524889486
 877 16079 4731 0.2273426237385872
 878 16065 4744 0.22797827862943917
 879 16057 4761 0.22869632049188202
 880 16044 4774 0.2293207800941493
 881 16033 4787 0.22992315081652256
 882 16020 4798 0.23047362859064272
 883 16009 4817 0.2312974166906751
 884 15994 4832 0.2320176702199174
 885 15994 4843 0.23242309353553775
 886 15986 4860 0.23313825194281876
 887 15978 4876 0.23381605447396184
 888 15975 4886 0.23421695987728297
 889 15967 4904 0.23496717933975372
 890 15955 4920 0.235688622754491
 891 15943 4930 0.2361902936808317
 892 15925 4942 0.23683327742368332
 893 15915 4962 0.23767782727403364
 894 15898 4979 0.23849212051539972
 895 15888 4996 0.23922620187703506
 896 15868 5011 0.24000191580056515
 897 15843 5032 0.24105389221556886
 898 15832 5045 0.2416534942759975
 899 15812 5060 0.24243004982752012
 900 15790 5069 0.24301260846636943
 901 15774 5085 0.2437796634546239
 902 15758 5100 0.24451049956851087
 903 15748 5120 0.24535173471343685
 904 15732 5137 0.24615458335329915
 905 15716 5152 0.24688518305539583
 906 15705 5170 0.24766467065868264
 907 15695 5184 0.2482877532448872
 908 15683 5193 0.24875455068020694
 909 15686 5207 0.2492222275403245
 910 15673 5221 0.24988034842538528
 911 15661 5241 0.2507415558319778
 912 15641 5258 0.25159098521460355
 913 15618 5275 0.2524769061408127
 914 15601 5292 0.2532905757909348
 915 15589 5304 0.25386493083807976
 916 15570 5319 0.25463162429987074
 917 15553 5335 0.25540980467253926
 918 15533 5348 0.2561180020113979
 919 15519 5361 0.2567528735632184
 920 15515 5366 0.25698002969206457
 921 15492 5391 0.25815256428674044
 922 15480 5405 0.25879818051232945
 923 15460 5420 0.2595785440613027
 924 15448 5432 0.26015325670498085
 925 15424 5440 0.2607361963190184
 926 15406 5456 0.2615281372830985
 927 15387 5477 0.2625095858895706
 928 15365 5501 0.2636346209144062
 929 15343 5519 0.2645479819767999
 930 15325 5529 0.2651289920398964
 931 15304 5543 0.26588957643785677
 932 15299 5557 0.26644610663598006
 933 15288 5572 0.26711409395973157
 934 15273 5585 0.26776296864512417
 935 15258 5604 0.26862237561115904
 936 15246 5617 0.26923261275943056
 937 15227 5632 0.2700033558655736
 938 15211 5651 0.27087527562074587
 939 15200 5667 0.27157713135572914
 940 15188 5683 0.27229169661252456
 941 15163 5704 0.2733502659701922
 942 15151 5717 0.27396013034310907
 943 15135 5730 0.27462257368799425
 944 15122 5748 0.27541926209870626
 945 15109 5759 0.2759727812919302
 946 15102 5778 0.2767241379310345
 947 15092 5790 0.27727229192606073
 948 15076 5804 0.27796934865900386
 949 15062 5824 0.2788470745954228
 950 15054 5835 0.27933362056584804
 951 15040 5847 0.27993488772920955
 952 15029 5866 0.2807370184254606
 953 15007 5883 0.2816179990426041
 954 14988 5908 0.28273353751914243
 955 14970 5919 0.2833548757719374
 956 14951 5936 0.28419591133240774
 957 14930 5949 0.2849274390535945
 958 14921 5962 0.28549537901642486
 959 14909 5979 0.2862409038682497
 960 14893 5993 0.2869386191707364
 961 14878 6018 0.28799770290964777
 962 14854 6029 0.28870373030694824
 963 14831 6044 0.28953293413173653
 964 14811 6066 0.2905589883603966
 965 14790 6085 0.29149700598802397
 966 14767 6104 0.2924632264865124
 967 14750 6123 0.2933454702246922
 968 14729 6139 0.2941824803526931
 969 14722 6155 0.2948220529769603
 970 14693 6172 0.2958063743110472
 971 14677 6192 0.2967080358426374
 972 14663 6211 0.29754718788924023
 973 14649 6223 0.2981506324262169
 974 14634 6243 0.2990372179910907
 975 14627 6259 0.2996744230585081
 976 14609 6285 0.3008040585814109
 977 14594 6305 0.30168907603234607
 978 14586 6323 0.3024056626333158
 979 14563 6335 0.30313905636903055
 980 14535 6354 0.3041792330891857
 981 14510 6363 0.30484357782781585
 982 14488 6383 0.30583105744813377
 983 14473 6405 0.30678225883705335
 984 14456 6422 0.30759651307596514
 985 14442 6439 0.30836645754513675
 986 14412 6451 0.30920768825192924
 987 14389 6466 0.3100455526252697
 988 14376 6484 0.3108341323106424
 989 14359 6501 0.3116490891658677
 990 14339 6522 0.3126408130003355
 991 14315 6532 0.31333045522137476
 992 14301 6549 0.31410071942446044
 993 14289 6569 0.31493911209128395
 994 14257 6592 0.316178233968056
 995 14227 6613 0.3173224568138196
 996 14206 6629 0.31816654667626587
 997 14191 6641 0.3187884024577573
 998 14175 6661 0.3196870800537531
 999 14153 6680 0.32064513032208514
 1000 14138 6699 0.321495416806642
 1001 14132 6714 0.3220761776839681
 1002 14109 6733 0.32304961136167354
 1003 14093 6752 0.323914607819621
 1004 14072 6771 0.32485726622847
 1005 14058 6789 0.3256583681105195
 1006 14035 6808 0.32663244254665835
 1007 14009 6832 0.32781536394606786
 1008 13986 6846 0.3286290322580645
 1009 13968 6864 0.3294930875576037
 1010 13945 6879 0.3303399923165578
 1011 13914 6894 0.3313148788927336
 1012 13901 6910 0.3320359425303926
 1013 13882 6923 0.33275654890651285
 1014 13866 6936 0.333429477934814
 1015 13844 6956 0.33442307692307693
 1016 13822 6975 0.33538491128528153
 1017 13802 6998 0.3364423076923077
 1018 13779 7010 0.33719755640001925
 1019 13768 7026 0.3378859286332596
 1020 13750 7046 0.33881515676091556
 1021 13731 7064 0.3396970425583073
 1022 13717 7089 0.34071902335864657
 1023 13696 7100 0.3414118099634545
 1024 13685 7124 0.34235186698063336
 1025 13668 7145 0.3432950559746312
 1026 13654 7163 0.3440937695153
 1027 13621 7187 0.34539600153787003
 1028 13609 7206 0.3461926495315878
 1029 13585 7219 0.3470005768121515
 1030 13563 7238 0.34796404019037547
 1031 13544 7264 0.3490965013456363
 1032 13522 7279 0.34993509927407335
 1033 13501 7287 0.35053877236867426
 1034 13485 7311 0.35155799192152337
 1035 13477 7329 0.3522541574545804
 1036 13457 7346 0.35312214584434937
 1037 13449 7365 0.3538483712885558
 1038 13430 7385 0.35479221715109294
 1039 13414 7396 0.3554060547813551
 1040 13389 7417 0.3564837066230895
 1041 13377 7441 0.3574310692669805
 1042 13348 7458 0.35845429203114487
 1043 13325 7483 0.3596212995001922
 1044 13313 7499 0.36032096867192004
 1045 13289 7515 0.3612286098827149
 1046 13261 7534 0.36229862947824
 1047 13237 7549 0.3631771384585779
 1048 13225 7571 0.3640603962300442
 1049 13202 7594 0.36516637814964414
 1050 13184 7618 0.3662147870397077
 1051 13161 7634 0.3671074777590767
 1052 13138 7652 0.36806156806156803
 1053 13126 7676 0.3690029804826459
 1054 13110 7694 0.3698327244760623
 1055 13082 7718 0.3710576923076923
 1056 13066 7731 0.37173630812136366
 1057 13046 7751 0.37269798528633935
 1058 13031 7774 0.37366017784186495
 1059 13010 7793 0.3746094313320194
 1060 12987 7815 0.37568503028554945
 1061 12957 7838 0.37691752825198366
 1062 12935 7859 0.37794556121958256
 1063 12915 7881 0.3789671090594345
 1064 12897 7900 0.37986248016540847
 1065 12879 7913 0.3805790688726433
 1066 12856 7923 0.38129842629577937
 1067 12829 7939 0.38227080123266566
 1068 12808 7960 0.3832819722650231
 1069 12794 7977 0.38404506282798134
 1070 12774 7999 0.3850671544793723
 1071 12755 8015 0.3858931150698122
 1072 12736 8031 0.38671931429672074
 1073 12703 8052 0.387954709708504
 1074 12685 8070 0.3888219706094917
 1075 12676 8090 0.3895791197149186
 1076 12647 8119 0.3909756332466532
 1077 12627 8144 0.39208511867507584
 1078 12610 8164 0.392991239048811
 1079 12594 8178 0.39370306181398035
 1080 12569 8196 0.3947026246087166
 1081 12553 8222 0.3957641395908544
 1082 12534 8237 0.39656251504501466
 1083 12521 8270 0.3977682651147131
 1084 12493 8286 0.3987679869098609
 1085 12475 8300 0.39951865222623345
 1086 12458 8314 0.40025033699210477
 1087 12436 8326 0.4010210962335035
 1088 12418 8345 0.4019168713577036
 1089 12398 8366 0.40290888075515313
 1090 12378 8387 0.4039007946063087
 1091 12352 8404 0.4048949701291193
 1092 12329 8425 0.4059458417654428
 1093 12311 8438 0.4066702009735409
 1094 12297 8455 0.4074306090979183
 1095 12289 8478 0.4082438484133481
 1096 12265 8490 0.409058058299205
 1097 12229 8515 0.41048013883532586
 1098 12204 8538 0.41162857969337574
 1099 12189 8559 0.4125216888374783
 1100 12177 8580 0.4133545310015898
 1101 12161 8600 0.4142382351524493
 1102 12141 8619 0.4151734104046243
 1103 12118 8630 0.4159437054173896
 1104 12091 8651 0.4170764632147334
 1105 12072 8668 0.4179363548698168
 1106 12056 8695 0.41901595103850414
 1107 12028 8719 0.42025353063093457
 1108 12016 8737 0.420999373584542
 1109 11996 8757 0.4219630896737821
 1110 11976 8779 0.4229824138761744
 1111 11959 8802 0.4239680169548673
 1112 11931 8832 0.4253720560612628
 1113 11914 8851 0.4262460871659042
 1114 11894 8869 0.4271540721475702
 1115 11877 8887 0.42800038528221923
 1116 11849 8908 0.42915642915642915
 1117 11828 8927 0.43011322572874006
 1118 11816 8955 0.4311299407828222
 1119 11791 8975 0.43219686025233556
 1120 11775 8994 0.4330492561028456
 1121 11755 9011 0.43393046325724743
 1122 11736 9026 0.4347365379057894
 1123 11712 9053 0.4359739947026246
 1124 11684 9073 0.4371055547526136
 1125 11655 9099 0.4384215091066782
 1126 11636 9123 0.4394720362252517
 1127 11601 9137 0.4405921496769216
 1128 11579 9159 0.44165300414697656
 1129 11561 9183 0.442682221365214
 1130 11526 9205 0.44402103130577397
 1131 11514 9230 0.444947936752796
 1132 11500 9250 0.4457831325301205
 1133 11483 9277 0.446868978805395
 1134 11458 9297 0.4479402553601542
 1135 11438 9319 0.4489569783687431
 1136 11414 9343 0.45011321481909716
 1137 11395 9361 0.45100211986895355
 1138 11370 9386 0.45220659086529197
 1139 11352 9409 0.4532055295987669
 1140 11329 9428 0.4542082189141013
 1141 11308 9450 0.455246170151267
 1142 11288 9481 0.45649766478886805
 1143 11259 9498 0.45758057522763407
 1144 11243 9517 0.4584296724470135
 1145 11220 9529 0.45925104824328883
 1146 11205 9557 0.460312108660052
 1147 11176 9578 0.4615013973209984
 1148 11150 9605 0.46278005299927727
 1149 11133 9622 0.46359913273909903
 1150 11112 9634 0.46437867540730743
 1151 11094 9656 0.4653493975903614
 1152 11066 9678 0.46654454300038567
 1153 11049 9703 0.4675693909020817
 1154 11028 9719 0.4684532703523401
 1155 11008 9737 0.4693661123162208
 1156 10994 9764 0.47037286829174296
 1157 10978 9790 0.4713983050847458
 1158 10967 9819 0.4723852593091504
 1159 10955 9834 0.47303862619654624
 1160 10937 9850 0.47385385096454513
 1161 10924 9873 0.474731932490263
 1162 10906 9892 0.47562265602461773
 1163 10890 9910 0.47644230769230766
 1164 10864 9926 0.47744107744107744
 1165 10840 9946 0.4784951409602617
 1166 10821 9968 0.47948434268122564
 1167 10801 9983 0.4803214010777521
 1168 10779 10000 0.4812551133355792
 1169 10761 10017 0.4820964481663298
 1170 10737 10046 0.48337583601982387
 1171 10718 10069 0.4843892817626401
 1172 10688 10088 0.4855602618405853
 1173 10671 10114 0.4866009141207602
 1174 10647 10137 0.4877309468822171
 1175 10629 10162 0.48876917897167044
 1176 10607 10174 0.4895818295558443
 1177 10583 10202 0.4908347365888862
 1178 10561 10227 0.491966519145661
 1179 10534 10262 0.49346028082323523
 1180 10513 10287 0.49456730769230767
 1181 10488 10298 0.4954296160877514
 1182 10462 10317 0.496510900428317
 1183 10442 10336 0.4974492251419771
 1184 10421 10359 0.49850818094321464
 1185 10405 10385 0.49951899951899953
 1186 10386 10405 0.5004569284786686
 1187 10364 10429 0.5015630260183715
 1188 10341 10454 0.5027169992786727
 1189 10320 10475 0.5037268574176484
 1190 10295 10508 0.5051194539249146
 1191 10277 10542 0.5063643786925405
 1192 10255 10561 0.5073501152959262
 1193 10234 10580 0.5083117132699145
 1194 10213 10595 0.5091791618608228
 1195 10185 10619 0.5104306864064603
 1196 10166 10640 0.5113909449197347
 1197 10139 10661 0.5125480769230769
 1198 10125 10677 0.5132679550043265
 1199 10097 10691 0.5142870887050222
 1200 10072 10718 0.5155363155363155
 1201 10037 10742 0.5169642427450791
 1202 10023 10765 0.5178468347123341
 1203 10004 10795 0.5190153372758306
 1204 9987 10809 0.5197634160415464
 1205 9963 10825 0.5207331152588032
 1206 9941 10847 0.5217914181258418
 1207 9924 10852 0.5223334616865614
 1208 9904 10876 0.5233878729547642
 1209 9876 10895 0.5245293919406865
 1210 9859 10908 0.5252564164299128
 1211 9831 10930 0.5264678965367757
 1212 9804 10953 0.5276774100303512
 1213 9776 10972 0.5288220551378446
 1214 9749 10992 0.5299648040113785
 1215 9720 11016 0.53125
 1216 9698 11029 0.5321078786124379
 1217 9677 11049 0.533098523593554
 1218 9654 11081 0.5344104171690378
 1219 9646 11101 0.5350653106473225
 1220 9618 11128 0.5363925576014653
 1221 9599 11154 0.5374644629692092
 1222 9569 11180 0.5388211480071329
 1223 9556 11191 0.539403287222249
 1224 9528 11210 0.5405535731507378
 1225 9513 11233 0.5414537742215367
 1226 9487 11258 0.5426849843335744
 1227 9468 11273 0.5435128489465311
 1228 9445 11299 0.5446876205167759
 1229 9419 11324 0.5459191052403221
 1230 9388 11355 0.5474135853058864
 1231 9368 11372 0.5483124397299903
 1232 9350 11394 0.5492672580023139
 1233 9328 11409 0.5501760138882191
 1234 9312 11432 0.5510991129965291
 1235 9291 11452 0.5520898616400713
 1236 9264 11470 0.55319764637793
 1237 9240 11476 0.5539679474802085
 1238 9215 11503 0.5552176851047398
 1239 9194 11529 0.5563383679969116
 1240 9171 11550 0.557405530621109
 1241 9141 11564 0.5585124366095147
 1242 9119 11591 0.5596813133751811
 1243 9095 11615 0.560840173829068
 1244 9076 11639 0.5618633840212407
 1245 9048 11661 0.5630885122410546
 1246 9022 11679 0.5641756436887106
 1247 8997 11697 0.5652363003769209
 1248 8974 11715 0.5662429310261492
 1249 8957 11732 0.5670646237130842
 1250 8938 11757 0.5681082387050012
 1251 8917 11774 0.569039679087526
 1252 8888 11794 0.5702543274344841
 1253 8867 11822 0.5714147614674465
 1254 8841 11843 0.5725681686327596
 1255 8820 11873 0.5737689073599768
 1256 8802 11896 0.5747415209198956
 1257 8779 11932 0.5761189705953358
 1258 8760 11963 0.5772812816677122
 1259 8733 11978 0.5783400125537154
 1260 8713 11998 0.5793056829704022
 1261 8693 12016 0.5802308175189531
 1262 8670 12042 0.5814020857473928
 1263 8646 12075 0.5827421456493412
 1264 8619 12091 0.5838242394978271
 1265 8598 12112 0.5848382423949783
 1266 8572 12129 0.5859137239746872
 1267 8553 12152 0.5869113740642357
 1268 8532 12166 0.5877862595419847
 1269 8516 12179 0.5884996375936217
 1270 8500 12199 0.5893521426155853
 1271 8476 12232 0.5906895885648059
 1272 8454 12255 0.5917716934666087
 1273 8425 12283 0.593152404867684
 1274 8395 12298 0.5943072536606582
 1275 8370 12335 0.5957498188843274
 1276 8349 12363 0.5969003476245655
 1277 8318 12390 0.5983194900521538
 1278 8301 12407 0.5991404288197798
 1279 8286 12419 0.5998068099492876
 1280 8260 12444 0.6010432766615147
 1281 8246 12479 0.6021230398069963
 1282 8229 12492 0.6028666570146228
 1283 8197 12508 0.6041052885776382
 1284 8174 12535 0.6052923849534019
 1285 8149 12563 0.6065565855542681
 1286 8131 12581 0.6074256469679413
 1287 8107 12595 0.6083953241232731
 1288 8082 12628 0.609753742153549
 1289 8063 12647 0.6106711733462096
 1290 8042 12676 0.6118351192200019
 1291 8020 12701 0.6129530428068144
 1292 7996 12720 0.6140181502220506
 1293 7976 12736 0.6149092313634608
 1294 7959 12766 0.6159710494571773
 1295 7943 12797 0.6170202507232401
 1296 7923 12820 0.6180398206623922
 1297 7907 12844 0.6189581225001205
 1298 7890 12859 0.6197407103956817
 1299 7872 12879 0.6206447882029782
 1300 7849 12898 0.6216802429266882
 1301 7830 12921 0.6226687870464074
 1302 7805 12943 0.6238191632928475
 1303 7780 12960 0.6248794599807136
 1304 7756 12983 0.6260186122763874
 1305 7730 13006 0.6272183641975309
 1306 7709 13035 0.6283744697261859
 1307 7683 13053 0.6294849537037037
 1308 7653 13077 0.6308248914616498
 1309 7633 13097 0.6317896767969127
 1310 7614 13115 0.6326885040281731
 1311 7601 13137 0.6334747805960074
 1312 7576 13162 0.6346802970392517
 1313 7547 13188 0.6360260429225947
 1314 7521 13215 0.6372974537037037
 1315 7502 13243 0.6383706917329477
 1316 7482 13267 0.6394043086413803
 1317 7464 13289 0.640341155495591
 1318 7430 13313 0.6418068746083015
 1319 7407 13336 0.6429156823988815
 1320 7381 13354 0.6440318302387268
 1321 7362 13376 0.6449995177934227
 1322 7338 13402 0.6461909353905496
 1323 7321 13421 0.6470446437180599
 1324 7303 13443 0.6479803335582763
 1325 7283 13461 0.6489105283455457
 1326 7251 13489 0.6503857280617165
 1327 7230 13516 0.651499084160802
 1328 7206 13539 0.6526391901663051
 1329 7183 13563 0.6537645811240721
 1330 7160 13589 0.6549231288254855
 1331 7134 13608 0.6560601677755279
 1332 7101 13631 0.657486011962184
 1333 7078 13649 0.6585130506103151
 1334 7061 13665 0.6593168001543954
 1335 7038 13694 0.6605247925911634
 1336 7015 13712 0.6615525642881266
 1337 6994 13723 0.662402857556596
 1338 6968 13745 0.6635929126635446
 1339 6942 13768 0.6647996137131821
 1340 6916 13791 0.6660066644130004
 1341 6895 13811 0.6670047329276538
 1342 6869 13832 0.6681802811458384
 1343 6841 13840 0.6692132875586287
 1344 6825 13862 0.6700826606081114
 1345 6794 13885 0.6714541322114222
 1346 6779 13908 0.6723062793058443
 1347 6758 13926 0.6732740282343841
 1348 6734 13944 0.6743398781313473
 1349 6711 13967 0.675452171389883
 1350 6693 13987 0.6763539651837525
 1351 6672 14005 0.6773226290080766
 1352 6646 14027 0.6785178735548784
 1353 6625 14037 0.679363081986255
 1354 6601 14061 0.6805246345949085
 1355 6571 14087 0.6819149966114822
 1356 6544 14107 0.6831146191467725
 1357 6521 14127 0.6841824874079814
 1358 6499 14157 0.6853698683191325
 1359 6471 14177 0.6866040294459512
 1360 6456 14198 0.6874213227461993
 1361 6433 14222 0.6885499878963931
 1362 6404 14241 0.6898038265923953
 1363 6385 14271 0.6908888458559257
 1364 6363 14297 0.6920135527589545
 1365 6338 14321 0.693208770995692
 1366 6314 14339 0.6942817024161139
 1367 6302 14358 0.6949661181026138
 1368 6282 14379 0.695948889211558
 1369 6251 14408 0.6974200106491117
 1370 6230 14427 0.698407319552694
 1371 6202 14448 0.6996610169491525
 1372 6188 14478 0.7005709861608439
 1373 6165 14496 0.7016117322491651
 1374 6143 14516 0.7026477564257708
 1375 6115 14542 0.703974439657259
 1376 6092 14559 0.7050021790712314
 1377 6072 14583 0.7060275962236746
 1378 6054 14600 0.7068848649172074
 1379 6035 14623 0.7078613612159939
 1380 6018 14637 0.7086419753086419
 1381 6001 14663 0.7095915602013163
 1382 5977 14681 0.7106689902217059
 1383 5952 14706 0.7118791751379611
 1384 5928 14723 0.7129436831146192
 1385 5912 14747 0.7138293237814027
 1386 5895 14772 0.7147626651183046
 1387 5878 14794 0.7156540247678018
 1388 5856 14809 0.7166223082506654
 1389 5833 14839 0.7178308823529411
 1390 5811 14852 0.7187726854764555
 1391 5789 14870 0.7197831453603756
 1392 5763 14895 0.7210281731048505
 1393 5736 14920 0.7223082881487219
 1394 5709 14939 0.7235083301046106
 1395 5690 14967 0.7245485791741298
 1396 5678 14990 0.7252757886587962
 1397 5660 15008 0.7261467002128895
 1398 5632 15029 0.7274091283093751
 1399 5614 15047 0.7282803349305454
 1400 5595 15066 0.7291999419195586
 1401 5568 15081 0.7303501380212116
 1402 5544 15111 0.7315904139433551
 1403 5525 15127 0.7324714313383691
 1404 5503 15142 0.7334463550496488
 1405 5486 15167 0.7343727303539438
 1406 5457 15189 0.7356873002034292
 1407 5444 15224 0.7365976388620089
 1408 5416 15248 0.737901664730933
 1409 5392 15271 0.7390504766974786
 1410 5367 15293 0.7402226524685382
 1411 5350 15316 0.7411206813123004
 1412 5335 15329 0.7418215253581107
 1413 5307 15353 0.7431268151016457
 1414 5289 15366 0.7439360929557008
 1415 5268 15386 0.7449404473709693
 1416 5254 15406 0.7456921587608906
 1417 5233 15434 0.7467944065418299
 1418 5207 15456 0.748003678071916
 1419 5188 15474 0.7489110444293873
 1420 5168 15500 0.7499516160247726
 1421 5151 15524 0.7508585247883918
 1422 5134 15553 0.7518248175182481
 1423 5117 15561 0.7525389302640487
 1424 5104 15580 0.7532392187197834
 1425 5084 15594 0.7541348292871651
 1426 5065 15614 0.755065525412254
 1427 5041 15633 0.7561671664893103
 1428 5025 15655 0.7570116054158608
 1429 5004 15679 0.7580621766668278
 1430 4987 15702 0.7589540335443956
 1431 4966 15728 0.7600270609838601
 1432 4949 15744 0.7608369980186537
 1433 4933 15757 0.7615756404059932
 1434 4909 15784 0.7627700188469531
 1435 4897 15802 0.7634185226339437
 1436 4886 15831 0.7641550417531496
 1437 4868 15847 0.765001206854936
 1438 4858 15879 0.7657327482278053
 1439 4841 15900 0.766597560387638
 1440 4817 15917 0.76767628050545
 1441 4798 15938 0.7686149691358025
 1442 4785 15966 0.7694087031950267
 1443 4768 15980 0.7701947175631386
 1444 4756 16001 0.7708724767548297
 1445 4738 16013 0.7716736542817214
 1446 4725 16030 0.7723440134907251
 1447 4706 16056 0.7733359021288894
 1448 4692 16079 0.7741081315295364
 1449 4673 16098 0.7750228684223196
 1450 4655 16115 0.7758786711603274
 1451 4634 16129 0.7768145258392333
 1452 4614 16155 0.7778419760219558
 1453 4594 16174 0.7787942989214176
 1454 4572 16192 0.7798112117125795
 1455 4552 16211 0.7807638587872658
 1456 4538 16221 0.7813960210029385
 1457 4513 16237 0.7825060240963856
 1458 4504 16263 0.7831174459478981
 1459 4483 16283 0.7841182702494462
 1460 4466 16299 0.7849265591138935
 1461 4446 16318 0.7858794066653824
 1462 4433 16343 0.7866288024643819
 1463 4409 16370 0.7878146205303431
 1464 4400 16390 0.7883597883597884
 1465 4381 16410 0.7892838247318551
 1466 4359 16418 0.7902007027001011
 1467 4340 16439 0.7911352808123586
 1468 4320 16454 0.7920477519976894
 1469 4300 16476 0.7930304197150558
 1470 4273 16494 0.7942408629074975
 1471 4258 16509 0.7949631627100688
 1472 4232 16528 0.7961464354527938
 1473 4214 16548 0.7970330411328388
 1474 4194 16578 0.7980935875216638
 1475 4179 16597 0.7988544474393531
 1476 4159 16610 0.7997496268477057
 1477 4144 16636 0.800577478344562
 1478 4130 16652 0.80127033009335
 1479 4113 16670 0.8020978684501756
 1480 4097 16693 0.802934102934103
 1481 4080 16719 0.8038367229193711
 1482 4055 16735 0.804954304954305
 1483 4034 16746 0.8058710298363811
 1484 4015 16774 0.8068690172687479
 1485 3992 16796 0.8079661343082548
 1486 3973 16805 0.8087881413033016
 1487 3959 16818 0.8094527602637532
 1488 3944 16833 0.8101747124223901
 1489 3932 16848 0.8107795957651588
 1490 3917 16862 0.8114923721064536
 1491 3898 16872 0.8123254694270583
 1492 3882 16892 0.8131317993645903
 1493 3865 16914 0.8139948986957987
 1494 3848 16941 0.8149021116936842
 1495 3832 16946 0.8155741649821927
 1496 3810 16962 0.816580011554015
 1497 3794 16983 0.8173942340087597
 1498 3773 17006 0.818422445738486
 1499 3756 17023 0.8192405794311565
 1500 3732 17039 0.8203264166385826
 1501 3716 17063 0.8211655998844988
 1502 3700 17081 0.821952745296184
 1503 3683 17104 0.8228219560302112
 1504 3665 17126 0.8237218027030927
 1505 3647 17138 0.8245369256675487
 1506 3629 17149 0.8253441139666955
 1507 3613 17156 0.8260388078386056
 1508 3602 17170 0.8265934912382052
 1509 3588 17181 0.8272425249169435
 1510 3572 17199 0.828029464156757
 1511 3550 17222 0.8290968611592529
 1512 3534 17248 0.8299489943220094
 1513 3524 17265 0.830487276925297
 1514 3503 17273 0.8313919907585676
 1515 3484 17284 0.8322419106317411
 1516 3464 17298 0.8331567286388595
 1517 3448 17318 0.8339593566406627
 1518 3431 17341 0.8348257269401117
 1519 3417 17351 0.8354680277349769
 1520 3407 17369 0.8360127069695803
 1521 3394 17385 0.8366620145339044
 1522 3382 17410 0.8373412851096576
 1523 3369 17432 0.8380366328541897
 1524 3352 17452 0.8388771390117286
 1525 3339 17472 0.8395560040363269
 1526 3324 17500 0.8403764886669228
 1527 3310 17519 0.8410869460847856
 1528 3293 17543 0.8419562296026109
 1529 3282 17551 0.8424614793836701
 1530 3270 17570 0.8430902111324377
 1531 3258 17580 0.8436510221710337
 1532 3249 17587 0.8440679593012095
 1533 3242 17601 0.8444561723360361
 1534 3229 17614 0.8450798829343185
 1535 3218 17635 0.8456816764973865
 1536 3206 17654 0.8463087248322148
 1537 3192 17672 0.8470092024539877
 1538 3174 17695 0.8479083808519814
 1539 3165 17719 0.8484485730702931
 1540 3157 17727 0.8488316414479985
 1541 3151 17746 0.8492128056658851
 1542 3140 17752 0.8497032356883018
 1543 3131 17767 0.8501770504354483
 1544 3119 17781 0.8507655502392345
 1545 3102 17795 0.8515576398526105
 1546 3089 17811 0.8522009569377991
 1547 3079 17838 0.8527991585791461
 1548 3068 17850 0.8533320585141982
 1549 3063 17866 0.8536480481628362
 1550 3050 17882 0.8542900821708389
 1551 3038 17890 0.854835626911315
 1552 3022 17902 0.8555725482699292
 1553 3002 17912 0.8564597877020178
 1554 2991 17914 0.8569241808179862
 1555 2979 17928 0.8575118381403358
 1556 2965 17946 0.8582085983453684
 1557 2946 17960 0.8590835166937721
 1558 2936 17965 0.8595282522367351
 1559 2922 17975 0.8601713164569077
 1560 2907 17995 0.8609223997703569
 1561 2895 18004 0.8614766256758697
 1562 2876 18015 0.8623330620841511
 1563 2862 18033 0.8630294328786791
 1564 2852 18041 0.8634949504618772
 1565 2837 18049 0.8641673848510965
 1566 2827 18062 0.8646656134807793
 1567 2809 18074 0.8654886749988029
 1568 2796 18080 0.8660662962253305
 1569 2776 18088 0.8669478527607362
 1570 2763 18103 0.8675836288699319
 1571 2744 18123 0.86850050318685
 1572 2731 18138 0.869136039101059
 1573 2719 18155 0.8697422631024241
 1574 2702 18166 0.8705194556258387
 1575 2686 18184 0.8712985146142789
 1576 2675 18200 0.8718562874251496
 1577 2667 18215 0.872282348434058
 1578 2655 18231 0.8728813559322034
 1579 2640 18242 0.8735753280337133
 1580 2623 18258 0.8743834107561899
 1581 2613 18273 0.8748922723355358
 1582 2602 18281 0.8754010439113155
 1583 2587 18297 0.8761252633595097
 1584 2572 18312 0.8768435165677073
 1585 2563 18326 0.8773038441284887
 1586 2549 18327 0.8778980647633646
 1587 2533 18331 0.878594708588957
 1588 2518 18346 0.8793136503067485
 1589 2502 18373 0.8801437125748502
 1590 2488 18383 0.8807915289157203
 1591 2479 18392 0.8812227492693211
 1592 2466 18409 0.8818682634730539
 1593 2455 18403 0.8822993575606481
 1594 2440 18423 0.8830465417245842
 1595 2430 18425 0.8834811795732438
 1596 2422 18443 0.8839204409297867
 1597 2419 18456 0.884119760479042
 1598 2408 18462 0.8846190704360326
 1599 2401 18482 0.8850260977828855
 1600 2392 18499 0.8855009334163036
 1601 2381 18509 0.8860220201053135
 1602 2371 18538 0.8866038547993687
 1603 2357 18557 0.8873003729559147
 1604 2347 18567 0.8877785215645022
 1605 2333 18588 0.8884852540509536
 1606 2323 18602 0.888984468339307
 1607 2311 18608 0.8895262679860414
 1608 2302 18614 0.8899407152419201
 1609 2297 18622 0.8901955160380516
 1610 2290 18644 0.8906085793446069
 1611 2277 18658 0.8912347743014091
 1612 2267 18669 0.8917176155903707
 1613 2260 18678 0.8920622791097526
 1614 2243 18682 0.8928076463560335
 1615 2231 18695 0.8933862181018828
 1616 2215 18707 0.8941305802504541
 1617 2200 18722 0.8948475289169295
 1618 2189 18740 0.8954082851545702
 1619 2182 18742 0.8957178359778245
 1620 2163 18761 0.8966258841521697
 1621 2150 18758 0.8971685479242395
 1622 2140 18771 0.8976615178614127
 1623 2126 18778 0.8982969766551856
 1624 2115 18795 0.8988522238163558
 1625 2104 18805 0.8993734755368502
 1626 2092 18820 0.8999617444529456
 1627 2086 18827 0.9002534308803137
