 "time" "normal population" "cancer population" "cancer proportion"patch_inflammation:0.1
 1 10394 0 0
 2 10394 0 0
 3 10577 2 1.890537858020607E-4
 4 10580 2 1.89000189000189E-4
 5 10756 6 5.575171901133618E-4
 6 10758 6 5.574136008918618E-4
 7 10893 9 8.25536598789213E-4
 8 10902 9 8.248556502612042E-4
 9 11067 12 0.001083130246412131
 10 11076 12 0.0010822510822510823
 11 11209 20 0.0017811025024490159
 12 11215 21 0.001868992524029904
 13 11349 24 0.0021102611448166712
 14 11363 24 0.002107666637393519
 15 11480 25 0.0021729682746631897
 16 11498 25 0.0021695738956868872
 17 11598 28 0.002408394976776191
 18 11617 28 0.00240446543580936
 19 11713 29 0.0024697666496337933
 20 11733 29 0.0024655670804284986
 21 11811 32 0.0027020180697458415
 22 11827 33 0.002782462057335582
 23 11922 37 0.0030939041725896814
 24 11948 37 0.003087192323738006
 25 12017 39 0.003234903782349038
 26 12047 40 0.003309340613882684
 27 12124 41 0.0033703247020139744
 28 12150 43 0.0035266136307717543
 29 12209 44 0.0035909573165755324
 30 12227 45 0.003666883963494133
 31 12274 46 0.0037337662337662337
 32 12302 46 0.0037252996436669904
 33 12348 46 0.003711473293529127
 34 12371 47 0.003784828474794653
 35 12418 48 0.003850473287341569
 36 12446 48 0.003841844085160877
 37 12484 48 0.003830194701563996
 38 12518 48 0.003819831290784657
 39 12567 50 0.00396290718871364
 40 12587 50 0.003956635277360133
 41 12628 51 0.0040223992428424955
 42 12658 51 0.004012904241088992
 43 12706 52 0.004075873961435962
 44 12727 53 0.004147104851330204
 45 12773 54 0.004209869805878226
 46 12797 54 0.0042020076258656915
 47 12836 56 0.004343779087806391
 48 12867 56 0.004333359127137662
 49 12902 56 0.004321654576323507
 50 12925 57 0.004390694808195964
 51 12966 57 0.004376871688551025
 52 12983 57 0.004371165644171779
 53 13017 57 0.004359798072510326
 54 13047 58 0.0044257916825639065
 55 13089 59 0.0044873745056282326
 56 13109 61 0.004631738800303721
 57 13142 62 0.004695546803998789
 58 13166 62 0.00468702751738736
 59 13198 64 0.004825818126979339
 60 13229 65 0.004889423800210621
 61 13264 65 0.004876584890089279
 62 13289 67 0.005016471997604073
 63 13321 67 0.005004481625336122
 64 13346 67 0.004995153955118169
 65 13379 68 0.0050568900126422255
 66 13398 68 0.0050497549383632856
 67 13424 68 0.005040023717758672
 68 13448 70 0.005178280810770824
 69 13475 71 0.005241399675180865
 70 13491 71 0.005235216044831146
 71 13513 71 0.005226737338044758
 72 13531 73 0.005366068803293149
 73 13566 73 0.005352298555612581
 74 13583 74 0.005418466720363183
 75 13611 76 0.005552714254401988
 76 13627 76 0.005546230752389987
 77 13657 76 0.005534114905701595
 78 13669 76 0.0055292833757730085
 79 13702 78 0.005660377358490566
 80 13720 78 0.005652993187418466
 81 13747 79 0.005713872414291914
 82 13764 79 0.0057068554504081485
 83 13783 79 0.005699033328524022
 84 13799 81 0.005835734870317003
 85 13828 82 0.005895039539899353
 86 13852 82 0.005884885890627242
 87 13885 85 0.006084466714387974
 88 13897 85 0.006079244743241311
 89 13920 86 0.006140225617592461
 90 13938 86 0.006132344552196235
 91 13966 90 0.006402959590210586
 92 13993 91 0.0064612326043737576
 93 14012 92 0.0065229722064662505
 94 14023 92 0.006517888770811194
 95 14040 94 0.006650629687278902
 96 14059 94 0.006641701406062319
 97 14084 95 0.006700049368784823
 98 14099 95 0.006692968860081724
 99 14127 96 0.006749630879561274
 100 14142 96 0.0067425200168563
 101 14173 97 0.006797477224947442
 102 14187 98 0.006860343017150858
 103 14215 99 0.006916305714684924
 104 14231 100 0.006977880120019538
 105 14249 100 0.006969126768415918
 106 14263 100 0.0069623337742811394
 107 14288 101 0.007019250816596011
 108 14305 102 0.007079891719303117
 109 14330 102 0.007067627494456763
 110 14343 102 0.007061266874350987
 111 14369 103 0.007117191818684356
 112 14379 104 0.007180832700407374
 113 14402 105 0.007237885158888812
 114 14415 105 0.007231404958677686
 115 14431 107 0.007360022011280782
 116 14449 108 0.00741911108057979
 117 14473 111 0.007611080636313768
 118 14483 111 0.007605865424146909
 119 14498 111 0.0075980559928811005
 120 14518 111 0.007587668330029393
 121 14536 115 0.007849293563579277
 122 14555 115 0.007839127471029312
 123 14580 115 0.007825791085403199
 124 14594 116 0.007885791978246091
 125 14612 116 0.007876154263986964
 126 14630 116 0.0078665400786654
 127 14649 118 0.007990790275614546
 128 14664 120 0.008116883116883116
 129 14686 122 0.008238789843327932
 130 14701 126 0.00849801038645714
 131 14713 126 0.008491138216860974
 132 14728 126 0.008482563619227144
 133 14750 128 0.008603306896088184
 134 14769 129 0.008658880386629078
 135 14788 131 0.008780749379985254
 136 14800 132 0.008840075006697026
 137 14827 132 0.008824119259308778
 138 14840 133 0.008882655446470314
 139 14856 134 0.008939292861907939
 140 14874 134 0.008928571428571428
 141 14898 136 0.009046162032725822
 142 14910 140 0.009302325581395349
 143 14931 140 0.009289363678588018
 144 14944 141 0.00934703347696387
 145 14971 141 0.009330333509793542
 146 14985 142 0.00938718847094599
 147 15015 142 0.009368608563699941
 148 15030 142 0.00935934616398629
 149 15038 142 0.00935441370223979
 150 15051 142 0.00934640953070493
 151 15064 143 0.009403564148089695
 152 15076 143 0.009396149549904724
 153 15097 144 0.00944819893707762
 154 15106 144 0.009442622950819672
 155 15136 145 0.00948890779399254
 156 15146 146 0.00954747580434214
 157 15174 146 0.009530026109660574
 158 15185 146 0.009523188311264757
 159 15203 148 0.009641065728617029
 160 15212 148 0.009635416666666667
 161 15229 149 0.009689166341526856
 162 15245 150 0.00974342318934719
 163 15262 152 0.009861165174516674
 164 15270 153 0.0099202489787979
 165 15289 153 0.00990804299961145
 166 15297 154 0.009966992427674584
 167 15317 154 0.009954107685346778
 168 15327 155 0.010011626404857253
 169 15346 156 0.010063217649335569
 170 15356 156 0.010056730273336771
 171 15372 157 0.010110116556120806
 172 15377 158 0.010170582555519794
 173 15382 160 0.010294685368678419
 174 15395 161 0.010349704294163023
 175 15411 163 0.010466161551303454
 176 15427 163 0.0104554201411161
 177 15437 164 0.01051214665726556
 178 15444 164 0.010507432086109688
 179 15465 164 0.010493313711689807
 180 15478 164 0.010484592763073775
 181 15490 164 0.010476555512967932
 182 15502 165 0.010531690815089041
 183 15515 167 0.010649151893891085
 184 15525 167 0.010642365536579148
 185 15542 168 0.010693825588796944
 186 15550 169 0.010751320058527896
 187 15569 170 0.010801194485037168
 188 15580 170 0.010793650793650795
 189 15591 173 0.010974371986805379
 190 15596 173 0.010970892256959857
 191 15612 173 0.010959771935381692
 192 15625 173 0.010950753259906318
 193 15632 173 0.010945903195191396
 194 15640 173 0.01094036552203883
 195 15659 174 0.01098970504642203
 196 15670 176 0.011106903950523791
 197 15681 176 0.011099199091883711
 198 15697 177 0.011150308680861786
 199 15705 177 0.011144692104268984
 200 15712 177 0.01113978223928504
 201 15727 177 0.011129275653923541
 202 15737 177 0.011122282267186125
 203 15753 179 0.011235249811699724
 204 15767 180 0.011287389477644698
 205 15782 180 0.01127678235810049
 206 15788 180 0.011272545090180362
 207 15795 181 0.011329494241362044
 208 15804 181 0.011323115420706912
 209 15819 182 0.011374289106930818
 210 15828 182 0.01136789506558401
 211 15842 184 0.011481342817920879
 212 15848 185 0.011538701428304123
 213 15856 185 0.011532946823764104
 214 15865 185 0.011526479750778817
 215 15877 185 0.011517868260490598
 216 15884 185 0.01151285083079221
 217 15898 186 0.011564287490673961
 218 15908 187 0.011618515066790928
 219 15923 189 0.01173038728897716
 220 15927 190 0.011788794440652726
 221 15944 191 0.01183762008057019
 222 15950 192 0.011894436872754306
 223 15959 193 0.011948984645864288
 224 15965 193 0.011944547592523827
 225 15970 195 0.012063099288586452
 226 15980 197 0.012177783272547444
 227 15989 199 0.012293056585124784
 228 15989 200 0.012354067576749644
 229 16002 203 0.012526997840172787
 230 16008 206 0.012705069692858024
 231 16020 207 0.012756516916250694
 232 16028 207 0.012750230982445335
 233 16033 207 0.012746305418719212
 234 16043 207 0.012738461538461539
 235 16055 207 0.012729061616037388
 236 16059 208 0.012786623224933916
 237 16063 208 0.012783479810706164
 238 16069 210 0.012900055285951225
 239 16077 211 0.012954322200392927
 240 16078 212 0.013014119091467158
 241 16090 213 0.013065080046617187
 242 16101 213 0.01305627068775285
 243 16109 215 0.013170791472678266
 244 16110 217 0.013290867887548232
 245 16117 217 0.01328517203379454
 246 16121 219 0.013402692778457773
 247 16124 219 0.01340023251545004
 248 16119 219 0.013404333455747338
 249 16124 221 0.013520954420312021
 250 16132 221 0.013514339876475264
 251 16142 224 0.013686911890504704
 252 16150 224 0.013680224746549407
 253 16159 225 0.01373291015625
 254 16163 225 0.013729558213326824
 255 16175 226 0.013779647582464484
 256 16176 226 0.013778807462504573
 257 16178 227 0.013837244742456569
 258 16186 227 0.013830500213245597
 259 16192 228 0.013885505481120585
 260 16192 229 0.013945557517812558
 261 16198 229 0.013940463870457174
 262 16202 229 0.01393707017223541
 263 16212 229 0.013928593151268171
 264 16215 230 0.013986013986013986
 265 16226 230 0.013976665046183763
 266 16228 230 0.013974966581601652
 267 16239 230 0.013965632400267169
 268 16248 230 0.01395800461221022
 269 16249 231 0.014016990291262136
 270 16250 231 0.014016139797342394
 271 16255 232 0.014071692848911263
 272 16264 232 0.014064015518913677
 273 16265 233 0.014122923990786762
 274 16266 233 0.014122068004121462
 275 16268 236 0.014299563742123121
 276 16270 236 0.01429783109172422
 277 16273 237 0.014354936402180496
 278 16267 237 0.014360155113911779
 279 16275 240 0.014532243415077202
 280 16275 241 0.014591910874303705
 281 16279 241 0.014588377723970944
 282 16275 241 0.014591910874303705
 283 16288 241 0.014580434388045254
 284 16289 242 0.014639162785070473
 285 16294 244 0.014753900108840246
 286 16294 246 0.014873035066505442
 287 16302 248 0.014984894259818731
 288 16300 249 0.015046226358088102
 289 16301 249 0.015045317220543806
 290 16304 249 0.015042590466984836
 291 16300 250 0.015105740181268883
 292 16296 250 0.015109391998065998
 293 16295 250 0.015110305228165609
 294 16296 251 0.015168912793859915
 295 16291 251 0.015173497763269254
 296 16290 251 0.015174415089776919
 297 16297 251 0.015167996132463137
 298 16298 253 0.015286085432904356
 299 16295 254 0.015348359417487462
 300 16291 255 0.015411579838027318
 301 16290 256 0.015472017406019582
 302 16295 256 0.015467343362938795
 303 16297 257 0.01552494865289356
 304 16295 258 0.015586298556152962
 305 16298 259 0.015642930482575347
 306 16294 260 0.015706173734444846
 307 16299 260 0.01570143124584818
 308 16300 260 0.01570048309178744
 309 16304 260 0.01569669162038155
 310 16305 261 0.015755161173487867
 311 16299 262 0.01582030070647908
 312 16295 262 0.01582412272754726
 313 16297 262 0.015822211486200857
 314 16295 263 0.015883560816523735
 315 16298 264 0.015940103852191766
 316 16303 264 0.015935293052453673
 317 16300 264 0.015938179183772036
 318 16296 264 0.015942028985507246
 319 16296 265 0.016001449187850975
 320 16289 266 0.016067653276955602
 321 16282 269 0.016252794393088032
 322 16275 270 0.016319129646418858
 323 16274 271 0.01637957086733152
 324 16266 271 0.016387494708834733
 325 16271 271 0.01638254140974489
 326 16264 275 0.01662736562065421
 327 16259 277 0.016751330430575712
 328 16253 277 0.01675741076830006
 329 16250 277 0.016760452592727054
 330 16246 277 0.016764510076862554
 331 16249 279 0.016880445304937076
 332 16249 280 0.016939923770343035
 333 16238 282 0.017070217917675545
 334 16232 282 0.01707642000726656
 335 16227 283 0.017141126589945488
 336 16214 284 0.017214207782761545
 337 16207 284 0.017221514765629737
 338 16199 286 0.017349105247194418
 339 16199 287 0.01740871042096324
 340 16186 288 0.017482092995022458
 341 16184 289 0.017543859649122806
 342 16178 290 0.017609910128734516
 343 16179 291 0.01766848816029144
 344 16175 291 0.01767278027450504
 345 16172 293 0.01779532341330094
 346 16165 293 0.01780289221047515
 347 16171 294 0.017856058305496508
 348 16167 295 0.01792005831612198
 349 16163 295 0.017924413659010815
 350 16157 295 0.017930950644298567
 351 16161 296 0.01798626724190314
 352 16146 297 0.0180623973727422
 353 16141 300 0.018247065263670093
 354 16131 300 0.018258170531312762
 355 16130 302 0.01837877312560857
 356 16122 304 0.01850724461220017
 357 16122 304 0.01850724461220017
 358 16113 304 0.018517390509837365
 359 16116 305 0.018573777480056026
 360 16107 307 0.018703545753624953
 361 16102 308 0.018769043266301036
 362 16097 308 0.018774763791526972
 363 16092 308 0.018780487804878048
 364 16083 310 0.01891051058378576
 365 16077 314 0.019156854371301324
 366 16072 316 0.019282401757383452
 367 16067 316 0.01928828663858878
 368 16059 316 0.01929770992366412
 369 16060 319 0.019476158495634655
 370 16047 319 0.019491628986924112
 371 16041 319 0.01949877750611247
 372 16033 319 0.019508317025440314
 373 16035 320 0.019565881993274227
 374 16036 320 0.019564685742235265
 375 16032 321 0.0196294257934324
 376 16018 322 0.0197062423500612
 377 16012 322 0.0197134810824048
 378 16005 326 0.019962035392811217
 379 15999 328 0.020089422429105164
 380 15993 329 0.02015684352407793
 381 15987 330 0.020224305938591654
 382 15972 332 0.020363101079489694
 383 15965 332 0.020371847579309075
 384 15957 334 0.020502117733718003
 385 15954 334 0.02050589390962672
 386 15947 335 0.02057486795234001
 387 15944 335 0.020578659622826956
 388 15935 336 0.020650236617294572
 389 15934 336 0.020651505838967424
 390 15920 337 0.020729531893953376
 391 15912 338 0.0208
 392 15902 338 0.0208128078817734
 393 15903 339 0.02087181381603251
 394 15893 341 0.021005297523715657
 395 15892 341 0.021006591511119325
 396 15882 342 0.021079881656804734
 397 15878 344 0.021205769942054
 398 15874 344 0.02121100012331977
 399 15868 346 0.02133958307635377
 400 15857 348 0.021474853440296204
 401 15856 350 0.021596939405158583
 402 15849 353 0.021787433650166645
 403 15845 353 0.02179281392764539
 404 15839 357 0.022042479624598665
 405 15837 359 0.022165966905408743
 406 15829 360 0.02223732163814936
 407 15821 361 0.022308738104066247
 408 15815 363 0.022437878600568673
 409 15810 364 0.022505255348089528
 410 15793 365 0.022589429384824854
 411 15788 366 0.02265692707688498
 412 15777 366 0.022672365731276713
 413 15769 367 0.022744174516608824
 414 15757 369 0.022882301872752076
 415 15758 371 0.02300204600409201
 416 15744 372 0.02308265078183172
 417 15734 374 0.02321827663272908
 418 15727 374 0.023228370908639214
 419 15721 377 0.02341905826810784
 420 15709 378 0.023497233791260022
 421 15704 378 0.02350453923641338
 422 15693 380 0.02364213276924034
 423 15690 380 0.023646546359676415
 424 15683 380 0.023656851148602377
 425 15681 381 0.023720582741875232
 426 15672 381 0.023733881517473368
 427 15674 383 0.023852525378339665
 428 15661 383 0.02387185240588382
 429 15658 384 0.02393716494202718
 430 15655 385 0.024002493765586035
 431 15650 386 0.02407084060863058
 432 15640 387 0.024146752355400262
 433 15639 389 0.02427002745195907
 434 15634 390 0.02433849226160759
 435 15633 392 0.024461778471138847
 436 15629 394 0.024589652374711352
 437 15621 397 0.024784617305531276
 438 15616 398 0.024853253403272137
 439 15612 398 0.02485946283572767
 440 15603 399 0.024934383202099737
 441 15597 400 0.025004688379071077
 442 15584 404 0.025268951713785338
 443 15576 405 0.025342594330767788
 444 15570 406 0.02541311967951928
 445 15568 406 0.025416301489921123
 446 15555 406 0.025437002694066787
 447 15552 409 0.025624960842052503
 448 15543 409 0.025639418254764294
 449 15538 410 0.025708552796588915
 450 15523 410 0.02573275591539572
 451 15516 411 0.025805236391034093
 452 15512 411 0.02581171889719274
 453 15504 411 0.02582469368520264
 454 15500 412 0.025892408245349424
 455 15500 414 0.02601482970968958
 456 15488 415 0.02609570521285292
 457 15486 416 0.02616023141743177
 458 15475 417 0.026239617417568587
 459 15466 417 0.026254485928351067
 460 15453 418 0.026337344842795034
 461 15453 422 0.02658267716535433
 462 15442 423 0.026662464544595022
 463 15442 427 0.02690780767534186
 464 15432 427 0.026924774575950564
 465 15430 428 0.026989532097364106
 466 15422 431 0.027187283164069893
 467 15415 432 0.027260680254937844
 468 15401 434 0.02740764130091569
 469 15397 438 0.027660246289864226
 470 15383 438 0.027684722836735984
 471 15369 440 0.02783224745398191
 472 15366 442 0.027960526315789474
 473 15365 444 0.028085267885381744
 474 15349 446 0.02823678379233935
 475 15351 450 0.028479210176571103
 476 15339 452 0.028623899689696662
 477 15340 453 0.028683593997340592
 478 15338 454 0.028748733535967578
 479 15331 456 0.028884525242287958
 480 15324 458 0.029020402990748956
 481 15315 459 0.02909851654621529
 482 15308 462 0.029296131896005072
 483 15308 466 0.029542284772410294
 484 15300 467 0.029618824126339822
 485 15301 467 0.029616945712836122
 486 15299 468 0.029682247732606075
 487 15290 470 0.02982233502538071
 488 15274 472 0.0299758668868284
 489 15271 475 0.03016639146449892
 490 15265 477 0.03030110532333884
 491 15258 478 0.03037620742247077
 492 15249 480 0.030516879649055886
 493 15247 483 0.030705657978385252
 494 15248 487 0.030950111217032093
 495 15242 488 0.031023521932612843
 496 15240 489 0.031089071142475683
 497 15245 491 0.031202338586680225
 498 15234 493 0.03134736440516309
 499 15233 494 0.031410949322820625
 500 15226 496 0.03154814909044651
 501 15225 497 0.031611754229741766
 502 15214 499 0.03175714376630815
 503 15214 501 0.031880369074133
 504 15209 503 0.03201374745417515
 505 15213 507 0.03225190839694656
 506 15206 509 0.03238943684377983
 507 15203 513 0.03264189361160601
 508 15194 518 0.0329684317718941
 509 15191 518 0.032974727863008466
 510 15181 518 0.03299573221224282
 511 15176 520 0.033129459734964326
 512 15173 520 0.03313579302873893
 513 15168 524 0.03339281162375733
 514 15157 524 0.033416236209425416
 515 15153 526 0.033548057911856624
 516 15140 527 0.03363758217910257
 517 15136 530 0.033831226860717475
 518 15129 534 0.03409308561578242
 519 15123 536 0.03422951657193946
 520 15115 538 0.03437040822845461
 521 15121 539 0.03441890166028097
 522 15115 539 0.03443209403347387
 523 15109 540 0.03450699725222059
 524 15098 542 0.034654731457800514
 525 15083 542 0.034688
 526 15079 544 0.03482045701849837
 527 15075 546 0.0349529479546764
 528 15066 549 0.03515850144092219
 529 15069 550 0.035213521992445096
 530 15059 552 0.03535968227531869
 531 15053 553 0.035435089068307064
 532 15046 556 0.03563645686450455
 533 15046 558 0.035760061522686494
 534 15034 558 0.0357875833760903
 535 15033 561 0.03597537514428627
 536 15027 563 0.03611289288005132
 537 15019 565 0.036255133470225874
 538 14998 568 0.03648978542978286
 539 14993 573 0.03681099832969292
 540 14990 576 0.037003726069638955
 541 14987 580 0.03725830282006809
 542 14979 581 0.03733933161953727
 543 14979 583 0.037463051021719575
 544 14972 586 0.03766550970561769
 545 14967 588 0.037801350048216005
 546 14957 589 0.03788755950083623
 547 14951 592 0.038087885221643185
 548 14929 595 0.03832775057974749
 549 14928 597 0.03845410628019324
 550 14918 600 0.03866477638870989
 551 14922 600 0.038654812524159254
 552 14921 603 0.03884308167997939
 553 14920 608 0.03915507470376095
 554 14907 611 0.0393736306225029
 555 14897 612 0.039460958153330325
 556 14893 615 0.03965695125096724
 557 14884 617 0.03980388362041159
 558 14877 618 0.039883833494675704
 559 14879 619 0.03994063750161311
 560 14870 623 0.04021170851352224
 561 14860 627 0.040485568541357264
 562 14851 630 0.04069504553969382
 563 14851 633 0.04088090932575562
 564 14851 639 0.04125242091672046
 565 14846 642 0.04145144628099173
 566 14844 646 0.04170432537120723
 567 14837 647 0.04178506845776285
 568 14835 651 0.04203796977915537
 569 14824 652 0.04212974928922202
 570 14815 657 0.04246380558428128
 571 14802 660 0.042685292976329066
 572 14789 664 0.0429690027826312
 573 14783 666 0.04310958638099553
 574 14781 667 0.04317711030554117
 575 14777 668 0.04325024279702169
 576 14769 671 0.043458549222797925
 577 14770 672 0.043517679057116954
 578 14764 673 0.04359655373453391
 579 14764 675 0.043720448215558004
 580 14754 677 0.04387272373793014
 581 14751 680 0.04406713758019571
 582 14750 684 0.04431774005442529
 583 14746 685 0.04439116065063833
 584 14741 686 0.04446749205937642
 585 14739 691 0.04478289047310434
 586 14738 694 0.044971487817522034
 587 14733 697 0.04517174335709657
 588 14721 698 0.045268824177962255
 589 14717 699 0.0453425012973534
 590 14708 702 0.04555483452303699
 591 14703 703 0.04563157211476048
 592 14703 704 0.04569351593431557
 593 14709 706 0.04579954589685371
 594 14709 706 0.04579954589685371
 595 14714 708 0.04590844248476203
 596 14709 713 0.04623265464920244
 597 14715 714 0.04627649231965779
 598 14708 716 0.04642116182572614
 599 14709 716 0.04641815235008104
 600 14704 717 0.04649503923221581
 601 14704 720 0.046680497925311204
 602 14701 720 0.04668957914532131
 603 14698 721 0.04676049030417018
 604 14691 725 0.047029060716139076
 605 14686 726 0.04710615105112899
 606 14678 726 0.04713061542456505
 607 14682 728 0.0472420506164828
 608 14678 731 0.047439807904471415
 609 14681 733 0.047554171532373166
 610 14673 735 0.047702492211838005
 611 14659 739 0.0479932458760878
 612 14656 742 0.04818807637355501
 613 14652 742 0.04820059763544238
 614 14651 742 0.0482037289677126
 615 14646 745 0.048404911961535964
 616 14641 749 0.04866796621182586
 617 14637 752 0.04886607316914679
 618 14631 759 0.049317738791423
 619 14632 765 0.049685003572124437
 620 14627 767 0.04982460698973626
 621 14625 769 0.04995452773807977
 622 14629 769 0.04994155085075984
 623 14622 772 0.05014940886059504
 624 14618 776 0.05040925035728206
 625 14613 777 0.05048732943469786
 626 14619 777 0.05046765393608729
 627 14620 778 0.05052604234316145
 628 14619 780 0.05065263978180402
 629 14615 782 0.05078911476261609
 630 14605 785 0.051007147498375566
 631 14603 788 0.05119875251770515
 632 14606 790 0.05131202909846713
 633 14609 791 0.05136363636363636
 634 14604 795 0.05162672900837717
 635 14605 799 0.05186964424824721
 636 14592 801 0.052036640031183
 637 14590 803 0.05216656921977522
 638 14583 808 0.052498213241504776
 639 14575 812 0.05277182036784298
 640 14565 814 0.05292931920150855
 641 14567 815 0.05298400728123781
 642 14568 818 0.053165215130638245
 643 14568 821 0.053349795308337125
 644 14564 821 0.053363665908352294
 645 14565 823 0.05348323368858851
 646 14561 824 0.05355866103347416
 647 14571 826 0.05364681431447685
 648 14566 829 0.05384865215979214
 649 14572 831 0.05395052911770434
 650 14567 833 0.05409090909090909
 651 14571 838 0.054383801674346165
 652 14564 842 0.0546540308970531
 653 14556 847 0.05498928780107771
 654 14560 850 0.05515898767034393
 655 14560 858 0.05564924114671164
 656 14561 862 0.055890553070090124
 657 14558 865 0.05608506775594891
 658 14550 866 0.05617540217955371
 659 14549 869 0.05636269295628486
 660 14540 873 0.05664049828067216
 661 14534 875 0.056784995781686026
 662 14525 878 0.057001882750113614
 663 14529 881 0.057170668397144714
 664 14531 883 0.057285584533540934
 665 14526 886 0.057487671943939785
 666 14520 889 0.057693555714193004
 667 14518 891 0.05782334999026543
 668 14511 892 0.05791079659806531
 669 14509 894 0.058040641433486986
 670 14501 896 0.058193154510618954
 671 14503 898 0.058307902084280244
 672 14499 901 0.05850649350649351
 673 14500 903 0.058624943192884506
 674 14491 904 0.05872036375446574
 675 14492 908 0.058961038961038964
 676 14485 912 0.05923231798402286
 677 14480 916 0.0594959729799948
 678 14475 916 0.059515301150022744
 679 14478 919 0.05968695200363707
 680 14475 922 0.0598817951549003
 681 14470 928 0.06026756721652163
 682 14464 933 0.060596220042865495
 683 14462 936 0.060787115209767505
 684 14458 940 0.06104688920639044
 685 14454 944 0.06130666320301338
 686 14453 946 0.06143256055588025
 687 14457 950 0.06166028428636334
 688 14455 952 0.061790095411176735
 689 14461 954 0.0618877716509893
 690 14459 959 0.062200025943702164
 691 14457 960 0.06226892391515859
 692 14453 963 0.06246756616502335
 693 14454 968 0.06276747503566334
 694 14450 973 0.06308759644686507
 695 14455 977 0.06331000518403318
 696 14454 981 0.06355685131195335
 697 14456 981 0.06354861695925373
 698 14449 982 0.06363813103492968
 699 14452 986 0.0638683767327374
 700 14458 993 0.06426768493948612
 701 14456 995 0.0643971263995858
 702 14451 999 0.06466019417475728
 703 14450 1002 0.06484597463111572
 704 14446 1010 0.06534679089026915
 705 14449 1012 0.065455015846323
 706 14447 1015 0.06564480662268787
 707 14449 1018 0.06581754703562423
 708 14446 1019 0.06589072098286454
 709 14449 1021 0.06599870717517776
 710 14445 1025 0.06625727213962508
 711 14445 1029 0.06649864288483909
 712 14438 1032 0.06670976082740789
 713 14434 1036 0.0669683257918552
 714 14420 1037 0.06708934463349939
 715 14416 1040 0.06728778467908902
 716 14417 1047 0.06770563890325919
 717 14405 1049 0.06787886631292869
 718 14407 1050 0.06793038752668694
 719 14399 1055 0.06826711530995212
 720 14393 1057 0.06841423948220064
 721 14391 1060 0.06860397385282506
 722 14382 1065 0.06894542629636823
 723 14380 1067 0.06907490127532855
 724 14374 1070 0.06928256928256928
 725 14369 1072 0.06942555533968008
 726 14363 1074 0.06957310358230226
 727 14370 1077 0.06972227617013012
 728 14368 1082 0.07003236245954693
 729 14365 1085 0.07022653721682848
 730 14360 1088 0.07042982910409114
 731 14367 1092 0.07063846303124394
 732 14363 1094 0.07077699424209097
 733 14358 1097 0.07098026528631511
 734 14347 1100 0.07121123842817376
 735 14344 1105 0.0715256650915917
 736 14331 1106 0.07164604521603939
 737 14335 1109 0.0718078218078218
 738 14335 1113 0.07204816157431383
 739 14339 1119 0.07238970112563074
 740 14338 1121 0.07251439291027881
 741 14337 1125 0.07275902211874273
 742 14337 1128 0.07293889427740058
 743 14332 1134 0.0733221259537049
 744 14332 1138 0.0735617323852618
 745 14332 1141 0.07374135591029535
 746 14327 1141 0.07376519265580553
 747 14337 1143 0.07383720930232558
 748 14333 1148 0.0741554163167754
 749 14335 1154 0.07450448705532958
 750 14335 1160 0.07486285898676992
 751 14339 1163 0.07502257773190556
 752 14336 1169 0.07539503386004515
 753 14344 1175 0.07571364134287004
 754 14339 1179 0.07597628560381492
 755 14337 1183 0.07622422680412372
 756 14339 1186 0.07639291465378421
 757 14334 1190 0.07665550115949497
 758 14331 1192 0.07678928042259872
 759 14336 1196 0.07700231779551893
 760 14332 1200 0.07725985063095545
 761 14333 1204 0.07749243740747892
 762 14331 1208 0.07773988030117768
 763 14331 1214 0.07809585075587006
 764 14328 1218 0.07834812813585489
 765 14325 1218 0.07836325033777262
 766 14313 1224 0.07877968719830084
 767 14313 1230 0.07913530206523837
 768 14313 1233 0.0793130065611733
 769 14311 1240 0.07973763745096778
 770 14309 1241 0.07980707395498392
 771 14309 1246 0.08010286081645773
 772 14307 1249 0.0802905631267678
 773 14311 1251 0.08038812491967613
 774 14314 1255 0.08060890230586422
 775 14320 1258 0.08075491077160098
 776 14310 1259 0.08086582311002634
 777 14311 1261 0.08097867968147958
 778 14307 1264 0.08117654614347183
 779 14299 1269 0.08151336073997945
 780 14301 1272 0.08167983047582354
 781 14292 1274 0.08184504689708338
 782 14289 1277 0.08203777463702942
 783 14286 1278 0.08211256746337703
 784 14277 1282 0.08239604087666302
 785 14279 1286 0.08262126566013492
 786 14274 1287 0.08270676691729323
 787 14279 1289 0.08279804727646455
 788 14281 1292 0.08296410453990882
 789 14288 1295 0.08310338189052172
 790 14277 1298 0.083338683788122
 791 14279 1303 0.08362212809652163
 792 14273 1306 0.08383079786892612
 793 14267 1309 0.08403954802259887
 794 14263 1312 0.08423756019261637
 795 14258 1313 0.08432342174555263
 796 14255 1322 0.08486871669769532
 797 14255 1324 0.08498619937094808
 798 14254 1328 0.08522654344756771
 799 14252 1333 0.08553095925569458
 800 14248 1337 0.08578761629772216
 801 14249 1347 0.08636829956399077
 802 14253 1347 0.08634615384615385
 803 14253 1352 0.08663889778917014
 804 14252 1356 0.08687852383393131
 805 14249 1359 0.08707073295745771
 806 14243 1367 0.08757206918641897
 807 14237 1373 0.08795643818065342
 808 14230 1376 0.08817121619889785
 809 14232 1383 0.08856868395773294
 810 14227 1385 0.08871380988982834
 811 14224 1388 0.08890596976684602
 812 14219 1391 0.08910954516335683
 813 14227 1394 0.08923884514435695
 814 14219 1396 0.0894012167787384
 815 14223 1398 0.08949491069713847
 816 14219 1400 0.08963441961713298
 817 14222 1401 0.08967547846124303
 818 14209 1407 0.0900998975409836
 819 14210 1412 0.09038535398796568
 820 14206 1417 0.0906996095500224
 821 14192 1421 0.09101389867418178
 822 14184 1424 0.0912352639671963
 823 14181 1430 0.09160207545961181
 824 14173 1431 0.09170725455011536
 825 14166 1431 0.09174841315637623
 826 14162 1433 0.09188842577749279
 827 14160 1437 0.09213310251971533
 828 14156 1438 0.09221495446966782
 829 14152 1439 0.09229683791931242
 830 14142 1444 0.09264724752983447
 831 14144 1446 0.0927517639512508
 832 14140 1449 0.09295015716210148
 833 14139 1455 0.09330511735282801
 834 14128 1458 0.09354548954189658
 835 14123 1461 0.09375
 836 14113 1463 0.09392655367231638
 837 14112 1469 0.09428149669469225
 838 14103 1473 0.09456856702619415
 839 14104 1476 0.09473684210526316
 840 14101 1486 0.09533585680374672
 841 14099 1493 0.09575423293996921
 842 14097 1500 0.09617234083477592
 843 14089 1502 0.0963376306843692
 844 14086 1507 0.09664593086641442
 845 14093 1511 0.09683414509100231
 846 14088 1513 0.09698096275879751
 847 14082 1519 0.09736555349016089
 848 14080 1521 0.09749375040061535
 849 14078 1527 0.09785325216276834
 850 14069 1533 0.09825663376490193
 851 14070 1539 0.09859696329040937
 852 14065 1540 0.09868631848766421
 853 14060 1545 0.09900672861262416
 854 14050 1551 0.09941670405743222
 855 14055 1555 0.09961563100576554
 856 14051 1565 0.10021772540983606
 857 14049 1569 0.10046100653092585
 858 14041 1570 0.10057011081929408
 859 14037 1573 0.10076873798846893
 860 14026 1579 0.10118551746235181
 861 14026 1583 0.10141584983022615
 862 14016 1586 0.10165363414946801
 863 14015 1590 0.1018904197372637
 864 14016 1593 0.1020565058620027
 865 14017 1597 0.10228000512360702
 866 14020 1601 0.1024902375008002
 867 14008 1605 0.10279894959328764
 868 14008 1609 0.10302875072036882
 869 14008 1617 0.103488
 870 14003 1622 0.103808
 871 14005 1623 0.10385206040440235
 872 14002 1627 0.10410135005438607
 873 14002 1635 0.1045596981518194
 874 13996 1638 0.10477165152871946
 875 13993 1641 0.10496354100038378
 876 13985 1649 0.1054752462581553
 877 13975 1654 0.1058289077996033
 878 13970 1662 0.10632036847492324
 879 13971 1667 0.10659930937460033
 880 13958 1671 0.10691662934288822
 881 13953 1674 0.10712228834709157
 882 13957 1676 0.10720910893622465
 883 13954 1678 0.1073439099283521
 884 13950 1683 0.10765687967760507
 885 13950 1687 0.1078851442092473
 886 13947 1695 0.10836210203298811
 887 13943 1700 0.10867480662277057
 888 13939 1707 0.10910136776172824
 889 13939 1708 0.10915830510641017
 890 13932 1714 0.10954876645788061
 891 13941 1717 0.10965640567122238
 892 13939 1720 0.1098409860144326
 893 13942 1725 0.11010404033956725
 894 13938 1731 0.11047290829025465
 895 13929 1734 0.1107067611568665
 896 13923 1736 0.11086276262852034
 897 13918 1743 0.11129557499521103
 898 13908 1748 0.11165048543689321
 899 13905 1752 0.11189883119371527
 900 13899 1758 0.11228204636903621
 901 13899 1763 0.112565445026178
 902 13901 1767 0.11277763594587695
 903 13896 1768 0.1128702757916241
 904 13889 1779 0.11354352821036508
 905 13887 1784 0.11384085253015123
 906 13885 1790 0.11419457735247208
 907 13881 1792 0.1143367574810183
 908 13876 1796 0.11459928534966819
 909 13873 1802 0.11496012759170654
 910 13870 1805 0.11515151515151516
 911 13869 1814 0.1156666454122298
 912 13868 1818 0.11589952824174424
 913 13861 1825 0.1163457860512559
 914 13853 1827 0.11651785714285715
 915 13849 1830 0.11671662733592704
 916 13843 1834 0.11698666836767238
 917 13848 1838 0.1171745505546347
 918 13833 1841 0.11745565905320914
 919 13833 1847 0.11779336734693878
 920 13828 1855 0.11828094114646433
 921 13818 1862 0.11875
 922 13813 1864 0.11890029980225808
 923 13810 1865 0.1189792663476874
 924 13803 1873 0.11948201071701965
 925 13797 1876 0.11969629298794104
 926 13789 1880 0.11998213032101603
 927 13779 1882 0.12017112572632654
 928 13769 1887 0.12052887072049055
 929 13763 1890 0.12074362741966396
 930 13752 1902 0.12150249137600613
 931 13749 1907 0.12180633622892181
 932 13743 1911 0.12207742430049827
 933 13729 1917 0.12252332864629938
 934 13715 1927 0.12319396496611687
 935 13711 1929 0.1233375959079284
 936 13704 1934 0.12367310397749073
 937 13698 1941 0.12411279493573758
 938 13693 1946 0.12443250847240872
 939 13692 1953 0.12483221476510067
 940 13689 1960 0.12524761965620806
 941 13691 1968 0.12567852353279263
 942 13684 1972 0.12595809913132344
 943 13684 1975 0.12612555080145604
 944 13678 1981 0.12650871703173894
 945 13670 1990 0.12707535121328226
 946 13663 1994 0.12735517659832662
 947 13656 2005 0.12802503033011942
 948 13647 2016 0.12871097490902125
 949 13639 2021 0.12905491698595148
 950 13635 2025 0.12931034482758622
 951 13634 2032 0.1297076471339206
 952 13626 2039 0.13016278327481648
 953 13623 2042 0.13035429300989468
 954 13620 2047 0.13065679453628645
 955 13621 2051 0.1308703420112302
 956 13604 2055 0.13123443387189476
 957 13597 2066 0.13190321138989977
 958 13590 2072 0.13229472608862214
 959 13588 2080 0.1327546591779423
 960 13575 2089 0.13336312563840655
 961 13570 2097 0.13384821599540436
 962 13562 2105 0.13435884342886323
 963 13562 2114 0.1348558305690227
 964 13560 2123 0.13536950838487535
 965 13566 2132 0.13581347942413047
 966 13554 2141 0.13641287034087288
 967 13539 2146 0.13681861651259164
 968 13529 2153 0.13729116184160184
 969 13527 2156 0.13747369763438116
 970 13518 2164 0.13799260298431323
 971 13516 2165 0.13806517441489702
 972 13518 2170 0.13832228454869963
 973 13519 2174 0.1385331039316893
 974 13515 2186 0.1392268008407108
 975 13507 2189 0.13946228338430172
 976 13510 2192 0.1396000509489237
 977 13510 2197 0.13987394155472083
 978 13500 2208 0.14056531703590527
 979 13498 2214 0.14091140529531568
 980 13488 2218 0.14121991595568573
 981 13485 2224 0.14157489337322554
 982 13483 2229 0.14186608961303462
 983 13475 2233 0.14215686274509803
 984 13461 2233 0.14228367528991973
 985 13461 2240 0.14266607222469907
 986 13446 2243 0.1429664095863344
 987 13442 2252 0.14349432904294634
 988 13432 2257 0.14385875454139843
 989 13422 2264 0.14433252581920183
 990 13412 2266 0.1445337415486669
 991 13400 2276 0.14519009951518244
 992 13392 2279 0.1454278603790441
 993 13393 2282 0.14558213716108453
 994 13381 2284 0.14580274497286946
 995 13373 2287 0.14604086845466155
 996 13363 2292 0.14640689875439156
 997 13357 2302 0.14700811035187433
 998 13349 2307 0.14735564639754728
 999 13336 2316 0.14796831075900843
 1000 13327 2323 0.14843450479233228
 1001 13316 2334 0.1491373801916933
 1002 13301 2338 0.1494980497474263
 1003 13302 2341 0.14965160135523878
 1004 13295 2348 0.15009908585309722
 1005 13301 2352 0.1502587363444707
 1006 13297 2355 0.1504600051111679
 1007 13292 2365 0.15105064827233824
 1008 13281 2372 0.15153644668753594
 1009 13278 2379 0.1519448170147538
 1010 13278 2385 0.15226968013790462
 1011 13272 2389 0.15254453738586296
 1012 13266 2393 0.15281946484449838
 1013 13262 2399 0.15318306621543962
 1014 13257 2406 0.15361041945987358
 1015 13258 2419 0.1543024813420935
 1016 13252 2428 0.1548469387755102
 1017 13243 2433 0.15520540954325082
 1018 13245 2436 0.15534723550793955
 1019 13231 2445 0.15597091094667007
 1020 13221 2458 0.15677020218126156
 1021 13216 2462 0.15703533613981374
 1022 13192 2471 0.15776032688501565
 1023 13188 2478 0.1581769436997319
 1024 13185 2481 0.15836844121026428
 1025 13184 2486 0.15864709636247606
 1026 13169 2490 0.1590139855674053
 1027 13161 2495 0.15936382217680123
 1028 13149 2500 0.15975461690842865
 1029 13152 2505 0.15999233569649357
 1030 13146 2514 0.16053639846743295
 1031 13138 2519 0.16088650443890912
 1032 13134 2524 0.16119555498786564
 1033 13119 2528 0.16156451715983894
 1034 13122 2535 0.1619084115730983
 1035 13108 2539 0.1622675273215313
 1036 13095 2547 0.1628308400460299
 1037 13080 2555 0.16341541413495364
 1038 13074 2561 0.16379916853213944
 1039 13070 2567 0.16416192364264245
 1040 13056 2577 0.1648436000767607
 1041 13044 2587 0.16550444629262362
 1042 13040 2596 0.16602711690969557
 1043 13030 2603 0.1665067485447451
 1044 13026 2609 0.16686920370962585
 1045 13031 2617 0.1672418200408998
 1046 13032 2623 0.1675503034174385
 1047 13023 2627 0.1678594249201278
 1048 13019 2636 0.1683807090386458
 1049 13016 2640 0.16862544711292796
 1050 13014 2644 0.16885936901264528
 1051 13010 2648 0.16911482948013795
 1052 12992 2650 0.16941567574478966
 1053 12984 2655 0.16976788797237674
 1054 12986 2662 0.17011758691206544
 1055 12976 2675 0.17091559644751134
 1056 12964 2680 0.17131168499105087
 1057 12963 2691 0.17190494442315063
 1058 12954 2698 0.17237413749041655
 1059 12942 2705 0.17287658976161566
 1060 12933 2715 0.17350460122699388
 1061 12918 2721 0.17398810665643583
 1062 12907 2727 0.1744275297428681
 1063 12895 2737 0.17508955987717503
 1064 12882 2744 0.1756047612952771
 1065 12878 2751 0.1760189391515772
 1066 12871 2756 0.1763614257375056
 1067 12866 2768 0.17705001918894717
 1068 12859 2777 0.17760296751087234
 1069 12845 2783 0.17807780906066034
 1070 12832 2794 0.17880455650838345
 1071 12820 2800 0.1792573623559539
 1072 12812 2803 0.17950688440601986
 1073 12800 2811 0.18006533854333484
 1074 12790 2822 0.18075839098129645
 1075 12784 2834 0.1814572928672045
 1076 12774 2847 0.1822546571922412
 1077 12764 2854 0.18273786656422078
 1078 12769 2861 0.18304542546385158
 1079 12758 2869 0.18359250015997952
 1080 12750 2875 0.184
 1081 12742 2883 0.184512
 1082 12733 2889 0.18493150684931506
 1083 12725 2890 0.1850784502081332
 1084 12721 2897 0.18549110001280575
 1085 12710 2905 0.18603906500160103
 1086 12701 2914 0.18661543387768173
 1087 12695 2926 0.18731195185967608
 1088 12689 2931 0.18764404609475033
 1089 12691 2938 0.1879838761277113
 1090 12678 2948 0.18865992576475105
 1091 12667 2956 0.18920821865198745
 1092 12664 2961 0.189504
 1093 12660 2970 0.19001919385796545
 1094 12650 2981 0.19071076706544687
 1095 12644 2991 0.19130156699712184
 1096 12639 3002 0.1919314621827249
 1097 12632 3010 0.19243063546861014
 1098 12627 3021 0.19305981595092025
 1099 12619 3030 0.19362259569301551
 1100 12615 3038 0.19408420111160798
 1101 12606 3047 0.19465917076598735
 1102 12599 3055 0.19515778714705506
 1103 12590 3066 0.19583546244251404
 1104 12589 3073 0.19620738092197676
 1105 12587 3084 0.19679663071916279
 1106 12581 3095 0.19743557029854555
 1107 12580 3105 0.1979598342365317
 1108 12570 3113 0.19849518587005038
 1109 12557 3123 0.19917091836734693
 1110 12552 3133 0.19974497927956647
 1111 12541 3135 0.19998724164327636
 1112 12532 3137 0.20020422490267406
 1113 12526 3148 0.20084215898940921
 1114 12515 3158 0.20149301346264276
 1115 12512 3168 0.20204081632653062
 1116 12503 3175 0.202513075647404
 1117 12490 3182 0.20303726391015825
 1118 12475 3191 0.20368951870292354
 1119 12468 3199 0.20418714495436266
 1120 12465 3208 0.2046832131691444
 1121 12457 3215 0.2051429300663604
 1122 12444 3221 0.20561761889562719
 1123 12428 3227 0.2061322261258384
 1124 12419 3234 0.20660576247364723
 1125 12411 3244 0.2072181411689556
 1126 12397 3247 0.20755561237535158
 1127 12389 3254 0.20801636514735025
 1128 12377 3263 0.20863171355498722
 1129 12366 3274 0.20933503836317136
 1130 12353 3282 0.2099136552606332
 1131 12346 3297 0.21076519849133799
 1132 12329 3307 0.21149910463034025
 1133 12317 3322 0.21241767376430717
 1134 12304 3328 0.2128966223132037
 1135 12295 3338 0.21352267638968847
 1136 12278 3342 0.21395646606914212
 1137 12273 3349 0.21437716041479965
 1138 12268 3356 0.21479774705581156
 1139 12263 3370 0.21556962835028465
 1140 12252 3379 0.21617298957200434
 1141 12241 3386 0.21667626543802393
 1142 12226 3393 0.21723541840066585
 1143 12218 3398 0.21759733606557377
 1144 12208 3408 0.2182377049180328
 1145 12203 3417 0.21875800256081945
 1146 12193 3427 0.21939820742637645
 1147 12180 3431 0.21978092370764205
 1148 12177 3439 0.22022284836065573
 1149 12171 3443 0.22050723709491482
 1150 12166 3456 0.2212264754832928
 1151 12157 3466 0.22185239710682966
 1152 12139 3477 0.22265625
 1153 12122 3481 0.22309812215599564
 1154 12113 3487 0.22352564102564101
 1155 12115 3491 0.2236960143534538
 1156 12104 3498 0.22420202538136136
 1157 12093 3506 0.22475799730751972
 1158 12081 3511 0.22517957927142124
 1159 12079 3518 0.22555619670449445
 1160 12060 3528 0.22632794457274827
 1161 12055 3534 0.22669831291295145
 1162 12039 3546 0.2275264677574591
 1163 12022 3552 0.22807242840631822
 1164 12013 3558 0.22850170188170316
 1165 12003 3565 0.22899537512846865
 1166 11986 3572 0.22959249260830442
 1167 11968 3581 0.23030419962698565
 1168 11955 3588 0.23084346651225632
 1169 11952 3599 0.23143206224680085
 1170 11942 3607 0.23197633288314362
 1171 11934 3612 0.2323427248166731
 1172 11922 3623 0.23306529430685108
 1173 11918 3633 0.23361841682206932
 1174 11906 3642 0.23424234628248006
 1175 11895 3655 0.235048231511254
 1176 11877 3663 0.2357142857142857
 1177 11880 3677 0.23635662402776886
 1178 11869 3689 0.23711273942666153
 1179 11868 3702 0.23776493256262043
 1180 11856 3710 0.23833997173326482
 1181 11845 3719 0.23894885633513235
 1182 11844 3734 0.23969700860187443
 1183 11840 3744 0.2402464065708419
 1184 11831 3747 0.2405315188085762
 1185 11825 3758 0.24116023872168388
 1186 11826 3765 0.2414854723879161
 1187 11823 3774 0.2419696095402962
 1188 11817 3779 0.24230571941523468
 1189 11811 3789 0.2428846153846154
 1190 11802 3799 0.24351003140824307
 1191 11795 3809 0.24410407587798
 1192 11781 3823 0.24500128172263522
 1193 11764 3837 0.24594577270687776
 1194 11751 3845 0.24653757373685561
 1195 11743 3851 0.2469539566499936
 1196 11731 3860 0.2475787313193509
 1197 11727 3870 0.24812463935372187
 1198 11712 3883 0.24899006091696058
 1199 11700 3892 0.24961518727552592
 1200 11690 3905 0.2504007694773966
 1201 11673 3918 0.2512988262459111
 1202 11659 3926 0.2519088867500802
 1203 11648 3938 0.25266264596432697
 1204 11629 3946 0.25335473515248796
 1205 11625 3956 0.2538989795263462
 1206 11611 3961 0.25436681222707425
 1207 11594 3974 0.2552672147995889
 1208 11588 3978 0.25555698316844405
 1209 11583 3988 0.25611714083873865
 1210 11581 3993 0.25638885321689997
 1211 11579 4000 0.2567558893382117
 1212 11570 4017 0.25771476230191825
 1213 11561 4022 0.25810177757813
 1214 11547 4031 0.2587623571703685
 1215 11543 4036 0.2590666923422556
 1216 11529 4046 0.2597752808988764
 1217 11520 4056 0.26040061633281975
 1218 11500 4068 0.2613052415210689
 1219 11487 4076 0.2619032320246739
 1220 11478 4085 0.2624815266979374
 1221 11469 4095 0.26310717039321513
 1222 11459 4107 0.2638442759861236
 1223 11453 4120 0.2645604572015668
 1224 11448 4129 0.2650702959491558
 1225 11440 4140 0.26572528883183566
 1226 11433 4149 0.2662687716596072
 1227 11426 4158 0.26681211498973306
 1228 11418 4175 0.2677483486179696
 1229 11412 4181 0.26813313666388766
 1230 11408 4191 0.2686710686582473
 1231 11401 4199 0.26916666666666667
 1232 11390 4212 0.2699653890526856
 1233 11385 4219 0.27037938990002564
 1234 11374 4229 0.27103762097032624
 1235 11367 4241 0.27171963095848284
 1236 11351 4253 0.2725583183799026
 1237 11336 4265 0.27337991154413177
 1238 11327 4277 0.2740963855421687
 1239 11325 4287 0.2745964642582629
 1240 11314 4300 0.2753938772896119
 1241 11310 4312 0.276020996031238
 1242 11297 4323 0.2767605633802817
 1243 11292 4337 0.2774969607780408
 1244 11282 4343 0.277952
 1245 11274 4354 0.2786025083184029
 1246 11261 4368 0.27948045300403096
 1247 11248 4373 0.27994366557838807
 1248 11235 4382 0.2805916629314209
 1249 11220 4393 0.2813680906936527
 1250 11207 4403 0.2820627802690583
 1251 11202 4410 0.2824750192159877
 1252 11194 4426 0.28335467349551857
 1253 11186 4434 0.28386683738796414
 1254 11180 4447 0.28457157483842066
 1255 11168 4456 0.28520225294418844
 1256 11161 4466 0.28578741921034106
 1257 11143 4474 0.28648267913171543
 1258 11138 4486 0.28712237583205324
 1259 11128 4498 0.2878535773710483
 1260 11116 4505 0.28839382882017794
 1261 11103 4512 0.28895292987512006
 1262 11091 4515 0.2893118031526336
 1263 11084 4524 0.2898513582778062
 1264 11074 4531 0.29035565523870555
 1265 11061 4538 0.2909160843643823
 1266 11039 4546 0.29169072826435677
 1267 11026 4554 0.2922978177150193
 1268 11011 4567 0.2931698549236102
 1269 11007 4576 0.29365334017839956
 1270 10995 4590 0.2945139557266602
 1271 10986 4597 0.295000962587435
 1272 10976 4611 0.29582344261243343
 1273 10972 4618 0.29621552277100704
 1274 10962 4629 0.29690205888012317
 1275 10954 4643 0.2976854523305764
 1276 10943 4658 0.2985706044484328
 1277 10936 4670 0.29924388055875945
 1278 10931 4678 0.299698891665065
 1279 10923 4688 0.3003010697585036
 1280 10909 4698 0.30101877362721857
 1281 10898 4711 0.30181305656992763
 1282 10883 4729 0.30290801947220086
 1283 10871 4738 0.3035428278557243
 1284 10851 4747 0.3043338889601231
 1285 10835 4757 0.3050923550538738
 1286 10829 4768 0.30569981406680774
 1287 10823 4782 0.30644024351169497
 1288 10814 4794 0.30715017939518197
 1289 10801 4806 0.3079387454347408
 1290 10797 4812 0.3082836824908706
 1291 10783 4818 0.3088263572847894
 1292 10765 4831 0.30975891254167737
 1293 10754 4842 0.31046422159528086
 1294 10738 4854 0.31131349409953823
 1295 10719 4861 0.312002567394095
 1296 10708 4869 0.3125762341914361
 1297 10699 4880 0.31324218499261824
 1298 10695 4896 0.3140273234558399
 1299 10681 4902 0.31457357376628375
 1300 10664 4917 0.3155766638855016
 1301 10654 4933 0.3164816834541605
 1302 10644 4940 0.3169917864476386
 1303 10639 4954 0.31770666324632846
 1304 10633 4959 0.3180477167778348
 1305 10619 4968 0.3187271444152178
 1306 10608 4977 0.31934552454282966
 1307 10601 4988 0.31996920905766885
 1308 10589 5004 0.3209132302956455
 1309 10579 5021 0.32185897435897437
 1310 10564 5033 0.32269026094761816
 1311 10552 5045 0.32345963967429636
 1312 10533 5058 0.32441793342312875
 1313 10520 5068 0.32512188863228125
 1314 10518 5084 0.3258556595308294
 1315 10502 5093 0.3265790317409426
 1316 10491 5109 0.3275
 1317 10480 5116 0.328032828930495
 1318 10471 5130 0.3288250753156849
 1319 10454 5146 0.32987179487179485
 1320 10445 5163 0.33079190158892874
 1321 10434 5173 0.33145383481771
 1322 10420 5188 0.3323936442849821
 1323 10416 5199 0.3329490874159462
 1324 10406 5209 0.3335894972782581
 1325 10400 5221 0.33422956276806864
 1326 10391 5235 0.335018558812236
 1327 10385 5241 0.3354025342378088
 1328 10369 5249 0.3360865667819183
 1329 10356 5258 0.3367490713462277
 1330 10336 5273 0.3378179255557691
 1331 10313 5280 0.3386134804078753
 1332 10296 5291 0.3394495412844037
 1333 10285 5308 0.34040915795549287
 1334 10274 5321 0.3411991022763706
 1335 10260 5331 0.34192803540504135
 1336 10253 5345 0.3426721374535197
 1337 10234 5361 0.3437640269317089
 1338 10221 5364 0.34417709335899904
 1339 10202 5375 0.34506002439494127
 1340 10196 5379 0.34536115569823433
 1341 10185 5388 0.3459834328645733
 1342 10174 5412 0.3472346978057231
 1343 10162 5422 0.34792094455852157
 1344 10154 5433 0.3485596971835504
 1345 10141 5441 0.34918495700166857
 1346 10137 5454 0.349817202232057
 1347 10126 5464 0.35048107761385505
 1348 10114 5470 0.35100102669404515
 1349 10100 5476 0.3515665125834617
 1350 10088 5489 0.3523785067728061
 1351 10066 5501 0.35337573071240447
 1352 10048 5507 0.3540340726454516
 1353 10037 5523 0.3549485861182519
 1354 10026 5534 0.3556555269922879
 1355 10004 5547 0.35669731850041797
 1356 9986 5558 0.3575656201749871
 1357 9979 5572 0.3583049321587036
 1358 9969 5577 0.3587417985333848
 1359 9946 5590 0.3598094747682801
 1360 9938 5605 0.36061249437045617
 1361 9917 5619 0.36167610710607623
 1362 9903 5633 0.36257723995880536
 1363 9895 5647 0.363338051730794
 1364 9883 5661 0.3641919711785898
 1365 9873 5676 0.3650395523827899
 1366 9857 5686 0.3658238435308499
 1367 9849 5705 0.3667866786678668
 1368 9840 5719 0.36756860980782824
 1369 9828 5731 0.36833986760074555
 1370 9815 5742 0.36909429838657837
 1371 9805 5759 0.37002056026728347
 1372 9793 5774 0.3709128284190917
 1373 9783 5785 0.3715955806783145
 1374 9772 5799 0.3724230942136022
 1375 9754 5814 0.3734583761562179
 1376 9745 5828 0.3742374622744494
 1377 9734 5838 0.37490367325969687
 1378 9718 5847 0.375650497911982
 1379 9709 5858 0.37630885848268775
 1380 9693 5872 0.3772566655958882
 1381 9675 5886 0.3782533256217467
 1382 9659 5898 0.37912193867712285
 1383 9654 5912 0.3798021328536554
 1384 9640 5917 0.38034325384071477
 1385 9626 5926 0.3810442386831276
 1386 9618 5938 0.38171766520956546
 1387 9600 5949 0.3825969515724484
 1388 9592 5961 0.38327010866070854
 1389 9575 5980 0.38444230151076825
 1390 9559 5994 0.3853918858098116
 1391 9550 6001 0.3858915825348852
 1392 9544 6014 0.38655354158632216
 1393 9535 6026 0.3872501767238609
 1394 9526 6036 0.3878678833054877
 1395 9525 6042 0.38812873386008867
 1396 9518 6063 0.3891277838392914
 1397 9507 6077 0.3899512320328542
 1398 9492 6091 0.3908746711159597
 1399 9484 6104 0.3915832691814216
 1400 9475 6121 0.3924724288279046
 1401 9462 6135 0.3933448740142335
 1402 9454 6149 0.39409087995898223
 1403 9440 6158 0.3947942043851776
 1404 9423 6165 0.39549653579676675
 1405 9411 6175 0.39618888746310793
 1406 9391 6185 0.39708525937339495
 1407 9387 6194 0.39753545985495153
 1408 9378 6209 0.39834477449156347
 1409 9366 6224 0.39923027581783194
 1410 9350 6238 0.4001796253528355
 1411 9337 6252 0.40105202386298033
 1412 9327 6258 0.40153994225216555
 1413 9318 6268 0.40215578082894904
 1414 9306 6275 0.40273409922341313
 1415 9291 6281 0.4033521705625482
 1416 9279 6294 0.4041610479676363
 1417 9263 6307 0.4050738599871548
 1418 9246 6319 0.40597494378413107
 1419 9235 6335 0.40687219010918435
 1420 9224 6354 0.40788291179869046
 1421 9218 6375 0.40883729878791764
 1422 9207 6392 0.4097698570421181
 1423 9187 6406 0.4108253703584942
 1424 9176 6410 0.4112665212370076
 1425 9161 6423 0.4121534907597536
 1426 9144 6436 0.41309370988446725
 1427 9135 6452 0.41393468916404697
 1428 9124 6473 0.415015708149003
 1429 9108 6479 0.41566690190543404
 1430 9100 6491 0.4163299339362453
 1431 9086 6502 0.41711573004875546
 1432 9076 6510 0.41768253560887975
 1433 9061 6524 0.4186076355470003
 1434 9046 6537 0.41949560418404674
 1435 9037 6552 0.42029636281993715
 1436 9017 6566 0.42135660655842905
 1437 8995 6582 0.4225460615009309
 1438 8989 6599 0.42333846548627146
 1439 8983 6611 0.42394510709247146
 1440 8970 6627 0.42488940180804
 1441 8957 6641 0.42575971278369024
 1442 8950 6657 0.42653937335810854
 1443 8944 6677 0.427437423980539
 1444 8935 6695 0.42834293026231607
 1445 8922 6699 0.4288457845208373
 1446 8904 6723 0.4302169322326742
 1447 8891 6732 0.4309031556039173
 1448 8883 6740 0.431415221148307
 1449 8870 6749 0.43210192714002177
 1450 8849 6758 0.43301082847440253
 1451 8836 6782 0.4342425406582149
 1452 8823 6800 0.4352557127312296
 1453 8805 6815 0.43629961587708066
 1454 8789 6828 0.437215854517513
 1455 8784 6840 0.4377880184331797
 1456 8764 6856 0.43892445582586426
 1457 8747 6875 0.4400844962232749
 1458 8734 6886 0.44084507042253523
 1459 8723 6894 0.4414420183133764
 1460 8707 6906 0.44232370460513676
 1461 8692 6920 0.4432487829874456
 1462 8678 6935 0.44418113110869145
 1463 8663 6943 0.4448929898756888
 1464 8652 6955 0.44563336964182737
 1465 8643 6963 0.4461745482506728
 1466 8634 6973 0.44678669827641443
 1467 8618 6983 0.44759951285174027
 1468 8597 6994 0.44859213648900004
 1469 8581 7009 0.4495830660679923
 1470 8570 7014 0.4500770020533881
 1471 8556 7022 0.45076389780459625
 1472 8538 7039 0.451884188226231
 1473 8527 7053 0.45269576379974324
 1474 8510 7071 0.4538219626468134
 1475 8490 7088 0.4550006419309282
 1476 8482 7102 0.4557238193018481
 1477 8471 7116 0.45653429139667673
 1478 8454 7130 0.45752053388090347
 1479 8443 7142 0.45826114854026306
 1480 8426 7149 0.4590048154093098
 1481 8406 7167 0.4602196108649586
 1482 8395 7183 0.4610989857491334
 1483 8376 7197 0.4621460219610865
 1484 8361 7206 0.46290229331277705
 1485 8347 7221 0.4638360739979445
 1486 8326 7238 0.46504754561809303
 1487 8316 7255 0.4659302549611457
 1488 8307 7272 0.4667822068168689
 1489 8288 7285 0.4677968278430617
 1490 8283 7295 0.4682886121453332
 1491 8275 7308 0.4689725983443496
 1492 8250 7328 0.4704069842084992
 1493 8234 7343 0.4714001412338705
 1494 8224 7346 0.4718047527296082
 1495 8206 7362 0.47289311408016443
 1496 8189 7384 0.47415398446028384
 1497 8176 7402 0.4751572730774169
 1498 8165 7417 0.4759979463483507
 1499 8151 7426 0.47672850998266675
 1500 8136 7437 0.4775573107301098
 1501 8129 7447 0.4781073446327684
 1502 8121 7462 0.4788551626772765
 1503 8117 7476 0.47944590521387803
 1504 8102 7488 0.48030788967286725
 1505 8091 7500 0.4810467577448528
 1506 8077 7514 0.4819447116926432
 1507 8067 7528 0.48271882013465855
 1508 8057 7545 0.48359184719907705
 1509 8051 7558 0.4842078288167083
 1510 8035 7571 0.4851339228501858
 1511 8030 7585 0.4857508805635607
 1512 8024 7592 0.48616803278688525
 1513 8013 7604 0.4869052955113018
 1514 7998 7618 0.4878329918032787
 1515 7987 7634 0.4887011074835158
 1516 7970 7649 0.4897240540367501
 1517 7959 7675 0.4909172316745555
 1518 7946 7687 0.49171624128446234
 1519 7924 7698 0.49276661118934834
 1520 7909 7712 0.49369438576275526
 1521 7897 7727 0.49455965181771633
 1522 7887 7738 0.495232
 1523 7878 7743 0.49567889379681196
 1524 7873 7754 0.4961924873616177
 1525 7864 7771 0.49702590342181
 1526 7845 7784 0.49804849958410646
 1527 7832 7798 0.49891234804862444
 1528 7821 7819 0.49993606138107416
 1529 7807 7835 0.5008950262114819
 1530 7800 7848 0.5015337423312883
 1531 7785 7861 0.5024287357791128
 1532 7777 7882 0.5033527045149754
 1533 7761 7894 0.5042478441392526
 1534 7744 7904 0.5051124744376279
 1535 7730 7912 0.5058176703746324
 1536 7719 7924 0.5065524515757847
 1537 7698 7934 0.5075486182190379
 1538 7685 7951 0.5085060117677155
 1539 7676 7971 0.5094267271681473
 1540 7661 7981 0.5102288709883647
 1541 7640 7997 0.5114152331009785
 1542 7628 8004 0.5120266120777891
 1543 7617 8018 0.5128237927726256
 1544 7603 8038 0.5139057605012467
 1545 7588 8054 0.514895793376806
 1546 7571 8067 0.5158588054738458
 1547 7556 8084 0.5168797953964195
 1548 7541 8091 0.5175921187308086
 1549 7524 8100 0.5184331797235023
 1550 7510 8115 0.51936
 1551 7486 8124 0.5204356181934657
 1552 7470 8138 0.5213992824192721
 1553 7455 8144 0.5220847490223732
 1554 7433 8159 0.5232811698306824
 1555 7422 8180 0.5242917574669914
 1556 7409 8199 0.5253075345976422
 1557 7391 8218 0.5264911269139599
 1558 7373 8246 0.5279467315449132
 1559 7362 8257 0.5286510019847621
 1560 7362 8264 0.5288621528222194
 1561 7348 8271 0.5295473461809335
 1562 7336 8291 0.530556088820631
 1563 7320 8305 0.53152
 1564 7313 8312 0.531968
 1565 7296 8320 0.5327868852459017
 1566 7278 8337 0.533909702209414
 1567 7261 8356 0.5350579496702311
 1568 7247 8371 0.535984120886157
 1569 7237 8390 0.5368912779164267
 1570 7222 8398 0.5376440460947504
 1571 7199 8413 0.5388803484499103
 1572 7183 8434 0.5400525068835244
 1573 7174 8448 0.5407758289591602
 1574 7164 8456 0.5413572343149808
 1575 7151 8468 0.5421601895127729
 1576 7133 8481 0.5431663891379531
 1577 7108 8488 0.5442421133624006
 1578 7099 8500 0.5449067247900506
 1579 7082 8519 0.546054740080764
 1580 7069 8532 0.5468880199987181
 1581 7053 8545 0.5478266444415951
 1582 7042 8564 0.5487632961681405
 1583 7030 8579 0.549618809661093
 1584 7019 8595 0.5504675291405149
 1585 7011 8612 0.5512385585354925
 1586 6991 8635 0.5526046333034685
 1587 6977 8646 0.5534148370991487
 1588 6964 8653 0.5540756867516168
 1589 6944 8664 0.5550999487442337
 1590 6927 8675 0.5560184591719011
 1591 6911 8686 0.5569019683272424
 1592 6892 8699 0.5579500994163299
 1593 6884 8715 0.5586896595935636
 1594 6873 8727 0.5594230769230769
 1595 6859 8739 0.5602641364277472
 1596 6841 8750 0.5612212173689949
 1597 6834 8767 0.5619511569771168
 1598 6810 8787 0.5633775726101173
 1599 6799 8810 0.564417963995131
 1600 6782 8819 0.5652842766489328
 1601 6770 8833 0.5661090815868743
 1602 6753 8851 0.5672263522173802
 1603 6733 8860 0.5682036811389726
 1604 6717 8876 0.5692297825947541
 1605 6701 8893 0.5702834423496217
 1606 6677 8912 0.5716851626146642
 1607 6656 8922 0.5727307741686994
 1608 6648 8936 0.5734086242299795
 1609 6636 8947 0.574151318744786
 1610 6612 8957 0.5753099107200206
 1611 6606 8972 0.5759404288098601
 1612 6593 8990 0.5769107360585253
 1613 6580 9003 0.577744978502214
 1614 6559 9023 0.5790655884995508
 1615 6536 9043 0.580460876821362
 1616 6522 9053 0.5812520064205458
 1617 6504 9061 0.582139415354963
 1618 6484 9077 0.5833172675277939
 1619 6473 9094 0.5841844928374125
 1620 6456 9108 0.5851966075558982
 1621 6434 9125 0.5864772800308503
 1622 6415 9131 0.5873536601054934
 1623 6402 9155 0.5884810696149643
 1624 6393 9172 0.5892707998715065
 1625 6360 9182 0.5907862565950328
 1626 6351 9188 0.5912864405688911
 1627 6332 9198 0.592273019961365
 1628 6316 9210 0.59319850573232
 1629 6296 9231 0.594512784182392
 1630 6285 9247 0.5953515323203709
 1631 6270 9260 0.5962652929813265
 1632 6253 9271 0.597204328781242
 1633 6237 9282 0.5981055480378891
 1634 6228 9302 0.5989697359948487
 1635 6216 9311 0.5996650995040896
 1636 6201 9324 0.6005797101449275
 1637 6188 9338 0.6014427412082958
 1638 6172 9351 0.6023964439863428
 1639 6155 9360 0.6032871414759909
 1640 6140 9371 0.6041518922055316
 1641 6131 9380 0.6047321255882921
 1642 6108 9395 0.606011739663291
 1643 6103 9411 0.6066133814619054
 1644 6088 9425 0.6075549539096242
 1645 6078 9436 0.6082248291865412
 1646 6066 9451 0.6090739189276277
 1647 6050 9466 0.6100799175045115
 1648 6034 9481 0.6110860457621656
 1649 6020 9490 0.6118633139909736
 1650 6005 9516 0.6131048257199923
 1651 5984 9520 0.6140350877192983
 1652 5964 9542 0.6153746936669676
 1653 5942 9553 0.6165214585350113
 1654 5923 9572 0.6177476605356567
 1655 5904 9596 0.6190967741935484
 1656 5895 9610 0.6198000644953241
 1657 5880 9624 0.6207430340557275
 1658 5860 9645 0.6220574008384392
 1659 5847 9657 0.6228715170278638
 1660 5836 9674 0.6237266279819471
 1661 5831 9687 0.6242428147957211
 1662 5813 9709 0.6254992913284371
 1663 5802 9719 0.6261838799046453
 1664 5786 9731 0.6271186440677966
 1665 5769 9749 0.6282381750225544
 1666 5750 9764 0.629367023333763
 1667 5737 9785 0.6303955675814973
 1668 5718 9801 0.6315484245118886
 1669 5709 9811 0.6321520618556701
 1670 5697 9829 0.6330671132294217
 1671 5681 9846 0.6341212082179429
 1672 5659 9859 0.6353267173604846
 1673 5649 9872 0.6360414921718961
 1674 5634 9892 0.6371248228777534
 1675 5629 9895 0.6374001545993301
 1676 5617 9906 0.6381498421696837
 1677 5603 9920 0.6390517296914257
 1678 5591 9930 0.6397783647960827
 1679 5573 9948 0.6409380838863475
 1680 5567 9968 0.6416478918570969
 1681 5556 9979 0.6423559703894431
 1682 5540 9997 0.6434318079423312
 1683 5525 10007 0.6442827710533093
 1684 5501 10012 0.6453941855218204
 1685 5479 10025 0.6466073271413829
 1686 5465 10034 0.6473966062326602
 1687 5448 10055 0.6485841450041927
 1688 5434 10079 0.649713143814865
 1689 5423 10095 0.6505348627400438
 1690 5406 10114 0.6516752577319588
 1691 5394 10133 0.6526051394345334
 1692 5385 10148 0.6533187407455096
 1693 5375 10167 0.6541629133959593
 1694 5359 10184 0.6552145660425915
 1695 5349 10195 0.6558800823468862
 1696 5337 10210 0.6567183379430115
 1697 5318 10223 0.6578083778392639
 1698 5303 10245 0.6589271932081296
 1699 5293 10257 0.6596141479099679
 1700 5280 10271 0.6604719953700726
 1701 5256 10282 0.6617325267087141
 1702 5244 10291 0.6624396523978114
 1703 5232 10306 0.6632771270433775
 1704 5222 10322 0.6640504374678332
 1705 5209 10342 0.6650376181596039
 1706 5186 10362 0.6664522768201698
 1707 5169 10380 0.6675670461122902
 1708 5157 10404 0.6685945633314054
 1709 5146 10416 0.6693227091633466
 1710 5137 10435 0.670113023375289
 1711 5113 10453 0.6715276885519722
 1712 5096 10471 0.6726408428085052
 1713 5080 10483 0.6735847844245968
 1714 5063 10502 0.6747189206553165
 1715 5045 10513 0.6757295282169945
 1716 5033 10521 0.6764176417641764
 1717 5020 10538 0.6773364185627972
 1718 5008 10553 0.6781697834329413
 1719 4993 10567 0.6791131105398458
 1720 4980 10583 0.6800102807941913
 1721 4972 10597 0.6806474404264885
 1722 4959 10610 0.6814824330400154
 1723 4947 10628 0.6823756019261638
 1724 4935 10641 0.6831664098613252
 1725 4924 10658 0.6839943524579644
 1726 4905 10673 0.6851328797021441
 1727 4889 10696 0.6863009303817773
 1728 4877 10717 0.6872515069898679
 1729 4863 10730 0.6881292887834285
 1730 4852 10751 0.6890341600974171
 1731 4835 10760 0.6899647322859891
 1732 4822 10772 0.6907785045530332
 1733 4811 10790 0.6916223319018011
 1734 4798 10808 0.6925541458413431
 1735 4782 10821 0.6935204768313786
 1736 4767 10834 0.6944426639317992
 1737 4747 10840 0.6954513376531725
 1738 4736 10851 0.6961570539552191
 1739 4726 10863 0.6968375136314068
 1740 4706 10874 0.6979460847240051
 1741 4693 10888 0.6987998202939477
 1742 4680 10903 0.6996727202720914
 1743 4668 10918 0.7005004491210061
 1744 4650 10918 0.7013103802672148
 1745 4639 10932 0.7020743690193308
 1746 4625 10949 0.7030306921792732
 1747 4617 10958 0.7035634028892456
 1748 4606 10967 0.704231683041161
 1749 4601 10989 0.7048749198203977
 1750 4598 11002 0.7052564102564103
 1751 4590 11010 0.7057692307692308
 1752 4578 11018 0.7064631956912029
 1753 4561 11040 0.7076469457086084
 1754 4540 11056 0.7088997178763785
 1755 4530 11068 0.7095781510450058
 1756 4519 11076 0.7102276370631613
 1757 4506 11087 0.7110241775155518
 1758 4487 11100 0.7121319047924553
 1759 4474 11122 0.7131315721979995
 1760 4468 11135 0.7136448118951484
 1761 4446 11146 0.7148537711646998
 1762 4433 11162 0.7157422250721385
 1763 4419 11173 0.7165854284248332
 1764 4407 11200 0.717626705965272
 1765 4388 11208 0.7186458066170813
 1766 4378 11221 0.7193409833963715
 1767 4368 11225 0.7198743025716667
 1768 4353 11227 0.7206033376123235
 1769 4343 11242 0.7213346166185435
 1770 4334 11252 0.7219299371230592
 1771 4318 11262 0.7228498074454429
 1772 4307 11282 0.7237154403746231
 1773 4300 11301 0.7243766425229152
 1774 4293 11316 0.7249663655583317
 1775 4277 11325 0.7258684784002051
 1776 4259 11347 0.7270921440471614
 1777 4254 11361 0.7275696445725264
 1778 4249 11371 0.72797695262484
 1779 4241 11391 0.7286975435005117
 1780 4229 11403 0.7294651995905834
 1781 4220 11412 0.7300409416581372
 1782 4203 11416 0.7309046673922787
 1783 4183 11431 0.7320993979761752
 1784 4164 11441 0.7331624479333547
 1785 4150 11451 0.7339914108069996
 1786 4137 11466 0.7348586810228802
 1787 4125 11482 0.735695521240469
 1788 4110 11498 0.7366735007688365
 1789 4098 11500 0.7372740094883959
 1790 4093 11516 0.7377794861938625
 1791 4084 11530 0.7384398616626104
 1792 4076 11544 0.7390524967989757
 1793 4065 11561 0.7398566491744528
 1794 4060 11573 0.7402929699993603
 1795 4044 11591 0.74134953629677
 1796 4031 11604 0.7421810041573393
 1797 4026 11613 0.7425666602723959
 1798 4017 11630 0.7432734709528983
 1799 4004 11645 0.7441370055594607
 1800 3984 11663 0.7453825014379754
 1801 3968 11680 0.7464212678936605
 1802 3954 11696 0.7473482428115016
 1803 3934 11710 0.7485297877780619
 1804 3922 11713 0.7491525423728813
 1805 3914 11731 0.7498242249920102
 1806 3897 11734 0.7506877359094107
 1807 3884 11750 0.7515670973519253
 1808 3873 11772 0.7524448705656759
 1809 3857 11783 0.753388746803069
 1810 3842 11798 0.7543478260869565
 1811 3832 11817 0.7551281232027606
 1812 3819 11828 0.7559276538633604
 1813 3815 11840 0.7563078888534015
 1814 3807 11857 0.7569586312563841
 1815 3800 11867 0.7574519691070403
 1816 3785 11877 0.7583322691865663
 1817 3775 11882 0.7588937855272402
 1818 3764 11898 0.7596730941131401
 1819 3745 11908 0.7607487382610362
 1820 3732 11918 0.7615335463258786
 1821 3718 11933 0.762443294358188
 1822 3711 11947 0.7629965512836888
 1823 3696 11957 0.763879128601546
 1824 3684 11972 0.7646908533469596
 1825 3668 11990 0.7657427513092349
 1826 3653 12001 0.7666411140922448
 1827 3643 12013 0.7673096576392437
 1828 3633 12033 0.7680965147453083
 1829 3622 12044 0.768798672283927
 1830 3608 12062 0.769751116783663
 1831 3596 12062 0.7703410397241027
 1832 3576 12078 0.7715599846684553
 1833 3564 12091 0.7723411050782497
 1834 3555 12100 0.7729160012775471
 1835 3545 12116 0.7736415299150756
 1836 3528 12133 0.7747270289253559
 1837 3504 12147 0.7761165420739888
 1838 3498 12166 0.776685393258427
 1839 3491 12182 0.7772602564920564
 1840 3483 12198 0.7778840635163574
 1841 3467 12211 0.7788620997576221
 1842 3460 12219 0.7793226608839849
 1843 3453 12225 0.779755070799847
 1844 3441 12236 0.7805064744530203
 1845 3428 12237 0.781168209383977
 1846 3417 12257 0.7819956616052061
 1847 3402 12264 0.7828418230563002
 1848 3392 12278 0.783535417996171
 1849 3384 12298 0.7842111975513327
 1850 3365 12316 0.7854090938077929
 1851 3353 12326 0.7861470757063588
 1852 3336 12332 0.7870819504723002
 1853 3322 12347 0.7879890229114813
 1854 3307 12354 0.788838516059
 1855 3294 12362 0.7896014307613695
 1856 3285 12372 0.7901896915117839
 1857 3271 12372 0.790896886786422
 1858 3261 12385 0.7915761216924454
 1859 3250 12396 0.792279176786399
 1860 3240 12412 0.7929976999744441
 1861 3233 12420 0.793458123043506
 1862 3222 12437 0.7942397343380804
 1863 3203 12452 0.7954008304056213
 1864 3187 12463 0.7963578274760383
 1865 3174 12486 0.7973180076628352
 1866 3164 12497 0.7979694783219462
 1867 3150 12506 0.7987991824220746
 1868 3136 12516 0.7996422182468694
 1869 3129 12522 0.8000766724170979
 1870 3117 12534 0.8008433965880775
 1871 3105 12548 0.8016354692391235
 1872 3103 12556 0.801839197905358
 1873 3087 12568 0.8028106036410093
 1874 3068 12575 0.8038739372243175
 1875 3061 12590 0.804421442719315
 1876 3047 12595 0.8052039381153305
 1877 3036 12608 0.8059319867041678
 1878 3028 12617 0.8064557366570789
 1879 3017 12618 0.8070354972817397
 1880 3006 12618 0.8076036866359447
 1881 2992 12631 0.808487486398259
 1882 2980 12634 0.8091456385295248
 1883 2978 12641 0.80933478455727
 1884 2965 12649 0.8101063148456513
 1885 2945 12658 0.8112542459783375
 1886 2936 12672 0.8118913377754997
 1887 2929 12684 0.8123999231409723
 1888 2919 12700 0.8131122350982778
 1889 2911 12714 0.813696
 1890 2896 12731 0.8146797209957125
 1891 2882 12745 0.8155756063223908
 1892 2875 12757 0.816082395087001
 1893 2862 12762 0.8168202764976958
 1894 2852 12778 0.817530390275112
 1895 2842 12785 0.8181352786843284
 1896 2831 12802 0.8189087187360071
 1897 2824 12814 0.8194142473462079
 1898 2809 12833 0.8204193837105229
 1899 2799 12842 0.8210472476184387
 1900 2787 12856 0.8218372434954931
 1901 2772 12866 0.8227394807520143
 1902 2764 12877 0.8232849562048462
 1903 2755 12887 0.823871627669096
 1904 2741 12902 0.8247778559099916
 1905 2732 12914 0.8253866803016745
 1906 2724 12928 0.8259647329414771
 1907 2710 12944 0.8268813082918104
 1908 2701 12952 0.827445218169041
 1909 2685 12964 0.8284235414403476
 1910 2682 12975 0.8287028166315387
 1911 2669 12980 0.8294459709885615
 1912 2660 12992 0.8300536672629696
 1913 2653 13004 0.8305550233122565
 1914 2639 13015 0.8314168902516929
 1915 2624 13025 0.8323215540929133
 1916 2611 13037 0.8331416155419223
 1917 2596 13047 0.8340471776513456
 1918 2588 13059 0.8346008819582028
 1919 2578 13070 0.8352505112474438
 1920 2567 13077 0.8359115315776017
 1921 2558 13084 0.83646592507352
 1922 2547 13094 0.8371587494405729
 1923 2537 13102 0.8377773514930622
 1924 2520 13108 0.8387509598157153
 1925 2511 13122 0.8393782383419689
 1926 2499 13131 0.8401151631477927
 1927 2489 13139 0.8407345789608395
 1928 2477 13144 0.8414314064400487
 1929 2469 13159 0.8420143332480163
 1930 2456 13172 0.8428461735346814
 1931 2446 13179 0.843456
 1932 2441 13183 0.8437660010240655
 1933 2425 13188 0.8446807147889579
 1934 2416 13195 0.8452373326500544
 1935 2407 13200 0.8457743320304991
 1936 2395 13207 0.8464940392257403
 1937 2389 13208 0.8468295184971469
 1938 2388 13216 0.8469623173545244
 1939 2382 13218 0.8473076923076923
 1940 2376 13238 0.847828871525554
 1941 2368 13251 0.8483897816761636
 1942 2353 13268 0.8493694385762756
 1943 2342 13274 0.8500256147540983
 1944 2336 13279 0.8504002561639449
 1945 2325 13288 0.8510856337667329
 1946 2312 13293 0.8518423582185197
 1947 2308 13299 0.8521176395207278
 1948 2303 13304 0.8524380085858909
 1949 2291 13310 0.8531504390744183
 1950 2280 13310 0.8537524053880693
 1951 2268 13325 0.8545501186429808
 1952 2255 13322 0.855235282788727
 1953 2244 13326 0.8558766859344894
 1954 2235 13338 0.8564823733384704
 1955 2232 13346 0.8567210168185904
 1956 2220 13351 0.8574272686404213
 1957 2217 13353 0.8576107899807321
 1958 2208 13361 0.8581797161025114
 1959 2198 13378 0.8588854648176683
 1960 2190 13382 0.8593629591574621
 1961 2186 13400 0.8597459258308738
 1962 2178 13405 0.8602323044343194
 1963 2167 13413 0.8609114249037227
 1964 2161 13422 0.8613232368606815
 1965 2156 13434 0.8617062219371392
 1966 2145 13442 0.8623853211009175
 1967 2136 13455 0.862997883394266
 1968 2130 13478 0.8635315222962583
 1969 2124 13491 0.8639769452449567
 1970 2117 13507 0.8645033282130057
 1971 2109 13513 0.8649980796312892
 1972 2101 13524 0.865536
 1973 2096 13535 0.8659074915232551
 1974 2096 13538 0.8659332224638608
 1975 2081 13533 0.8667221724093762
 1976 2072 13545 0.867324069923801
 1977 2066 13551 0.8677082666325159
 1978 2056 13551 0.8682642404049465
 1979 2053 13560 0.8685070133862807
 1980 2043 13562 0.8690804229413649
 1981 2031 13561 0.8697408927655208
 1982 2025 13568 0.8701340345026615
 1983 2015 13581 0.8708002051808156
 1984 2001 13597 0.8717143223490191
 1985 1987 13610 0.8726037058408669
 1986 1979 13613 0.8730759363776296
 1987 1976 13615 0.8732602142261561
 1988 1973 13617 0.8734445157152021
 1989 1967 13634 0.8739183385680405
 1990 1959 13637 0.874390869453706
 1991 1952 13644 0.8748397024878174
 1992 1940 13645 0.8755213346166185
 1993 1934 13666 0.8760256410256411
 1994 1926 13673 0.876530546829925
 1995 1922 13680 0.8768106652993206
 1996 1914 13689 0.8773312824456835
 1997 1909 13707 0.8777535860655737
 1998 1904 13707 0.8780347191083211
 1999 1896 13712 0.8785238339313173
 2000 1888 13720 0.8790363915940543
 2001 1881 13722 0.8794462603345511
 2002 1877 13729 0.8797257465077535
 2003 1868 13739 0.8803101172550778
 2004 1860 13745 0.8808074335148991
 2005 1853 13762 0.8813320525136087
 2006 1846 13766 0.8817576223417883
 2007 1836 13776 0.8823981552651806
 2008 1827 13790 0.8830121021963245
 2009 1814 13798 0.8838073276966436
 2010 1808 13801 0.8841693894548017
 2011 1801 13812 0.8846474092102735
 2012 1796 13813 0.8849381766929335
 2013 1791 13815 0.8852364475201846
 2014 1788 13819 0.8854360222976869
 2015 1782 13838 0.8859154929577465
 2016 1775 13845 0.8863636363636364
 2017 1770 13853 0.8867054983037829
 2018 1762 13870 0.8872824974411464
 2019 1751 13880 0.8879790160578338
 2020 1743 13883 0.8884551388711123
 2021 1735 13885 0.8889244558258643
 2022 1722 13892 0.8897143589086717
 2023 1708 13907 0.890617995517131
 2024 1705 13917 0.8908590449366278
 2025 1696 13934 0.8914907229686501
 2026 1689 13947 0.8919800460475825
 2027 1680 13954 0.89254189586798
 2028 1670 13964 0.8931815274401944
 2029 1661 13973 0.8937571958551874
 2030 1658 13980 0.8939762117917892
 2031 1650 13980 0.8944337811900192
 2032 1647 13990 0.8946728912195434
 2033 1641 13991 0.8950230296827022
 2034 1630 13987 0.8956265607991292
 2035 1622 13985 0.8960722752611008
 2036 1615 13994 0.8965340508680889
 2037 1610 14008 0.8969138173901908
 2038 1601 14012 0.8974572471658233
 2039 1592 14012 0.8979748782363497
 2040 1587 14013 0.8982692307692308
 2041 1582 14021 0.8986092418124719
 2042 1575 14036 0.8991096022035744
 2043 1567 14049 0.8996542008196722
 2044 1555 14067 0.9004608884905901
